face 1.0 311.0 131.0 319.0 140.0 
face 1.0 299.0 143.0 309.0 154.0 
face 1.0 284.0 150.0 293.0 163.0 
face 1.0 273.0 163.0 283.0 174.0 
face 1.0 260.0 173.0 270.0 186.0 
face 1.0 345.0 151.0 352.0 161.0 
face 1.0 370.0 161.0 379.0 173.0 
face 1.0 408.0 150.0 417.0 162.0 
face 1.0 398.0 173.0 405.0 184.0 
face 1.0 422.0 192.0 431.0 202.0 
face 1.0 384.0 205.0 393.0 217.0 
face 1.0 414.0 214.0 424.0 227.0 
face 1.0 351.0 183.0 361.0 197.0 
face 1.0 329.0 171.0 337.0 184.0 
face 1.0 309.0 203.0 319.0 215.0 
face 1.0 333.0 217.0 343.0 232.0 
face 1.0 362.0 230.0 375.0 246.0 
face 1.0 398.0 244.0 411.0 259.0 
face 1.0 339.0 265.0 353.0 280.0 
face 1.0 312.0 249.0 325.0 264.0 
face 1.0 284.0 234.0 296.0 248.0 
face 1.0 246.0 183.0 257.0 196.0 
face 1.0 233.0 198.0 245.0 214.0 
face 1.0 202.0 220.0 216.0 236.0 
face 1.0 172.0 256.0 186.0 274.0 
face 1.0 252.0 267.0 266.0 285.0 
face 1.0 288.0 289.0 300.0 308.0 
face 1.0 723.0 214.0 734.0 226.0 
face 1.0 705.0 230.0 715.0 246.0 
face 1.0 674.0 247.0 686.0 263.0 
face 1.0 764.0 230.0 776.0 244.0 
face 1.0 780.0 221.0 791.0 236.0 
face 1.0 746.0 251.0 758.0 267.0 
face 1.0 577.0 268.0 589.0 284.0 
face 1.0 647.0 265.0 659.0 283.0 
face 1.0 615.0 295.0 629.0 312.0 
face 1.0 584.0 314.0 599.0 332.0 
face 1.0 650.0 316.0 664.0 335.0 
face 1.0 688.0 293.0 703.0 314.0 
face 1.0 555.0 376.0 572.0 400.0 
face 1.0 612.0 382.0 628.0 402.0 
face 1.0 662.0 379.0 681.0 400.0 
face 1.0 692.0 352.0 708.0 371.0 
face 1.0 715.0 270.0 727.0 289.0 
face 1.0 785.0 273.0 799.0 290.0 
face 1.0 769.0 293.0 783.0 311.0 
face 1.0 727.0 311.0 743.0 330.0 
face 1.0 833.0 299.0 847.0 315.0 
face 1.0 805.0 322.0 820.0 341.0 
face 1.0 766.0 350.0 781.0 368.0 
face 1.0 727.0 381.0 745.0 404.0 
face 1.0 784.0 380.0 802.0 402.0 
face 1.0 845.0 371.0 864.0 395.0 
face 1.0 855.0 354.0 872.0 376.0 
face 1.0 731.0 181.0 740.0 192.0 
face 1.0 773.0 126.0 782.0 139.0 
face 1.0 780.0 138.0 790.0 151.0 
face 1.0 789.0 149.0 800.0 161.0 
face 1.0 804.0 156.0 813.0 170.0 
face 1.0 824.0 178.0 835.0 194.0 
face 1.0 833.0 202.0 847.0 218.0 
face 1.0 802.0 252.0 815.0 267.0 
face 1.0 848.0 225.0 861.0 240.0 
face 1.0 872.0 246.0 886.0 261.0 
face 1.0 893.0 266.0 905.0 283.0 
face 1.0 912.0 290.0 926.0 309.0 
face 1.0 905.0 384.0 922.0 405.0 
face 1.0 623.0 347.0 638.0 365.0 
face 1.0 317.0 305.0 332.0 323.0 
face 1.0 352.0 343.0 366.0 362.0 
face 1.0 307.0 370.0 324.0 394.0 
face 1.0 257.0 346.0 272.0 361.0 
face 1.0 226.0 317.0 239.0 336.0 
face 1.0 248.0 370.0 267.0 390.0 
face 1.0 196.0 374.0 212.0 393.0 
face 1.0 152.0 382.0 170.0 402.0 
face 1.0 139.0 275.0 154.0 292.0 
face 1.0 114.0 299.0 130.0 320.0 
face 1.0 90.0 322.0 108.0 349.0 
face 1.0 436.0 164.0 444.0 177.0 
face 1.0 463.0 147.0 472.0 159.0 
face 1.0 490.0 163.0 498.0 174.0 
face 1.0 522.0 146.0 530.0 157.0 
face 1.0 512.0 172.0 521.0 183.0 
face 1.0 486.0 190.0 496.0 203.0 
face 1.0 457.0 174.0 465.0 186.0 
face 1.0 449.0 203.0 459.0 214.0 
face 1.0 476.0 215.0 486.0 226.0 
face 1.0 505.0 202.0 516.0 215.0 
face 1.0 542.0 187.0 552.0 200.0 
face 1.0 541.0 208.0 551.0 222.0 
face 1.0 505.0 233.0 515.0 247.0 
face 1.0 442.0 233.0 455.0 251.0 
face 1.0 466.0 250.0 478.0 266.0 
face 1.0 501.0 264.0 513.0 280.0 
face 1.0 538.0 252.0 550.0 269.0 
face 1.0 423.0 268.0 435.0 284.0 
face 1.0 370.0 290.0 381.0 308.0 
face 1.0 405.0 309.0 420.0 328.0 
face 1.0 370.0 369.0 386.0 390.0 
face 1.0 452.0 341.0 468.0 361.0 
face 1.0 428.0 373.0 447.0 396.0 
face 1.0 494.0 366.0 510.0 390.0 
face 1.0 571.0 151.0 580.0 161.0 
face 1.0 550.0 167.0 558.0 177.0 
face 1.0 569.0 173.0 580.0 183.0 
face 1.0 599.0 166.0 608.0 176.0 
face 1.0 629.0 154.0 638.0 164.0 
face 1.0 659.0 165.0 667.0 175.0 
face 1.0 628.0 178.0 637.0 190.0 
face 1.0 654.0 189.0 663.0 201.0 
face 1.0 630.0 199.0 641.0 213.0 
face 1.0 599.0 189.0 609.0 201.0 
face 1.0 567.0 200.0 577.0 214.0 
face 1.0 569.0 234.0 580.0 247.0 
face 1.0 606.0 210.0 616.0 223.0 
face 1.0 606.0 242.0 619.0 259.0 
face 1.0 641.0 235.0 652.0 248.0 
face 1.0 665.0 210.0 675.0 225.0 
face 1.0 458.0 290.0 472.0 306.0 
face 1.0 502.0 313.0 515.0 334.0 
face 1.0 541.0 296.0 555.0 313.0 
face 1.0 539.0 346.0 553.0 366.0 
face 1.0 678.0 155.0 686.0 165.0 
face 1.0 717.0 154.0 727.0 167.0 
face 1.0 739.0 161.0 748.0 174.0 
face 1.0 705.0 167.0 714.0 178.0 
face 1.0 683.0 182.0 691.0 193.0 
face 1.0 713.0 192.0 723.0 204.0 
face 1.0 690.0 200.0 701.0 214.0 
face 1.0 758.0 189.0 767.0 203.0 
face 1.0 745.0 204.0 755.0 215.0 
