face 1.0 49.0 440.0 62.0 455.0 
face 1.0 29.0 471.0 43.0 489.0 
face 1.0 32.0 129.0 38.0 136.0 
face 1.0 92.0 104.0 98.0 113.0 
face 1.0 181.0 76.0 187.0 84.0 
face 1.0 256.0 92.0 263.0 101.0 
face 1.0 239.0 145.0 246.0 154.0 
face 1.0 170.0 119.0 176.0 127.0 
face 1.0 57.0 191.0 63.0 199.0 
face 1.0 264.0 137.0 271.0 146.0 
face 1.0 290.0 129.0 298.0 138.0 
face 1.0 264.0 169.0 271.0 177.0 
face 1.0 292.0 169.0 298.0 178.0 
face 1.0 308.0 160.0 316.0 170.0 
face 1.0 235.0 187.0 242.0 197.0 
face 1.0 198.0 159.0 206.0 168.0 
face 1.0 217.0 157.0 223.0 165.0 
face 1.0 267.0 203.0 275.0 213.0 
face 1.0 284.0 197.0 292.0 207.0 
face 1.0 189.0 191.0 196.0 200.0 
face 1.0 163.0 203.0 171.0 213.0 
face 1.0 273.0 60.0 279.0 68.0 
face 1.0 434.0 56.0 440.0 63.0 
face 1.0 471.0 80.0 477.0 89.0 
face 1.0 485.0 110.0 491.0 118.0 
face 1.0 464.0 108.0 470.0 117.0 
face 1.0 442.0 96.0 448.0 104.0 
face 1.0 373.0 34.0 379.0 43.0 
face 1.0 354.0 79.0 359.0 86.0 
face 1.0 411.0 104.0 418.0 112.0 
face 1.0 386.0 106.0 393.0 115.0 
face 1.0 445.0 127.0 451.0 135.0 
face 1.0 423.0 126.0 430.0 136.0 
face 1.0 403.0 134.0 410.0 144.0 
face 1.0 359.0 117.0 365.0 125.0 
face 1.0 452.0 143.0 458.0 152.0 
face 1.0 488.0 133.0 494.0 142.0 
face 1.0 466.0 143.0 473.0 151.0 
face 1.0 433.0 147.0 442.0 156.0 
face 1.0 366.0 140.0 372.0 148.0 
face 1.0 385.0 142.0 391.0 150.0 
face 1.0 852.0 401.0 859.0 411.0 
face 1.0 326.0 116.0 333.0 125.0 
face 1.0 329.0 151.0 335.0 159.0 
face 1.0 393.0 163.0 400.0 170.0 
face 1.0 372.0 170.0 379.0 179.0 
face 1.0 344.0 174.0 351.0 183.0 
face 1.0 417.0 155.0 424.0 163.0 
face 1.0 426.0 175.0 434.0 184.0 
face 1.0 401.0 194.0 408.0 202.0 
face 1.0 375.0 230.0 382.0 240.0 
face 1.0 495.0 162.0 503.0 171.0 
face 1.0 461.0 170.0 467.0 178.0 
face 1.0 512.0 186.0 519.0 196.0 
face 1.0 474.0 197.0 480.0 204.0 
face 1.0 514.0 212.0 521.0 221.0 
face 1.0 485.0 218.0 492.0 225.0 
face 1.0 463.0 223.0 469.0 232.0 
face 1.0 445.0 209.0 452.0 217.0 
face 1.0 499.0 15.0 504.0 21.0 
face 1.0 586.0 23.0 591.0 30.0 
face 1.0 508.0 96.0 514.0 105.0 
face 1.0 563.0 94.0 570.0 102.0 
face 1.0 527.0 38.0 531.0 45.0 
face 1.0 703.0 28.0 708.0 36.0 
face 1.0 749.0 16.0 754.0 23.0 
face 1.0 721.0 11.0 727.0 19.0 
face 1.0 666.0 13.0 671.0 20.0 
face 1.0 677.0 25.0 683.0 32.0 
face 1.0 655.0 24.0 660.0 32.0 
face 1.0 641.0 9.0 648.0 18.0 
face 1.0 628.0 16.0 634.0 24.0 
face 1.0 606.0 9.0 612.0 17.0 
face 1.0 618.0 56.0 624.0 63.0 
face 1.0 623.0 96.0 628.0 104.0 
face 1.0 602.0 115.0 609.0 123.0 
face 1.0 668.0 112.0 674.0 119.0 
face 1.0 746.0 114.0 752.0 122.0 
face 1.0 706.0 117.0 712.0 126.0 
face 1.0 683.0 93.0 690.0 101.0 
face 1.0 648.0 139.0 655.0 147.0 
face 1.0 778.0 126.0 785.0 136.0 
face 1.0 767.0 139.0 774.0 149.0 
face 1.0 726.0 134.0 734.0 144.0 
face 1.0 687.0 138.0 694.0 147.0 
face 1.0 740.0 96.0 748.0 105.0 
face 1.0 711.0 54.0 718.0 61.0 
face 1.0 969.0 88.0 975.0 98.0 
face 1.0 909.0 55.0 915.0 63.0 
face 1.0 853.0 55.0 859.0 63.0 
face 1.0 879.0 159.0 886.0 169.0 
face 1.0 842.0 152.0 849.0 162.0 
face 1.0 810.0 150.0 817.0 160.0 
face 1.0 941.0 104.0 948.0 114.0 
face 1.0 957.0 119.0 963.0 128.0 
face 1.0 911.0 85.0 918.0 94.0 
face 1.0 865.0 98.0 872.0 107.0 
face 1.0 852.0 78.0 859.0 87.0 
face 1.0 778.0 50.0 784.0 59.0 
face 1.0 785.0 69.0 791.0 77.0 
face 1.0 789.0 93.0 796.0 101.0 
face 1.0 910.0 128.0 917.0 136.0 
face 1.0 880.0 130.0 887.0 139.0 
face 1.0 905.0 99.0 912.0 108.0 
face 1.0 847.0 120.0 854.0 129.0 
face 1.0 814.0 120.0 821.0 129.0 
face 1.0 947.0 150.0 954.0 160.0 
face 1.0 943.0 170.0 950.0 179.0 
face 1.0 916.0 170.0 923.0 180.0 
face 1.0 845.0 186.0 853.0 196.0 
face 1.0 812.0 183.0 820.0 192.0 
face 1.0 778.0 174.0 785.0 184.0 
face 1.0 597.0 147.0 603.0 156.0 
face 1.0 575.0 120.0 582.0 128.0 
face 1.0 554.0 132.0 561.0 141.0 
face 1.0 533.0 128.0 539.0 136.0 
face 1.0 510.0 128.0 517.0 137.0 
face 1.0 545.0 153.0 552.0 162.0 
face 1.0 575.0 173.0 583.0 183.0 
face 1.0 548.0 205.0 556.0 215.0 
face 1.0 582.0 200.0 589.0 210.0 
face 1.0 544.0 182.0 551.0 190.0 
face 1.0 655.0 191.0 663.0 201.0 
face 1.0 637.0 155.0 645.0 164.0 
face 1.0 730.0 202.0 737.0 212.0 
face 1.0 706.0 170.0 712.0 178.0 
face 1.0 675.0 168.0 681.0 177.0 
face 1.0 698.0 192.0 704.0 200.0 
face 1.0 680.0 254.0 689.0 265.0 
face 1.0 705.0 265.0 715.0 275.0 
face 1.0 738.0 175.0 744.0 183.0 
face 1.0 758.0 212.0 765.0 221.0 
face 1.0 788.0 208.0 796.0 219.0 
face 1.0 814.0 220.0 822.0 231.0 
face 1.0 831.0 231.0 838.0 243.0 
face 1.0 841.0 245.0 848.0 256.0 
face 1.0 843.0 261.0 851.0 272.0 
face 1.0 963.0 189.0 970.0 199.0 
face 1.0 878.0 196.0 885.0 205.0 
face 1.0 586.0 342.0 594.0 354.0 
face 1.0 516.0 325.0 524.0 336.0 
face 1.0 460.0 305.0 468.0 316.0 
face 1.0 723.0 284.0 731.0 294.0 
face 1.0 567.0 253.0 575.0 264.0 
face 1.0 1014.0 110.0 1020.0 118.0 
face 1.0 1018.0 95.0 1024.0 104.0 
face 1.0 976.0 110.0 982.0 119.0 
face 1.0 1012.0 171.0 1019.0 180.0 
face 1.0 1005.0 143.0 1012.0 153.0 
face 1.0 974.0 154.0 981.0 163.0 
face 1.0 1003.0 126.0 1009.0 134.0 
face 1.0 994.0 193.0 1001.0 202.0 
face 1.0 1015.0 207.0 1022.0 217.0 
face 1.0 896.0 204.0 902.0 212.0 
face 1.0 919.0 215.0 926.0 225.0 
face 1.0 936.0 228.0 943.0 237.0 
face 1.0 963.0 269.0 970.0 279.0 
face 1.0 944.0 247.0 952.0 257.0 
face 1.0 991.0 312.0 999.0 323.0 
face 1.0 1008.0 288.0 1016.0 298.0 
face 1.0 765.0 383.0 774.0 393.0 
face 1.0 655.0 359.0 664.0 370.0 
face 1.0 980.0 633.0 990.0 646.0 
face 1.0 997.0 573.0 1001.0 584.0 
face 1.0 1006.0 625.0 1014.0 639.0 
face 1.0 329.0 298.0 338.0 308.0 
face 1.0 604.0 176.0 611.0 184.0 
face 1.0 982.0 362.0 984.0 373.0 
face 1.0 1015.0 528.0 1022.0 540.0 
face 1.0 825.0 107.0 832.0 117.0 
face 1.0 910.0 122.0 916.0 132.0 
face 1.0 510.0 74.0 517.0 83.0 
face 1.0 560.0 70.0 567.0 77.0 
face 1.0 323.0 183.0 330.0 192.0 
face 1.0 122.0 162.0 126.0 168.0 
face 1.0 692.0 10.0 699.0 16.0 
