face 1.0 730.0 360.0 735.0 372.0 
face 1.0 769.0 371.0 775.0 380.0 
face 1.0 763.0 369.0 767.0 377.0 
face 1.0 809.0 383.0 814.0 391.0 
face 1.0 911.0 384.0 916.0 392.0 
face 1.0 943.0 374.0 948.0 385.0 
face 1.0 974.0 390.0 980.0 398.0 
face 1.0 1019.0 306.0 1024.0 319.0 
face 1.0 644.0 349.0 651.0 363.0 
face 1.0 612.0 321.0 623.0 341.0 
face 1.0 687.0 330.0 696.0 346.0 
face 1.0 273.0 334.0 283.0 349.0 
face 1.0 324.0 313.0 336.0 334.0 
face 1.0 373.0 344.0 381.0 357.0 
face 1.0 446.0 268.0 465.0 297.0 
face 1.0 498.0 341.0 506.0 354.0 
face 1.0 517.0 354.0 522.0 364.0 
face 1.0 41.0 267.0 61.0 293.0 
face 1.0 95.0 362.0 100.0 369.0 
face 1.0 203.0 378.0 209.0 385.0 
