face 1.0 107.0 304.0 152.0 354.0 
face 1.0 23.0 368.0 52.0 407.0 
face 1.0 42.0 323.0 70.0 356.0 
face 1.0 327.0 314.0 344.0 334.0 
face 1.0 392.0 331.0 408.0 351.0 
face 1.0 295.0 344.0 306.0 361.0 
face 1.0 525.0 328.0 559.0 366.0 
face 1.0 492.0 315.0 508.0 338.0 
face 1.0 442.0 323.0 460.0 346.0 
face 1.0 554.0 325.0 566.0 343.0 
face 1.0 564.0 320.0 575.0 334.0 
face 1.0 627.0 318.0 642.0 337.0 
face 1.0 665.0 325.0 679.0 346.0 
face 1.0 366.0 333.0 376.0 345.0 
face 1.0 696.0 321.0 711.0 338.0 
face 1.0 743.0 311.0 759.0 329.0 
face 1.0 759.0 316.0 772.0 333.0 
face 1.0 905.0 305.0 918.0 327.0 
face 1.0 950.0 302.0 991.0 355.0 
face 1.0 977.0 321.0 1005.0 369.0 
face 1.0 795.0 320.0 804.0 332.0 
