face 1.0 342.0 127.0 386.0 184.0 
face 1.0 0.0 23.0 15.0 58.0 
face 1.0 8.0 32.0 44.0 79.0 
face 1.0 56.0 40.0 91.0 85.0 
face 1.0 37.0 31.0 54.0 68.0 
face 1.0 88.0 17.0 126.0 68.0 
face 1.0 136.0 47.0 186.0 106.0 
face 1.0 136.0 152.0 186.0 208.0 
face 1.0 173.0 4.0 219.0 65.0 
face 1.0 228.0 15.0 255.0 65.0 
face 1.0 306.0 19.0 348.0 78.0 
face 1.0 369.0 20.0 417.0 85.0 
face 1.0 407.0 131.0 445.0 184.0 
face 1.0 491.0 139.0 543.0 204.0 
face 1.0 566.0 136.0 626.0 202.0 
face 1.0 631.0 112.0 690.0 192.0 
face 1.0 204.0 103.0 238.0 162.0 
