face 1.0 188.0 328.0 204.0 343.0 
face 1.0 216.0 294.0 233.0 313.0 
face 1.0 244.0 335.0 259.0 351.0 
face 1.0 285.0 296.0 300.0 316.0 
face 1.0 306.0 314.0 322.0 333.0 
face 1.0 343.0 281.0 359.0 297.0 
face 1.0 255.0 258.0 271.0 274.0 
face 1.0 228.0 223.0 243.0 241.0 
face 1.0 292.0 232.0 305.0 248.0 
face 1.0 319.0 262.0 334.0 277.0 
face 1.0 354.0 233.0 366.0 246.0 
face 1.0 374.0 267.0 390.0 280.0 
face 1.0 401.0 220.0 416.0 234.0 
face 1.0 401.0 290.0 418.0 309.0 
face 1.0 367.0 309.0 382.0 329.0 
face 1.0 434.0 313.0 450.0 334.0 
face 1.0 438.0 263.0 451.0 278.0 
face 1.0 482.0 180.0 495.0 192.0 
face 1.0 554.0 168.0 570.0 184.0 
face 1.0 529.0 226.0 545.0 241.0 
face 1.0 468.0 236.0 482.0 251.0 
face 1.0 602.0 207.0 617.0 225.0 
face 1.0 670.0 212.0 686.0 228.0 
face 1.0 643.0 251.0 659.0 268.0 
face 1.0 570.0 270.0 585.0 287.0 
face 1.0 508.0 257.0 523.0 275.0 
face 1.0 490.0 311.0 504.0 330.0 
face 1.0 470.0 311.0 484.0 329.0 
face 1.0 540.0 295.0 556.0 311.0 
face 1.0 555.0 313.0 572.0 333.0 
face 1.0 613.0 322.0 627.0 343.0 
face 1.0 606.0 305.0 622.0 323.0 
face 1.0 677.0 285.0 692.0 303.0 
face 1.0 701.0 255.0 718.0 273.0 
face 1.0 728.0 320.0 744.0 336.0 
face 1.0 668.0 322.0 683.0 343.0 
face 1.0 775.0 258.0 791.0 274.0 
face 1.0 747.0 275.0 761.0 292.0 
face 1.0 737.0 233.0 751.0 248.0 
face 1.0 843.0 252.0 861.0 274.0 
face 1.0 808.0 284.0 824.0 300.0 
face 1.0 784.0 320.0 801.0 340.0 
face 1.0 835.0 327.0 853.0 343.0 
face 1.0 864.0 302.0 878.0 320.0 
face 1.0 208.0 423.0 223.0 440.0 
face 1.0 281.0 421.0 297.0 442.0 
face 1.0 335.0 414.0 351.0 434.0 
face 1.0 404.0 412.0 420.0 433.0 
face 1.0 471.0 404.0 487.0 426.0 
face 1.0 526.0 418.0 540.0 437.0 
face 1.0 582.0 416.0 597.0 436.0 
face 1.0 646.0 412.0 661.0 433.0 
face 1.0 703.0 421.0 718.0 439.0 
face 1.0 760.0 422.0 775.0 442.0 
