face 1.0 68.0 82.0 90.0 107.0 
face 1.0 50.0 72.0 65.0 90.0 
face 1.0 67.0 33.0 83.0 50.0 
face 1.0 111.0 83.0 137.0 114.0 
face 1.0 171.0 82.0 192.0 108.0 
face 1.0 162.0 67.0 184.0 91.0 
face 1.0 192.0 98.0 216.0 119.0 
face 1.0 230.0 87.0 250.0 112.0 
face 1.0 253.0 96.0 274.0 121.0 
face 1.0 279.0 96.0 301.0 121.0 
face 1.0 48.0 9.0 59.0 23.0 
face 1.0 17.0 8.0 29.0 21.0 
face 1.0 89.0 18.0 97.0 27.0 
face 1.0 73.0 5.0 82.0 14.0 
face 1.0 112.0 31.0 126.0 44.0 
face 1.0 128.0 26.0 137.0 35.0 
face 1.0 200.0 42.0 212.0 54.0 
face 1.0 216.0 14.0 225.0 23.0 
face 1.0 196.0 1.0 205.0 13.0 
face 1.0 207.0 65.0 223.0 85.0 
face 1.0 249.0 49.0 267.0 69.0 
face 1.0 283.0 43.0 301.0 59.0 
face 1.0 284.0 67.0 303.0 85.0 
face 1.0 304.0 79.0 323.0 99.0 
face 1.0 267.0 12.0 277.0 23.0 
face 1.0 284.0 13.0 293.0 22.0 
face 1.0 274.0 4.0 284.0 13.0 
face 1.0 245.0 169.0 276.0 209.0 
face 1.0 330.0 126.0 347.0 143.0 
face 1.0 372.0 110.0 398.0 141.0 
face 1.0 333.0 18.0 343.0 30.0 
face 1.0 337.0 5.0 348.0 17.0 
face 1.0 369.0 86.0 389.0 108.0 
face 1.0 404.0 68.0 420.0 85.0 
face 1.0 396.0 104.0 413.0 130.0 
face 1.0 438.0 106.0 462.0 135.0 
face 1.0 492.0 115.0 514.0 137.0 
face 1.0 440.0 74.0 460.0 96.0 
face 1.0 488.0 71.0 506.0 93.0 
face 1.0 487.0 31.0 498.0 43.0 
face 1.0 409.0 32.0 419.0 42.0 
face 1.0 399.0 12.0 409.0 24.0 
face 1.0 371.0 12.0 384.0 25.0 
face 1.0 469.0 42.0 481.0 56.0 
face 1.0 427.0 16.0 438.0 31.0 
face 1.0 486.0 4.0 497.0 17.0 
face 1.0 521.0 10.0 531.0 21.0 
face 1.0 570.0 244.0 609.0 289.0 
face 1.0 671.0 183.0 699.0 213.0 
face 1.0 508.0 143.0 534.0 176.0 
face 1.0 561.0 135.0 584.0 160.0 
face 1.0 590.0 113.0 615.0 139.0 
face 1.0 649.0 102.0 671.0 131.0 
face 1.0 696.0 140.0 721.0 165.0 
face 1.0 709.0 102.0 730.0 126.0 
face 1.0 523.0 95.0 543.0 121.0 
face 1.0 585.0 79.0 605.0 102.0 
face 1.0 643.0 78.0 664.0 98.0 
face 1.0 694.0 75.0 713.0 97.0 
face 1.0 675.0 54.0 690.0 72.0 
face 1.0 649.0 43.0 664.0 59.0 
face 1.0 608.0 50.0 622.0 63.0 
face 1.0 559.0 51.0 576.0 71.0 
face 1.0 540.0 70.0 555.0 89.0 
face 1.0 552.0 18.0 562.0 28.0 
face 1.0 568.0 24.0 577.0 36.0 
face 1.0 717.0 27.0 727.0 39.0 
face 1.0 674.0 18.0 688.0 35.0 
face 1.0 785.0 48.0 797.0 60.0 
face 1.0 744.0 52.0 755.0 64.0 
face 1.0 777.0 104.0 800.0 133.0 
face 1.0 804.0 79.0 824.0 101.0 
face 1.0 745.0 124.0 772.0 159.0 
face 1.0 840.0 100.0 863.0 127.0 
face 1.0 870.0 104.0 890.0 129.0 
face 1.0 813.0 36.0 822.0 47.0 
face 1.0 840.0 26.0 851.0 38.0 
face 1.0 796.0 22.0 806.0 34.0 
face 1.0 877.0 25.0 888.0 40.0 
face 1.0 855.0 32.0 866.0 45.0 
face 1.0 695.0 35.0 705.0 48.0 
face 1.0 701.0 20.0 709.0 30.0 
face 1.0 649.0 14.0 657.0 25.0 
face 1.0 823.0 22.0 834.0 36.0 
face 1.0 778.0 26.0 789.0 39.0 
face 1.0 748.0 27.0 758.0 41.0 
face 1.0 927.0 39.0 939.0 52.0 
face 1.0 999.0 32.0 1011.0 48.0 
face 1.0 1016.0 25.0 1023.0 38.0 
face 1.0 921.0 14.0 933.0 28.0 
face 1.0 900.0 33.0 914.0 51.0 
face 1.0 872.0 76.0 885.0 89.0 
face 1.0 956.0 89.0 969.0 103.0 
face 1.0 929.0 92.0 945.0 112.0 
face 1.0 951.0 54.0 966.0 71.0 
face 1.0 850.0 183.0 882.0 218.0 
face 1.0 878.0 169.0 902.0 197.0 
face 1.0 885.0 143.0 907.0 164.0 
face 1.0 906.0 99.0 927.0 122.0 
face 1.0 941.0 127.0 967.0 156.0 
face 1.0 962.0 118.0 983.0 146.0 
face 1.0 983.0 132.0 1006.0 159.0 
face 1.0 1006.0 76.0 1021.0 94.0 
face 1.0 0.0 34.0 12.0 50.0 
face 1.0 444.0 24.0 458.0 38.0 
face 1.0 606.0 29.0 619.0 41.0 
face 1.0 627.0 13.0 638.0 26.0 
face 1.0 635.0 25.0 644.0 37.0 
face 1.0 735.0 17.0 744.0 31.0 
face 1.0 715.0 12.0 726.0 24.0 
face 1.0 728.0 36.0 740.0 51.0 
face 1.0 916.0 76.0 927.0 90.0 
