face 1.0 190.0 362.0 224.0 407.0 
face 1.0 294.0 321.0 307.0 335.0 
face 1.0 265.0 315.0 278.0 329.0 
face 1.0 248.0 310.0 263.0 326.0 
face 1.0 275.0 299.0 290.0 315.0 
face 1.0 210.0 315.0 227.0 331.0 
face 1.0 176.0 301.0 192.0 317.0 
face 1.0 160.0 294.0 174.0 307.0 
face 1.0 260.0 267.0 272.0 280.0 
face 1.0 213.0 283.0 229.0 299.0 
face 1.0 432.0 364.0 447.0 382.0 
face 1.0 465.0 372.0 482.0 392.0 
face 1.0 407.0 357.0 422.0 375.0 
face 1.0 385.0 341.0 400.0 358.0 
face 1.0 462.0 339.0 477.0 357.0 
face 1.0 483.0 335.0 495.0 353.0 
face 1.0 457.0 316.0 470.0 331.0 
face 1.0 437.0 311.0 451.0 327.0 
face 1.0 421.0 313.0 435.0 331.0 
face 1.0 403.0 331.0 416.0 346.0 
face 1.0 401.0 295.0 414.0 309.0 
face 1.0 349.0 346.0 363.0 362.0 
face 1.0 313.0 329.0 328.0 348.0 
face 1.0 347.0 313.0 360.0 328.0 
face 1.0 374.0 323.0 389.0 340.0 
face 1.0 367.0 312.0 379.0 326.0 
face 1.0 346.0 297.0 358.0 311.0 
face 1.0 466.0 297.0 479.0 313.0 
face 1.0 631.0 268.0 644.0 281.0 
face 1.0 628.0 305.0 641.0 318.0 
face 1.0 616.0 324.0 631.0 340.0 
face 1.0 606.0 314.0 620.0 329.0 
face 1.0 589.0 315.0 603.0 330.0 
face 1.0 582.0 294.0 597.0 313.0 
face 1.0 562.0 282.0 575.0 295.0 
face 1.0 554.0 298.0 566.0 315.0 
face 1.0 572.0 332.0 586.0 349.0 
face 1.0 552.0 325.0 566.0 340.0 
face 1.0 536.0 325.0 552.0 342.0 
face 1.0 531.0 312.0 543.0 326.0 
face 1.0 545.0 279.0 557.0 293.0 
face 1.0 602.0 352.0 616.0 366.0 
face 1.0 617.0 361.0 631.0 382.0 
face 1.0 627.0 374.0 646.0 395.0 
face 1.0 574.0 359.0 588.0 374.0 
face 1.0 563.0 372.0 581.0 391.0 
face 1.0 546.0 344.0 561.0 364.0 
face 1.0 525.0 361.0 541.0 380.0 
face 1.0 493.0 303.0 508.0 320.0 
face 1.0 505.0 316.0 520.0 334.0 
face 1.0 510.0 345.0 525.0 362.0 
face 1.0 495.0 359.0 511.0 375.0 
face 1.0 632.0 328.0 644.0 342.0 
face 1.0 501.0 386.0 516.0 404.0 
face 1.0 528.0 406.0 542.0 424.0 
face 1.0 581.0 391.0 597.0 411.0 
face 1.0 592.0 383.0 608.0 400.0 
face 1.0 604.0 408.0 620.0 429.0 
face 1.0 755.0 273.0 769.0 288.0 
face 1.0 772.0 291.0 784.0 305.0 
face 1.0 764.0 302.0 778.0 319.0 
face 1.0 781.0 299.0 796.0 316.0 
face 1.0 793.0 306.0 808.0 324.0 
face 1.0 774.0 314.0 789.0 332.0 
face 1.0 781.0 335.0 797.0 357.0 
face 1.0 766.0 341.0 784.0 363.0 
face 1.0 751.0 324.0 767.0 343.0 
face 1.0 735.0 336.0 750.0 352.0 
face 1.0 732.0 304.0 746.0 321.0 
face 1.0 723.0 287.0 735.0 303.0 
face 1.0 705.0 302.0 720.0 317.0 
face 1.0 705.0 337.0 719.0 351.0 
face 1.0 741.0 371.0 757.0 389.0 
face 1.0 706.0 358.0 722.0 377.0 
face 1.0 683.0 347.0 699.0 365.0 
face 1.0 643.0 279.0 657.0 294.0 
face 1.0 660.0 282.0 674.0 298.0 
face 1.0 653.0 301.0 669.0 320.0 
face 1.0 671.0 321.0 686.0 337.0 
face 1.0 682.0 313.0 696.0 329.0 
face 1.0 781.0 383.0 797.0 402.0 
face 1.0 649.0 344.0 663.0 359.0 
face 1.0 640.0 345.0 652.0 361.0 
face 1.0 657.0 366.0 672.0 386.0 
face 1.0 698.0 383.0 714.0 403.0 
face 1.0 669.0 394.0 686.0 409.0 
face 1.0 810.0 271.0 822.0 281.0 
face 1.0 817.0 278.0 830.0 291.0 
face 1.0 854.0 292.0 868.0 307.0 
face 1.0 835.0 290.0 849.0 305.0 
face 1.0 888.0 309.0 901.0 323.0 
face 1.0 900.0 297.0 910.0 314.0 
face 1.0 887.0 326.0 901.0 343.0 
face 1.0 834.0 323.0 850.0 341.0 
face 1.0 820.0 336.0 835.0 352.0 
face 1.0 826.0 302.0 838.0 315.0 
face 1.0 867.0 339.0 880.0 352.0 
face 1.0 1004.0 273.0 1018.0 289.0 
face 1.0 1003.0 298.0 1016.0 312.0 
face 1.0 963.0 314.0 975.0 327.0 
face 1.0 950.0 330.0 965.0 346.0 
face 1.0 916.0 324.0 930.0 340.0 
face 1.0 901.0 343.0 917.0 359.0 
face 1.0 990.0 329.0 1004.0 343.0 
face 1.0 972.0 352.0 985.0 367.0 
face 1.0 958.0 361.0 973.0 377.0 
face 1.0 938.0 356.0 950.0 370.0 
face 1.0 928.0 365.0 943.0 381.0 
face 1.0 906.0 375.0 924.0 394.0 
face 1.0 866.0 383.0 882.0 401.0 
face 1.0 873.0 355.0 889.0 373.0 
face 1.0 888.0 350.0 902.0 367.0 
face 1.0 851.0 350.0 866.0 369.0 
face 1.0 838.0 375.0 856.0 396.0 
face 1.0 821.0 395.0 838.0 415.0 
face 1.0 759.0 393.0 776.0 414.0 
face 1.0 715.0 400.0 733.0 422.0 
face 1.0 658.0 412.0 677.0 436.0 
face 1.0 802.0 360.0 818.0 380.0 
face 1.0 812.0 349.0 826.0 367.0 
face 1.0 989.0 194.0 998.0 204.0 
face 1.0 614.0 298.0 625.0 316.0 
face 1.0 646.0 295.0 657.0 309.0 
face 1.0 688.0 300.0 699.0 314.0 
face 1.0 934.0 299.0 945.0 312.0 
face 1.0 884.0 291.0 899.0 307.0 
face 1.0 131.0 277.0 148.0 295.0 
face 1.0 192.0 290.0 203.0 305.0 
face 1.0 376.0 286.0 390.0 304.0 
face 1.0 10.0 111.0 19.0 121.0 
