face 1.0 917.0 496.0 942.0 541.0 
face 1.0 944.0 409.0 956.0 423.0 
face 1.0 140.0 430.0 153.0 443.0 
face 1.0 81.0 431.0 94.0 444.0 
face 1.0 133.0 457.0 145.0 478.0 
face 1.0 137.0 565.0 171.0 629.0 
face 1.0 249.0 468.0 261.0 496.0 
face 1.0 314.0 471.0 326.0 498.0 
face 1.0 420.0 476.0 429.0 500.0 
face 1.0 220.0 425.0 228.0 434.0 
face 1.0 244.0 430.0 252.0 439.0 
face 1.0 268.0 434.0 275.0 443.0 
face 1.0 278.0 416.0 283.0 423.0 
face 1.0 174.0 426.0 182.0 436.0 
face 1.0 299.0 428.0 306.0 436.0 
face 1.0 334.0 409.0 341.0 420.0 
face 1.0 377.0 414.0 383.0 421.0 
face 1.0 390.0 424.0 397.0 434.0 
face 1.0 398.0 423.0 404.0 432.0 
face 1.0 290.0 426.0 299.0 437.0 
face 1.0 11.0 442.0 19.0 455.0 
face 1.0 12.0 426.0 21.0 439.0 
face 1.0 49.0 440.0 57.0 454.0 
face 1.0 458.0 417.0 465.0 426.0 
face 1.0 447.0 419.0 454.0 426.0 
face 1.0 426.0 523.0 440.0 552.0 
face 1.0 483.0 424.0 489.0 432.0 
face 1.0 466.0 418.0 471.0 425.0 
face 1.0 531.0 420.0 536.0 426.0 
face 1.0 813.0 413.0 821.0 424.0 
face 1.0 0.0 430.0 8.0 440.0 
face 1.0 4.0 466.0 15.0 488.0 
face 1.0 405.0 423.0 410.0 432.0 
face 1.0 917.0 402.0 930.0 417.0 
face 1.0 94.0 435.0 105.0 447.0 
face 1.0 376.0 436.0 383.0 446.0 
