face 1.0 345.0 211.0 349.0 215.0 
face 1.0 331.0 126.0 334.0 129.0 
face 1.0 250.0 126.0 253.0 130.0 
face 1.0 221.0 128.0 225.0 133.0 
face 1.0 427.0 116.0 430.0 120.0 
face 1.0 393.0 79.0 396.0 83.0 
face 1.0 373.0 119.0 376.0 123.0 
face 1.0 90.0 225.0 96.0 230.0 
face 1.0 128.0 237.0 133.0 245.0 
face 1.0 170.0 230.0 175.0 236.0 
face 1.0 114.0 285.0 119.0 292.0 
face 1.0 81.0 304.0 90.0 313.0 
face 1.0 44.0 303.0 54.0 311.0 
face 1.0 7.0 264.0 13.0 272.0 
face 1.0 31.0 231.0 36.0 237.0 
face 1.0 26.0 192.0 32.0 200.0 
face 1.0 66.0 196.0 70.0 202.0 
face 1.0 74.0 175.0 79.0 180.0 
face 1.0 113.0 168.0 117.0 173.0 
face 1.0 129.0 165.0 133.0 170.0 
face 1.0 158.0 162.0 162.0 166.0 
face 1.0 174.0 156.0 179.0 162.0 
face 1.0 197.0 159.0 201.0 163.0 
face 1.0 192.0 191.0 195.0 196.0 
face 1.0 242.0 179.0 247.0 185.0 
face 1.0 161.0 269.0 166.0 275.0 
face 1.0 0.0 317.0 3.0 325.0 
face 1.0 346.0 68.0 349.0 72.0 
face 1.0 418.0 62.0 420.0 65.0 
face 1.0 376.0 59.0 379.0 62.0 
face 1.0 120.0 599.0 132.0 616.0 
face 1.0 1008.0 256.0 1014.0 266.0 
face 1.0 853.0 131.0 857.0 136.0 
face 1.0 878.0 131.0 883.0 136.0 
face 1.0 900.0 138.0 904.0 144.0 
face 1.0 922.0 142.0 927.0 147.0 
face 1.0 936.0 139.0 941.0 145.0 
face 1.0 959.0 134.0 964.0 141.0 
face 1.0 984.0 141.0 989.0 146.0 
face 1.0 1010.0 141.0 1014.0 147.0 
face 1.0 877.0 168.0 884.0 177.0 
face 1.0 947.0 160.0 952.0 167.0 
face 1.0 963.0 190.0 968.0 197.0 
face 1.0 982.0 194.0 987.0 201.0 
face 1.0 798.0 133.0 802.0 137.0 
face 1.0 815.0 170.0 819.0 175.0 
face 1.0 794.0 166.0 798.0 172.0 
face 1.0 845.0 167.0 849.0 174.0 
face 1.0 839.0 145.0 842.0 150.0 
face 1.0 1003.0 164.0 1008.0 171.0 
face 1.0 921.0 227.0 928.0 235.0 
face 1.0 881.0 215.0 886.0 221.0 
face 1.0 836.0 209.0 842.0 217.0 
face 1.0 801.0 204.0 807.0 212.0 
face 1.0 875.0 257.0 881.0 265.0 
face 1.0 932.0 270.0 938.0 277.0 
face 1.0 1002.0 295.0 1010.0 303.0 
face 1.0 984.0 249.0 989.0 257.0 
face 1.0 918.0 173.0 923.0 179.0 
face 1.0 973.0 163.0 978.0 169.0 
face 1.0 913.0 160.0 918.0 166.0 
face 1.0 700.0 237.0 706.0 244.0 
face 1.0 664.0 239.0 670.0 247.0 
face 1.0 669.0 260.0 676.0 268.0 
face 1.0 618.0 264.0 624.0 272.0 
face 1.0 598.0 239.0 602.0 245.0 
face 1.0 627.0 235.0 635.0 244.0 
face 1.0 560.0 237.0 564.0 243.0 
face 1.0 524.0 246.0 528.0 250.0 
face 1.0 522.0 267.0 527.0 273.0 
face 1.0 607.0 198.0 613.0 205.0 
face 1.0 600.0 157.0 604.0 162.0 
face 1.0 628.0 154.0 632.0 159.0 
face 1.0 528.0 157.0 532.0 163.0 
face 1.0 505.0 142.0 509.0 147.0 
face 1.0 488.0 143.0 492.0 148.0 
face 1.0 503.0 165.0 508.0 172.0 
face 1.0 554.0 165.0 558.0 170.0 
face 1.0 769.0 160.0 775.0 167.0 
face 1.0 750.0 160.0 755.0 167.0 
face 1.0 682.0 155.0 687.0 161.0 
face 1.0 704.0 156.0 708.0 162.0 
face 1.0 658.0 153.0 663.0 159.0 
face 1.0 604.0 135.0 608.0 141.0 
face 1.0 687.0 127.0 691.0 133.0 
face 1.0 701.0 127.0 705.0 133.0 
face 1.0 732.0 130.0 737.0 136.0 
face 1.0 532.0 136.0 537.0 140.0 
face 1.0 570.0 137.0 573.0 141.0 
face 1.0 618.0 80.0 621.0 84.0 
face 1.0 538.0 78.0 541.0 82.0 
face 1.0 571.0 154.0 576.0 160.0 
face 1.0 744.0 104.0 748.0 109.0 
face 1.0 711.0 105.0 715.0 109.0 
face 1.0 660.0 106.0 664.0 111.0 
face 1.0 616.0 110.0 620.0 114.0 
face 1.0 579.0 109.0 583.0 113.0 
face 1.0 548.0 106.0 552.0 110.0 
face 1.0 510.0 104.0 514.0 107.0 
face 1.0 333.0 155.0 336.0 159.0 
face 1.0 350.0 168.0 354.0 174.0 
face 1.0 390.0 167.0 394.0 173.0 
face 1.0 366.0 250.0 371.0 257.0 
face 1.0 313.0 177.0 319.0 183.0 
face 1.0 231.0 251.0 236.0 256.0 
face 1.0 236.0 157.0 240.0 162.0 
face 1.0 224.0 152.0 228.0 157.0 
face 1.0 210.0 151.0 214.0 156.0 
face 1.0 262.0 157.0 265.0 161.0 
face 1.0 431.0 167.0 435.0 172.0 
face 1.0 427.0 205.0 431.0 211.0 
face 1.0 467.0 168.0 471.0 173.0 
face 1.0 466.0 257.0 474.0 266.0 
face 1.0 293.0 252.0 297.0 257.0 
face 1.0 568.0 273.0 572.0 278.0 
face 1.0 489.0 242.0 492.0 247.0 
face 1.0 603.0 61.0 605.0 63.0 
face 1.0 463.0 94.0 466.0 97.0 
face 1.0 382.0 147.0 386.0 152.0 
face 1.0 433.0 145.0 436.0 151.0 
face 1.0 465.0 68.0 468.0 73.0 
face 1.0 709.0 267.0 716.0 276.0 
face 1.0 761.0 268.0 768.0 276.0 
face 1.0 735.0 241.0 741.0 249.0 
face 1.0 75.0 247.0 85.0 257.0 
face 1.0 707.0 199.0 713.0 207.0 
