face 1.0 55.0 554.0 63.0 565.0 
face 1.0 1.0 568.0 8.0 578.0 
face 1.0 6.0 583.0 19.0 599.0 
face 1.0 206.0 554.0 223.0 576.0 
face 1.0 215.0 539.0 234.0 563.0 
face 1.0 277.0 525.0 300.0 551.0 
face 1.0 309.0 518.0 320.0 533.0 
face 1.0 454.0 534.0 478.0 562.0 
face 1.0 451.0 502.0 469.0 528.0 
face 1.0 538.0 596.0 550.0 618.0 
face 1.0 569.0 544.0 582.0 562.0 
face 1.0 534.0 464.0 551.0 483.0 
face 1.0 808.0 528.0 824.0 548.0 
face 1.0 842.0 570.0 856.0 589.0 
face 1.0 881.0 524.0 895.0 542.0 
face 1.0 947.0 529.0 954.0 539.0 
face 1.0 967.0 513.0 975.0 523.0 
face 1.0 840.0 538.0 845.0 545.0 
