face 1.0 270.0 187.0 315.0 260.0 
face 1.0 338.0 206.0 373.0 254.0 
face 1.0 435.0 272.0 467.0 307.0 
face 1.0 420.0 287.0 450.0 320.0 
face 1.0 511.0 162.0 545.0 202.0 
face 1.0 591.0 98.0 621.0 134.0 
face 1.0 715.0 83.0 740.0 111.0 
face 1.0 461.0 497.0 477.0 520.0 
face 1.0 641.0 457.0 652.0 472.0 
face 1.0 809.0 441.0 822.0 457.0 
face 1.0 822.0 435.0 834.0 451.0 
face 1.0 883.0 427.0 897.0 445.0 
face 1.0 905.0 414.0 912.0 424.0 
face 1.0 913.0 412.0 919.0 424.0 
face 1.0 748.0 448.0 761.0 468.0 
face 1.0 737.0 454.0 747.0 472.0 
face 1.0 685.0 450.0 699.0 470.0 
face 1.0 703.0 448.0 713.0 461.0 
face 1.0 822.0 466.0 837.0 488.0 
face 1.0 840.0 426.0 850.0 441.0 
face 1.0 339.0 476.0 355.0 501.0 
face 1.0 297.0 515.0 312.0 531.0 
face 1.0 641.0 574.0 684.0 645.0 
face 1.0 909.0 545.0 951.0 635.0 
face 1.0 975.0 522.0 1024.0 640.0 
face 1.0 929.0 437.0 935.0 447.0 
face 1.0 940.0 432.0 945.0 440.0 
face 1.0 937.0 410.0 949.0 421.0 
face 1.0 950.0 423.0 965.0 443.0 
face 1.0 966.0 404.0 977.0 417.0 
face 1.0 986.0 410.0 995.0 418.0 
face 1.0 1002.0 401.0 1009.0 410.0 
face 1.0 992.0 394.0 998.0 400.0 
face 1.0 1016.0 404.0 1021.0 412.0 
face 1.0 969.0 472.0 1004.0 544.0 
face 1.0 693.0 0.0 713.0 13.0 
face 1.0 832.0 437.0 843.0 453.0 
