face 1.0 135.0 334.0 165.0 374.0 
face 1.0 10.0 474.0 21.0 496.0 
face 1.0 66.0 556.0 90.0 579.0 
face 1.0 206.0 363.0 229.0 394.0 
face 1.0 256.0 384.0 271.0 399.0 
face 1.0 348.0 464.0 370.0 496.0 
face 1.0 352.0 371.0 367.0 390.0 
face 1.0 411.0 379.0 426.0 400.0 
face 1.0 454.0 381.0 482.0 414.0 
face 1.0 496.0 335.0 514.0 360.0 
face 1.0 546.0 376.0 562.0 397.0 
face 1.0 414.0 450.0 429.0 471.0 
face 1.0 549.0 351.0 556.0 360.0 
face 1.0 583.0 374.0 590.0 381.0 
face 1.0 625.0 343.0 645.0 364.0 
face 1.0 628.0 363.0 646.0 387.0 
face 1.0 662.0 343.0 692.0 387.0 
face 1.0 739.0 365.0 757.0 387.0 
face 1.0 775.0 343.0 789.0 361.0 
