face 1.0 664.0 115.0 702.0 159.0 
face 1.0 822.0 120.0 857.0 156.0 
face 1.0 854.0 131.0 874.0 157.0 
face 1.0 155.0 97.0 184.0 139.0 
face 1.0 268.0 113.0 293.0 150.0 
face 1.0 335.0 90.0 364.0 127.0 
face 1.0 479.0 142.0 521.0 195.0 
face 1.0 414.0 115.0 438.0 148.0 
face 1.0 0.0 131.0 12.0 161.0 
face 1.0 935.0 116.0 942.0 124.0 
face 1.0 989.0 157.0 997.0 166.0 
face 1.0 923.0 160.0 930.0 169.0 
face 1.0 903.0 114.0 910.0 121.0 
face 1.0 968.0 117.0 980.0 128.0 
face 1.0 951.0 74.0 957.0 83.0 
face 1.0 985.0 80.0 992.0 89.0 
face 1.0 975.0 93.0 982.0 100.0 
face 1.0 876.0 104.0 882.0 113.0 
face 1.0 877.0 72.0 883.0 79.0 
face 1.0 917.0 71.0 924.0 80.0 
face 1.0 961.0 137.0 967.0 144.0 
face 1.0 992.0 137.0 997.0 143.0 
face 1.0 896.0 137.0 902.0 146.0 
face 1.0 757.0 135.0 762.0 143.0 
face 1.0 722.0 131.0 728.0 139.0 
face 1.0 736.0 110.0 740.0 117.0 
face 1.0 774.0 111.0 782.0 120.0 
face 1.0 744.0 68.0 752.0 79.0 
face 1.0 737.0 85.0 745.0 94.0 
face 1.0 780.0 89.0 785.0 98.0 
face 1.0 784.0 66.0 792.0 75.0 
face 1.0 702.0 91.0 709.0 100.0 
face 1.0 710.0 71.0 717.0 78.0 
face 1.0 717.0 12.0 724.0 19.0 
face 1.0 749.0 13.0 756.0 21.0 
face 1.0 787.0 13.0 794.0 21.0 
face 1.0 924.0 35.0 931.0 44.0 
face 1.0 966.0 38.0 971.0 45.0 
face 1.0 933.0 19.0 940.0 26.0 
face 1.0 549.0 28.0 557.0 35.0 
face 1.0 575.0 56.0 583.0 67.0 
face 1.0 582.0 2.0 589.0 9.0 
face 1.0 522.0 5.0 529.0 14.0 
face 1.0 577.0 30.0 583.0 37.0 
face 1.0 367.0 26.0 375.0 35.0 
face 1.0 500.0 13.0 507.0 21.0 
face 1.0 620.0 8.0 626.0 16.0 
face 1.0 101.0 46.0 107.0 52.0 
face 1.0 113.0 57.0 118.0 63.0 
face 1.0 99.0 80.0 105.0 87.0 
face 1.0 131.0 75.0 138.0 83.0 
face 1.0 134.0 46.0 139.0 53.0 
face 1.0 54.0 94.0 60.0 102.0 
face 1.0 60.0 71.0 66.0 79.0 
face 1.0 73.0 98.0 80.0 106.0 
face 1.0 161.0 73.0 167.0 82.0 
face 1.0 150.0 57.0 157.0 65.0 
face 1.0 165.0 34.0 174.0 45.0 
face 1.0 92.0 21.0 97.0 27.0 
face 1.0 147.0 16.0 154.0 24.0 
face 1.0 171.0 12.0 179.0 21.0 
face 1.0 250.0 18.0 256.0 26.0 
face 1.0 275.0 6.0 281.0 14.0 
face 1.0 25.0 19.0 33.0 28.0 
face 1.0 96.0 2.0 104.0 9.0 
face 1.0 47.0 3.0 53.0 10.0 
face 1.0 890.0 34.0 897.0 43.0 
face 1.0 819.0 17.0 825.0 25.0 
