face 1.0 999.0 515.0 1013.0 531.0 
face 1.0 963.0 488.0 982.0 509.0 
face 1.0 953.0 462.0 966.0 483.0 
face 1.0 751.0 452.0 764.0 470.0 
face 1.0 716.0 447.0 730.0 468.0 
face 1.0 709.0 355.0 725.0 375.0 
face 1.0 944.0 306.0 959.0 323.0 
face 1.0 932.0 366.0 946.0 388.0 
face 1.0 658.0 450.0 670.0 468.0 
face 1.0 810.0 337.0 824.0 360.0 
face 1.0 905.0 338.0 917.0 354.0 
face 1.0 382.0 453.0 393.0 469.0 
face 1.0 378.0 480.0 391.0 499.0 
face 1.0 254.0 449.0 267.0 466.0 
face 1.0 238.0 471.0 250.0 485.0 
face 1.0 67.0 336.0 99.0 372.0 
