face 1.0 281.0 303.0 301.0 339.0 
face 1.0 260.0 324.0 276.0 345.0 
face 1.0 896.0 312.0 910.0 332.0 
face 1.0 695.0 289.0 718.0 321.0 
face 1.0 809.0 320.0 826.0 345.0 
face 1.0 846.0 320.0 861.0 336.0 
face 1.0 953.0 316.0 967.0 332.0 
face 1.0 985.0 329.0 998.0 342.0 
face 1.0 783.0 319.0 794.0 336.0 
face 1.0 765.0 323.0 776.0 335.0 
face 1.0 658.0 324.0 674.0 347.0 
face 1.0 864.0 329.0 872.0 337.0 
face 1.0 877.0 328.0 884.0 337.0 
face 1.0 928.0 325.0 935.0 333.0 
face 1.0 1010.0 322.0 1017.0 330.0 
face 1.0 746.0 303.0 751.0 312.0 
face 1.0 883.0 317.0 888.0 323.0 
face 1.0 598.0 323.0 609.0 338.0 
face 1.0 621.0 316.0 626.0 327.0 
face 1.0 581.0 299.0 587.0 308.0 
face 1.0 506.0 306.0 514.0 321.0 
face 1.0 537.0 316.0 556.0 347.0 
face 1.0 429.0 295.0 458.0 337.0 
face 1.0 383.0 309.0 398.0 334.0 
face 1.0 86.0 320.0 102.0 344.0 
face 1.0 188.0 322.0 207.0 350.0 
