face 1.0 71.0 194.0 95.0 228.0 
face 1.0 151.0 163.0 186.0 216.0 
face 1.0 178.0 222.0 192.0 242.0 
face 1.0 204.0 235.0 215.0 250.0 
face 1.0 262.0 196.0 286.0 235.0 
face 1.0 301.0 171.0 341.0 228.0 
face 1.0 416.0 139.0 451.0 193.0 
face 1.0 498.0 196.0 521.0 242.0 
face 1.0 528.0 207.0 548.0 248.0 
face 1.0 584.0 152.0 624.0 204.0 
face 1.0 614.0 186.0 636.0 219.0 
face 1.0 656.0 199.0 671.0 226.0 
face 1.0 685.0 212.0 699.0 242.0 
face 1.0 723.0 233.0 731.0 244.0 
face 1.0 760.0 207.0 771.0 230.0 
face 1.0 783.0 251.0 791.0 261.0 
face 1.0 916.0 224.0 933.0 241.0 
face 1.0 952.0 238.0 962.0 247.0 
