face 1.0 3.0 152.0 37.0 203.0 
face 1.0 36.0 166.0 121.0 270.0 
face 1.0 145.0 171.0 224.0 270.0 
face 1.0 223.0 171.0 284.0 258.0 
face 1.0 325.0 160.0 383.0 239.0 
face 1.0 418.0 200.0 482.0 290.0 
face 1.0 462.0 146.0 521.0 215.0 
face 1.0 532.0 182.0 598.0 275.0 
face 1.0 621.0 139.0 677.0 215.0 
face 1.0 596.0 243.0 675.0 343.0 
face 1.0 469.0 330.0 544.0 426.0 
face 1.0 312.0 365.0 396.0 478.0 
face 1.0 118.0 471.0 207.0 581.0 
face 1.0 295.0 240.0 361.0 323.0 
face 1.0 260.0 173.0 301.0 225.0 
face 1.0 702.0 220.0 767.0 315.0 
face 1.0 775.0 225.0 839.0 313.0 
face 1.0 839.0 226.0 892.0 301.0 
face 1.0 847.0 175.0 899.0 244.0 
face 1.0 899.0 173.0 960.0 245.0 
face 1.0 931.0 266.0 992.0 343.0 
face 1.0 760.0 170.0 780.0 196.0 
face 1.0 993.0 192.0 1002.0 203.0 
face 1.0 1008.0 205.0 1011.0 211.0 
face 1.0 814.0 177.0 825.0 208.0 
