face 1.0 252.0 503.0 263.0 517.0 
face 1.0 210.0 417.0 220.0 427.0 
face 1.0 49.0 427.0 60.0 437.0 
face 1.0 155.0 370.0 166.0 381.0 
face 1.0 117.0 336.0 127.0 343.0 
face 1.0 62.0 323.0 72.0 334.0 
face 1.0 140.0 210.0 146.0 219.0 
face 1.0 217.0 176.0 223.0 183.0 
face 1.0 249.0 265.0 257.0 273.0 
face 1.0 295.0 249.0 303.0 258.0 
face 1.0 333.0 270.0 341.0 278.0 
face 1.0 359.0 255.0 367.0 263.0 
face 1.0 341.0 323.0 350.0 332.0 
face 1.0 241.0 329.0 250.0 337.0 
face 1.0 299.0 378.0 310.0 387.0 
face 1.0 492.0 178.0 497.0 185.0 
face 1.0 511.0 214.0 516.0 222.0 
face 1.0 439.0 275.0 446.0 283.0 
face 1.0 503.0 283.0 511.0 291.0 
face 1.0 554.0 265.0 561.0 273.0 
face 1.0 451.0 322.0 461.0 332.0 
face 1.0 610.0 281.0 618.0 290.0 
face 1.0 693.0 284.0 702.0 293.0 
face 1.0 721.0 305.0 730.0 314.0 
face 1.0 681.0 308.0 689.0 317.0 
face 1.0 587.0 326.0 597.0 337.0 
face 1.0 767.0 228.0 771.0 236.0 
face 1.0 780.0 185.0 786.0 193.0 
face 1.0 994.0 244.0 999.0 252.0 
face 1.0 520.0 367.0 529.0 377.0 
face 1.0 497.0 402.0 506.0 411.0 
face 1.0 466.0 432.0 477.0 445.0 
face 1.0 614.0 436.0 624.0 446.0 
face 1.0 601.0 409.0 612.0 420.0 
face 1.0 614.0 372.0 624.0 380.0 
face 1.0 665.0 392.0 674.0 402.0 
face 1.0 685.0 352.0 695.0 362.0 
face 1.0 709.0 371.0 721.0 380.0 
face 1.0 707.0 409.0 719.0 419.0 
face 1.0 796.0 360.0 806.0 369.0 
face 1.0 783.0 386.0 793.0 397.0 
face 1.0 853.0 429.0 865.0 440.0 
face 1.0 774.0 447.0 784.0 458.0 
face 1.0 919.0 485.0 931.0 501.0 
face 1.0 441.0 549.0 453.0 565.0 
face 1.0 549.0 519.0 561.0 532.0 
face 1.0 575.0 570.0 588.0 584.0 
