face 1.0 287.0 210.0 299.0 223.0 
face 1.0 909.0 120.0 931.0 148.0 
face 1.0 865.0 152.0 889.0 178.0 
face 1.0 1007.0 119.0 1020.0 149.0 
face 1.0 608.0 190.0 626.0 212.0 
face 1.0 568.0 195.0 576.0 207.0 
face 1.0 665.0 193.0 671.0 199.0 
face 1.0 49.0 216.0 68.0 235.0 
face 1.0 0.0 216.0 15.0 237.0 
face 1.0 145.0 204.0 157.0 222.0 
face 1.0 272.0 202.0 282.0 214.0 
face 1.0 734.0 118.0 788.0 177.0 
face 1.0 167.0 173.0 201.0 213.0 
face 1.0 310.0 194.0 323.0 214.0 
face 1.0 412.0 195.0 429.0 214.0 
face 1.0 481.0 193.0 496.0 214.0 
face 1.0 506.0 194.0 518.0 208.0 
face 1.0 251.0 197.0 257.0 211.0 
face 1.0 364.0 200.0 373.0 213.0 
face 1.0 539.0 197.0 546.0 206.0 
