face 1.0 684.0 312.0 756.0 385.0 
face 1.0 521.0 211.0 592.0 296.0 
face 1.0 370.0 234.0 422.0 304.0 
face 1.0 302.0 177.0 339.0 231.0 
face 1.0 790.0 212.0 809.0 253.0 
face 1.0 220.0 275.0 243.0 317.0 
face 1.0 213.0 243.0 237.0 267.0 
face 1.0 37.0 279.0 62.0 316.0 
face 1.0 1.0 256.0 11.0 270.0 
face 1.0 62.0 255.0 75.0 274.0 
face 1.0 87.0 263.0 93.0 271.0 
face 1.0 92.0 265.0 97.0 273.0 
face 1.0 104.0 261.0 115.0 272.0 
face 1.0 117.0 259.0 123.0 270.0 
face 1.0 128.0 256.0 136.0 270.0 
face 1.0 108.0 329.0 127.0 352.0 
face 1.0 149.0 261.0 156.0 270.0 
