face 1.0 38.0 97.0 51.0 113.0 
face 1.0 175.0 110.0 198.0 139.0 
face 1.0 151.0 109.0 168.0 128.0 
face 1.0 253.0 99.0 268.0 119.0 
face 1.0 289.0 143.0 311.0 172.0 
face 1.0 292.0 105.0 311.0 129.0 
face 1.0 417.0 120.0 437.0 141.0 
face 1.0 463.0 140.0 489.0 175.0 
face 1.0 493.0 101.0 505.0 119.0 
face 1.0 349.0 108.0 363.0 126.0 
face 1.0 379.0 100.0 391.0 114.0 
face 1.0 517.0 115.0 534.0 138.0 
face 1.0 562.0 89.0 577.0 110.0 
face 1.0 597.0 135.0 620.0 161.0 
face 1.0 920.0 143.0 952.0 193.0 
face 1.0 844.0 129.0 871.0 160.0 
face 1.0 789.0 94.0 805.0 116.0 
face 1.0 720.0 104.0 749.0 142.0 
face 1.0 167.0 80.0 179.0 95.0 
face 1.0 70.0 97.0 85.0 116.0 
face 1.0 213.0 77.0 224.0 91.0 
face 1.0 932.0 92.0 967.0 143.0 
face 1.0 0.0 84.0 13.0 109.0 
face 1.0 532.0 98.0 541.0 118.0 
face 1.0 152.0 92.0 163.0 107.0 
face 1.0 95.0 96.0 112.0 114.0 
face 1.0 41.0 121.0 60.0 141.0 
