face 1.0 474.0 112.0 526.0 165.0 
face 1.0 860.0 133.0 906.0 191.0 
face 1.0 92.0 170.0 136.0 207.0 
face 1.0 764.0 320.0 775.0 333.0 
face 1.0 935.0 300.0 949.0 315.0 
face 1.0 716.0 333.0 725.0 343.0 
face 1.0 676.0 313.0 686.0 322.0 
face 1.0 808.0 321.0 817.0 331.0 
face 1.0 240.0 262.0 257.0 284.0 
face 1.0 326.0 322.0 336.0 331.0 
face 1.0 398.0 247.0 413.0 265.0 
face 1.0 946.0 265.0 949.0 268.0 
face 1.0 195.0 346.0 201.0 353.0 
face 1.0 9.0 338.0 16.0 346.0 
face 1.0 296.0 355.0 301.0 360.0 
face 1.0 578.0 229.0 601.0 253.0 
