face 1.0 742.0 174.0 795.0 243.0 
face 1.0 610.0 198.0 650.0 254.0 
face 1.0 418.0 279.0 460.0 329.0 
face 1.0 337.0 269.0 366.0 313.0 
face 1.0 281.0 254.0 304.0 293.0 
face 1.0 240.0 259.0 264.0 291.0 
face 1.0 204.0 249.0 226.0 282.0 
face 1.0 71.0 255.0 90.0 279.0 
face 1.0 60.0 232.0 74.0 251.0 
face 1.0 54.0 238.0 67.0 257.0 
face 1.0 453.0 220.0 483.0 255.0 
face 1.0 385.0 222.0 406.0 253.0 
face 1.0 352.0 224.0 373.0 252.0 
face 1.0 313.0 218.0 330.0 244.0 
face 1.0 218.0 186.0 233.0 207.0 
face 1.0 673.0 161.0 708.0 200.0 
face 1.0 590.0 168.0 615.0 203.0 
face 1.0 518.0 174.0 543.0 205.0 
face 1.0 798.0 130.0 841.0 182.0 
face 1.0 856.0 103.0 893.0 143.0 
face 1.0 575.0 163.0 592.0 186.0 
face 1.0 430.0 192.0 449.0 216.0 
face 1.0 399.0 201.0 415.0 223.0 
face 1.0 174.0 186.0 184.0 203.0 
face 1.0 198.0 178.0 213.0 197.0 
face 1.0 155.0 202.0 164.0 217.0 
face 1.0 326.0 145.0 339.0 161.0 
face 1.0 248.0 181.0 255.0 191.0 
face 1.0 262.0 180.0 271.0 193.0 
face 1.0 303.0 167.0 311.0 179.0 
face 1.0 311.0 167.0 323.0 182.0 
face 1.0 353.0 154.0 360.0 164.0 
face 1.0 405.0 141.0 417.0 155.0 
face 1.0 474.0 116.0 488.0 136.0 
face 1.0 639.0 56.0 655.0 75.0 
face 1.0 706.0 54.0 723.0 75.0 
face 1.0 784.0 36.0 803.0 56.0 
face 1.0 583.0 92.0 596.0 110.0 
face 1.0 812.0 41.0 828.0 57.0 
face 1.0 871.0 39.0 893.0 59.0 
face 1.0 497.0 191.0 514.0 213.0 
face 1.0 193.0 193.0 205.0 209.0 
face 1.0 740.0 37.0 754.0 57.0 
