face 1.0 213.0 233.0 234.0 265.0 
face 1.0 278.0 228.0 305.0 261.0 
face 1.0 351.0 235.0 377.0 269.0 
face 1.0 405.0 221.0 427.0 254.0 
face 1.0 473.0 231.0 497.0 263.0 
face 1.0 463.0 304.0 488.0 336.0 
face 1.0 389.0 305.0 414.0 341.0 
face 1.0 309.0 312.0 334.0 346.0 
face 1.0 224.0 312.0 249.0 347.0 
face 1.0 442.0 371.0 470.0 414.0 
face 1.0 372.0 376.0 398.0 419.0 
face 1.0 280.0 383.0 307.0 423.0 
face 1.0 808.0 236.0 833.0 273.0 
face 1.0 783.0 313.0 809.0 347.0 
face 1.0 712.0 385.0 740.0 427.0 
face 1.0 729.0 235.0 754.0 269.0 
face 1.0 671.0 316.0 697.0 350.0 
face 1.0 630.0 376.0 658.0 414.0 
face 1.0 527.0 382.0 553.0 420.0 
face 1.0 602.0 319.0 625.0 354.0 
face 1.0 536.0 300.0 561.0 335.0 
face 1.0 662.0 233.0 688.0 269.0 
face 1.0 598.0 237.0 622.0 271.0 
face 1.0 534.0 219.0 557.0 254.0 
