face 1.0 24.0 109.0 51.0 138.0 
face 1.0 142.0 82.0 174.0 124.0 
face 1.0 164.0 62.0 194.0 106.0 
face 1.0 963.0 184.0 978.0 200.0 
face 1.0 1000.0 135.0 1012.0 150.0 
face 1.0 1005.0 161.0 1017.0 177.0 
face 1.0 1001.0 179.0 1013.0 195.0 
face 1.0 298.0 77.0 326.0 108.0 
face 1.0 371.0 87.0 402.0 129.0 
face 1.0 425.0 80.0 451.0 120.0 
face 1.0 452.0 98.0 474.0 129.0 
face 1.0 546.0 87.0 578.0 132.0 
face 1.0 576.0 109.0 595.0 136.0 
face 1.0 597.0 90.0 622.0 127.0 
face 1.0 627.0 108.0 653.0 146.0 
face 1.0 764.0 45.0 791.0 86.0 
face 1.0 746.0 86.0 772.0 128.0 
face 1.0 815.0 93.0 848.0 138.0 
face 1.0 881.0 182.0 892.0 195.0 
face 1.0 920.0 170.0 931.0 183.0 
face 1.0 927.0 187.0 940.0 200.0 
face 1.0 942.0 137.0 954.0 149.0 
face 1.0 958.0 161.0 969.0 175.0 
face 1.0 949.0 181.0 960.0 193.0 
