face 1.0 676.0 382.0 698.0 409.0 
face 1.0 539.0 397.0 557.0 420.0 
face 1.0 765.0 436.0 782.0 456.0 
face 1.0 900.0 424.0 920.0 445.0 
face 1.0 982.0 462.0 994.0 478.0 
face 1.0 860.0 483.0 873.0 501.0 
face 1.0 835.0 419.0 848.0 435.0 
face 1.0 797.0 435.0 807.0 447.0 
face 1.0 811.0 434.0 820.0 445.0 
face 1.0 782.0 430.0 792.0 441.0 
face 1.0 730.0 401.0 738.0 414.0 
face 1.0 623.0 415.0 633.0 427.0 
face 1.0 582.0 419.0 598.0 438.0 
face 1.0 511.0 418.0 518.0 426.0 
face 1.0 401.0 387.0 421.0 410.0 
face 1.0 290.0 395.0 311.0 419.0 
face 1.0 485.0 485.0 491.0 491.0 
face 1.0 195.0 376.0 217.0 401.0 
face 1.0 132.0 412.0 154.0 435.0 
face 1.0 37.0 424.0 54.0 442.0 
face 1.0 121.0 411.0 133.0 428.0 
face 1.0 258.0 397.0 263.0 405.0 
face 1.0 16.0 427.0 22.0 435.0 
face 1.0 6.0 425.0 10.0 431.0 
face 1.0 63.0 431.0 68.0 438.0 
face 1.0 78.0 424.0 82.0 430.0 
