face 1.0 6.0 129.0 32.0 162.0 
face 1.0 55.0 117.0 86.0 155.0 
face 1.0 103.0 134.0 128.0 168.0 
face 1.0 152.0 125.0 166.0 157.0 
face 1.0 149.0 156.0 163.0 179.0 
face 1.0 23.0 197.0 61.0 245.0 
face 1.0 131.0 237.0 165.0 282.0 
face 1.0 236.0 153.0 258.0 182.0 
face 1.0 228.0 170.0 244.0 191.0 
face 1.0 246.0 145.0 278.0 179.0 
face 1.0 341.0 117.0 373.0 158.0 
face 1.0 176.0 283.0 215.0 332.0 
face 1.0 294.0 287.0 336.0 339.0 
face 1.0 410.0 82.0 445.0 128.0 
face 1.0 489.0 121.0 523.0 166.0 
face 1.0 529.0 130.0 559.0 168.0 
face 1.0 556.0 82.0 590.0 129.0 
face 1.0 651.0 145.0 678.0 185.0 
face 1.0 701.0 172.0 724.0 205.0 
face 1.0 760.0 149.0 788.0 186.0 
face 1.0 795.0 164.0 816.0 200.0 
face 1.0 833.0 177.0 857.0 211.0 
face 1.0 860.0 152.0 890.0 191.0 
face 1.0 812.0 200.0 848.0 247.0 
face 1.0 797.0 282.0 835.0 336.0 
face 1.0 701.0 287.0 739.0 338.0 
face 1.0 906.0 180.0 930.0 209.0 
face 1.0 969.0 151.0 1002.0 192.0 
face 1.0 938.0 207.0 980.0 254.0 
face 1.0 895.0 319.0 933.0 371.0 
face 1.0 244.0 194.0 286.0 240.0 
face 1.0 663.0 222.0 696.0 262.0 
