face 1.0 29.0 401.0 58.0 437.0 
face 1.0 255.0 369.0 287.0 408.0 
face 1.0 335.0 376.0 354.0 398.0 
face 1.0 127.0 375.0 140.0 392.0 
face 1.0 83.0 391.0 104.0 417.0 
face 1.0 233.0 374.0 254.0 399.0 
face 1.0 301.0 271.0 311.0 281.0 
face 1.0 542.0 358.0 578.0 400.0 
face 1.0 465.0 354.0 492.0 388.0 
face 1.0 447.0 346.0 471.0 374.0 
face 1.0 385.0 367.0 401.0 387.0 
face 1.0 628.0 391.0 648.0 418.0 
face 1.0 587.0 369.0 603.0 390.0 
face 1.0 493.0 373.0 508.0 390.0 
face 1.0 679.0 360.0 691.0 375.0 
face 1.0 618.0 369.0 629.0 382.0 
face 1.0 729.0 345.0 747.0 366.0 
face 1.0 802.0 357.0 818.0 374.0 
face 1.0 776.0 360.0 788.0 374.0 
face 1.0 852.0 271.0 896.0 324.0 
face 1.0 657.0 385.0 674.0 403.0 
face 1.0 965.0 339.0 1011.0 383.0 
