face 1.0 835.0 266.0 857.0 289.0 
face 1.0 852.0 250.0 870.0 269.0 
face 1.0 883.0 250.0 900.0 266.0 
face 1.0 937.0 252.0 944.0 261.0 
face 1.0 924.0 248.0 929.0 255.0 
face 1.0 992.0 259.0 995.0 264.0 
face 1.0 812.0 261.0 817.0 270.0 
face 1.0 797.0 256.0 807.0 267.0 
face 1.0 718.0 251.0 733.0 269.0 
face 1.0 692.0 250.0 707.0 267.0 
face 1.0 664.0 248.0 674.0 260.0 
face 1.0 673.0 264.0 687.0 282.0 
face 1.0 595.0 238.0 645.0 291.0 
face 1.0 493.0 243.0 519.0 275.0 
face 1.0 454.0 285.0 465.0 298.0 
face 1.0 443.0 285.0 449.0 296.0 
face 1.0 430.0 283.0 438.0 292.0 
face 1.0 388.0 263.0 408.0 288.0 
face 1.0 378.0 289.0 387.0 306.0 
face 1.0 322.0 295.0 350.0 331.0 
face 1.0 301.0 307.0 312.0 324.0 
face 1.0 290.0 289.0 302.0 305.0 
face 1.0 30.0 341.0 47.0 363.0 
face 1.0 77.0 309.0 95.0 332.0 
face 1.0 172.0 296.0 185.0 312.0 
face 1.0 187.0 298.0 197.0 310.0 
face 1.0 196.0 302.0 214.0 325.0 
face 1.0 159.0 370.0 168.0 382.0 
face 1.0 252.0 288.0 269.0 307.0 
