face 1.0 876.0 447.0 906.0 495.0 
face 1.0 795.0 486.0 811.0 512.0 
face 1.0 697.0 484.0 722.0 528.0 
face 1.0 998.0 445.0 1007.0 461.0 
face 1.0 977.0 436.0 989.0 454.0 
face 1.0 988.0 416.0 999.0 430.0 
face 1.0 806.0 400.0 815.0 413.0 
face 1.0 671.0 472.0 681.0 486.0 
face 1.0 649.0 416.0 661.0 432.0 
face 1.0 653.0 399.0 664.0 414.0 
face 1.0 754.0 400.0 765.0 416.0 
face 1.0 791.0 384.0 801.0 396.0 
face 1.0 868.0 449.0 880.0 464.0 
face 1.0 657.0 448.0 668.0 462.0 
face 1.0 969.0 336.0 980.0 349.0 
face 1.0 901.0 338.0 912.0 351.0 
face 1.0 914.0 322.0 926.0 336.0 
face 1.0 966.0 303.0 976.0 315.0 
face 1.0 966.0 288.0 976.0 299.0 
face 1.0 998.0 279.0 1011.0 296.0 
face 1.0 825.0 341.0 836.0 357.0 
face 1.0 778.0 335.0 788.0 350.0 
face 1.0 727.0 352.0 741.0 366.0 
face 1.0 757.0 388.0 767.0 400.0 
face 1.0 665.0 333.0 676.0 348.0 
face 1.0 685.0 324.0 697.0 340.0 
face 1.0 750.0 281.0 762.0 295.0 
face 1.0 791.0 301.0 803.0 313.0 
face 1.0 803.0 319.0 812.0 332.0 
face 1.0 829.0 301.0 839.0 316.0 
face 1.0 848.0 281.0 859.0 296.0 
face 1.0 810.0 276.0 821.0 291.0 
face 1.0 862.0 213.0 874.0 226.0 
face 1.0 897.0 212.0 908.0 226.0 
face 1.0 940.0 217.0 952.0 232.0 
face 1.0 981.0 214.0 993.0 230.0 
face 1.0 1009.0 178.0 1020.0 190.0 
face 1.0 983.0 137.0 994.0 150.0 
face 1.0 833.0 177.0 845.0 191.0 
face 1.0 783.0 225.0 794.0 240.0 
face 1.0 677.0 264.0 687.0 277.0 
face 1.0 705.0 190.0 717.0 206.0 
face 1.0 744.0 196.0 753.0 210.0 
face 1.0 723.0 165.0 733.0 176.0 
face 1.0 679.0 155.0 691.0 170.0 
face 1.0 879.0 136.0 887.0 151.0 
face 1.0 957.0 161.0 966.0 172.0 
face 1.0 931.0 249.0 938.0 260.0 
face 1.0 966.0 249.0 975.0 262.0 
face 1.0 743.0 266.0 755.0 280.0 
face 1.0 717.0 248.0 728.0 263.0 
face 1.0 892.0 70.0 902.0 83.0 
face 1.0 931.0 72.0 941.0 84.0 
face 1.0 916.0 48.0 927.0 61.0 
face 1.0 938.0 29.0 948.0 45.0 
face 1.0 983.0 0.0 993.0 10.0 
face 1.0 869.0 31.0 878.0 44.0 
face 1.0 770.0 122.0 782.0 137.0 
face 1.0 838.0 132.0 848.0 145.0 
face 1.0 808.0 133.0 818.0 145.0 
face 1.0 822.0 107.0 832.0 121.0 
face 1.0 777.0 90.0 788.0 104.0 
face 1.0 942.0 134.0 952.0 149.0 
face 1.0 932.0 120.0 944.0 136.0 
face 1.0 968.0 121.0 979.0 132.0 
face 1.0 785.0 184.0 796.0 199.0 
face 1.0 660.0 175.0 669.0 187.0 
face 1.0 608.0 174.0 619.0 184.0 
face 1.0 658.0 221.0 671.0 234.0 
face 1.0 624.0 226.0 635.0 240.0 
face 1.0 632.0 290.0 641.0 301.0 
face 1.0 646.0 289.0 655.0 305.0 
face 1.0 663.0 122.0 673.0 133.0 
face 1.0 694.0 122.0 704.0 136.0 
face 1.0 735.0 123.0 746.0 137.0 
face 1.0 840.0 86.0 848.0 98.0 
face 1.0 808.0 88.0 820.0 99.0 
face 1.0 655.0 67.0 666.0 80.0 
face 1.0 685.0 66.0 695.0 81.0 
face 1.0 715.0 66.0 726.0 83.0 
face 1.0 617.0 119.0 625.0 131.0 
face 1.0 638.0 101.0 647.0 114.0 
face 1.0 637.0 65.0 647.0 78.0 
face 1.0 647.0 13.0 657.0 25.0 
face 1.0 659.0 9.0 669.0 21.0 
face 1.0 834.0 0.0 844.0 10.0 
face 1.0 874.0 0.0 882.0 11.0 
face 1.0 908.0 0.0 917.0 10.0 
face 1.0 921.0 283.0 933.0 296.0 
face 1.0 642.0 152.0 651.0 165.0 
face 1.0 636.0 134.0 647.0 147.0 
face 1.0 454.0 38.0 465.0 52.0 
face 1.0 507.0 26.0 518.0 36.0 
face 1.0 472.0 26.0 483.0 39.0 
face 1.0 540.0 67.0 550.0 81.0 
face 1.0 546.0 41.0 557.0 54.0 
face 1.0 577.0 26.0 587.0 40.0 
face 1.0 616.0 9.0 623.0 19.0 
face 1.0 503.0 6.0 513.0 18.0 
face 1.0 543.0 26.0 552.0 37.0 
face 1.0 596.0 62.0 606.0 76.0 
face 1.0 577.0 114.0 588.0 126.0 
face 1.0 575.0 132.0 585.0 145.0 
face 1.0 587.0 157.0 598.0 169.0 
face 1.0 568.0 171.0 579.0 182.0 
face 1.0 555.0 177.0 567.0 190.0 
face 1.0 548.0 153.0 558.0 165.0 
face 1.0 501.0 137.0 510.0 150.0 
face 1.0 494.0 113.0 504.0 127.0 
face 1.0 469.0 131.0 480.0 144.0 
face 1.0 386.0 98.0 397.0 112.0 
face 1.0 384.0 78.0 393.0 91.0 
face 1.0 420.0 43.0 430.0 57.0 
face 1.0 401.0 5.0 409.0 20.0 
face 1.0 515.0 171.0 527.0 185.0 
face 1.0 434.0 11.0 441.0 26.0 
face 1.0 452.0 9.0 461.0 21.0 
face 1.0 355.0 25.0 365.0 39.0 
face 1.0 327.0 28.0 336.0 41.0 
face 1.0 361.0 84.0 368.0 97.0 
face 1.0 285.0 114.0 295.0 127.0 
face 1.0 287.0 152.0 294.0 161.0 
face 1.0 312.0 167.0 319.0 181.0 
face 1.0 380.0 255.0 388.0 269.0 
face 1.0 440.0 259.0 447.0 274.0 
face 1.0 609.0 77.0 618.0 91.0 
face 1.0 355.0 0.0 365.0 13.0 
face 1.0 589.0 0.0 597.0 5.0 
face 1.0 140.0 149.0 150.0 162.0 
face 1.0 177.0 151.0 183.0 163.0 
face 1.0 177.0 151.0 187.0 165.0 
face 1.0 227.0 139.0 238.0 155.0 
face 1.0 244.0 124.0 253.0 136.0 
face 1.0 263.0 146.0 272.0 159.0 
face 1.0 263.0 146.0 273.0 158.0 
face 1.0 242.0 219.0 253.0 232.0 
face 1.0 241.0 241.0 253.0 255.0 
face 1.0 142.0 179.0 151.0 192.0 
face 1.0 183.0 181.0 194.0 193.0 
face 1.0 47.0 134.0 59.0 147.0 
face 1.0 99.0 146.0 109.0 158.0 
face 1.0 99.0 146.0 109.0 161.0 
face 1.0 117.0 214.0 127.0 227.0 
face 1.0 155.0 218.0 167.0 231.0 
face 1.0 168.0 230.0 179.0 245.0 
face 1.0 217.0 258.0 230.0 270.0 
face 1.0 200.0 218.0 210.0 232.0 
face 1.0 211.0 240.0 222.0 254.0 
face 1.0 263.0 253.0 273.0 268.0 
face 1.0 261.0 79.0 272.0 94.0 
face 1.0 222.0 77.0 232.0 89.0 
face 1.0 183.0 76.0 193.0 87.0 
face 1.0 188.0 87.0 194.0 92.0 
face 1.0 147.0 76.0 156.0 89.0 
face 1.0 128.0 37.0 138.0 51.0 
face 1.0 141.0 49.0 151.0 64.0 
face 1.0 179.0 52.0 189.0 65.0 
face 1.0 209.0 41.0 220.0 55.0 
face 1.0 249.0 36.0 260.0 51.0 
face 1.0 237.0 17.0 248.0 32.0 
face 1.0 195.0 16.0 205.0 31.0 
face 1.0 188.0 12.0 197.0 25.0 
face 1.0 167.0 32.0 178.0 45.0 
face 1.0 157.0 15.0 167.0 26.0 
face 1.0 130.0 12.0 141.0 23.0 
face 1.0 76.0 14.0 85.0 24.0 
face 1.0 111.0 3.0 120.0 13.0 
face 1.0 94.0 53.0 106.0 65.0 
face 1.0 73.0 83.0 85.0 98.0 
face 1.0 58.0 56.0 68.0 67.0 
face 1.0 66.0 66.0 76.0 81.0 
face 1.0 27.0 72.0 37.0 86.0 
face 1.0 20.0 55.0 29.0 69.0 
face 1.0 48.0 32.0 58.0 46.0 
face 1.0 43.0 9.0 54.0 24.0 
face 1.0 40.0 112.0 50.0 127.0 
face 1.0 0.0 106.0 9.0 120.0 
face 1.0 16.0 140.0 27.0 154.0 
face 1.0 88.0 215.0 99.0 228.0 
face 1.0 94.0 179.0 104.0 194.0 
face 1.0 125.0 232.0 135.0 247.0 
face 1.0 38.0 228.0 49.0 240.0 
face 1.0 23.0 219.0 35.0 233.0 
face 1.0 77.0 241.0 84.0 251.0 
face 1.0 78.0 246.0 88.0 259.0 
face 1.0 0.0 22.0 8.0 33.0 
face 1.0 31.0 0.0 40.0 8.0 
face 1.0 0.0 164.0 7.0 176.0 
face 1.0 561.0 468.0 586.0 502.0 
face 1.0 608.0 396.0 620.0 410.0 
face 1.0 568.0 336.0 579.0 351.0 
face 1.0 638.0 337.0 648.0 350.0 
face 1.0 650.0 319.0 662.0 335.0 
face 1.0 602.0 323.0 610.0 335.0 
face 1.0 616.0 378.0 630.0 396.0 
face 1.0 568.0 380.0 581.0 396.0 
face 1.0 464.0 486.0 489.0 519.0 
face 1.0 383.0 480.0 406.0 513.0 
face 1.0 311.0 477.0 332.0 509.0 
face 1.0 219.0 479.0 240.0 510.0 
face 1.0 177.0 492.0 196.0 522.0 
face 1.0 390.0 415.0 402.0 429.0 
face 1.0 414.0 432.0 426.0 451.0 
face 1.0 437.0 420.0 446.0 434.0 
face 1.0 495.0 317.0 505.0 331.0 
face 1.0 349.0 352.0 359.0 366.0 
face 1.0 361.0 319.0 372.0 332.0 
face 1.0 417.0 323.0 426.0 335.0 
face 1.0 332.0 452.0 344.0 467.0 
face 1.0 340.0 468.0 352.0 484.0 
face 1.0 267.0 480.0 279.0 497.0 
face 1.0 277.0 436.0 289.0 452.0 
face 1.0 244.0 447.0 256.0 462.0 
face 1.0 169.0 464.0 183.0 480.0 
face 1.0 141.0 488.0 155.0 505.0 
face 1.0 160.0 380.0 170.0 394.0 
face 1.0 139.0 387.0 149.0 403.0 
face 1.0 203.0 378.0 215.0 393.0 
face 1.0 237.0 339.0 250.0 356.0 
face 1.0 266.0 332.0 278.0 346.0 
face 1.0 253.0 381.0 265.0 397.0 
face 1.0 274.0 408.0 287.0 424.0 
face 1.0 230.0 424.0 243.0 440.0 
face 1.0 312.0 416.0 324.0 433.0 
face 1.0 349.0 414.0 361.0 428.0 
face 1.0 195.0 417.0 204.0 433.0 
face 1.0 220.0 327.0 232.0 343.0 
face 1.0 214.0 311.0 225.0 327.0 
face 1.0 254.0 315.0 266.0 329.0 
face 1.0 237.0 298.0 248.0 314.0 
face 1.0 166.0 312.0 178.0 328.0 
face 1.0 283.0 286.0 296.0 303.0 
face 1.0 272.0 269.0 284.0 285.0 
face 1.0 177.0 260.0 187.0 276.0 
face 1.0 144.0 269.0 156.0 283.0 
face 1.0 150.0 288.0 162.0 304.0 
face 1.0 138.0 367.0 149.0 381.0 
face 1.0 516.0 320.0 526.0 336.0 
face 1.0 600.0 295.0 610.0 307.0 
face 1.0 611.0 341.0 621.0 354.0 
face 1.0 327.0 322.0 337.0 335.0 
face 1.0 311.0 336.0 322.0 353.0 
face 1.0 108.0 315.0 120.0 328.0 
face 1.0 73.0 313.0 84.0 328.0 
face 1.0 29.0 312.0 41.0 325.0 
face 1.0 25.0 325.0 38.0 345.0 
face 1.0 42.0 347.0 54.0 365.0 
face 1.0 121.0 337.0 131.0 350.0 
face 1.0 90.0 337.0 99.0 349.0 
face 1.0 55.0 403.0 68.0 418.0 
face 1.0 125.0 460.0 136.0 479.0 
face 1.0 101.0 417.0 112.0 430.0 
face 1.0 61.0 460.0 73.0 478.0 
face 1.0 49.0 490.0 61.0 504.0 
face 1.0 16.0 502.0 33.0 525.0 
face 1.0 0.0 264.0 5.0 276.0 
face 1.0 1010.0 340.0 1022.0 356.0 
face 1.0 1018.0 142.0 1024.0 155.0 
face 1.0 1019.0 64.0 1024.0 76.0 
face 1.0 417.0 98.0 427.0 111.0 
face 1.0 472.0 79.0 482.0 93.0 
face 1.0 509.0 78.0 516.0 90.0 
face 1.0 556.0 61.0 564.0 71.0 
face 1.0 338.0 432.0 351.0 448.0 
face 1.0 838.0 320.0 849.0 333.0 
face 1.0 886.0 317.0 895.0 328.0 
face 1.0 934.0 304.0 941.0 319.0 
face 1.0 323.0 14.0 332.0 26.0 
face 1.0 392.0 42.0 401.0 52.0 
face 1.0 618.0 68.0 627.0 77.0 
face 1.0 595.0 175.0 606.0 188.0 
face 1.0 219.0 470.0 230.0 486.0 
face 1.0 91.0 505.0 108.0 528.0 
face 1.0 89.0 34.0 96.0 46.0 
face 1.0 21.0 85.0 30.0 100.0 
face 1.0 994.0 182.0 1003.0 193.0 
face 1.0 1007.0 154.0 1016.0 168.0 
face 1.0 895.0 139.0 906.0 150.0 
face 1.0 410.0 349.0 421.0 363.0 
face 1.0 456.0 321.0 468.0 337.0 
face 1.0 608.0 488.0 626.0 513.0 
face 1.0 880.0 279.0 892.0 296.0 
face 1.0 880.0 47.0 892.0 63.0 
