face 1.0 588.0 331.0 595.0 340.0 
face 1.0 513.0 331.0 520.0 340.0 
face 1.0 499.0 334.0 505.0 342.0 
face 1.0 899.0 527.0 919.0 550.0 
face 1.0 953.0 556.0 1024.0 637.0 
face 1.0 961.0 496.0 971.0 507.0 
face 1.0 943.0 503.0 956.0 518.0 
face 1.0 613.0 515.0 620.0 526.0 
face 1.0 583.0 527.0 594.0 541.0 
face 1.0 533.0 543.0 551.0 568.0 
face 1.0 584.0 560.0 606.0 587.0 
face 1.0 507.0 418.0 517.0 429.0 
face 1.0 564.0 516.0 572.0 526.0 
face 1.0 550.0 520.0 557.0 530.0 
face 1.0 445.0 525.0 465.0 551.0 
face 1.0 477.0 551.0 498.0 579.0 
face 1.0 511.0 536.0 528.0 558.0 
face 1.0 72.0 552.0 92.0 581.0 
face 1.0 87.0 525.0 101.0 540.0 
face 1.0 113.0 529.0 122.0 538.0 
face 1.0 88.0 504.0 96.0 514.0 
face 1.0 231.0 554.0 252.0 584.0 
face 1.0 352.0 510.0 364.0 525.0 
face 1.0 412.0 523.0 422.0 537.0 
face 1.0 618.0 609.0 724.0 699.0 
face 1.0 636.0 525.0 646.0 537.0 
face 1.0 602.0 528.0 611.0 538.0 
