face 1.0 0.0 330.0 34.0 368.0 
face 1.0 165.0 358.0 182.0 394.0 
face 1.0 90.0 490.0 116.0 522.0 
face 1.0 288.0 386.0 309.0 410.0 
face 1.0 260.0 388.0 273.0 413.0 
face 1.0 244.0 337.0 262.0 379.0 
face 1.0 351.0 396.0 358.0 407.0 
face 1.0 374.0 392.0 385.0 403.0 
face 1.0 409.0 361.0 431.0 392.0 
face 1.0 436.0 387.0 455.0 412.0 
face 1.0 464.0 399.0 499.0 447.0 
face 1.0 529.0 363.0 551.0 391.0 
face 1.0 564.0 365.0 588.0 389.0 
face 1.0 709.0 360.0 739.0 407.0 
face 1.0 858.0 366.0 877.0 395.0 
face 1.0 938.0 386.0 958.0 412.0 
face 1.0 1000.0 387.0 1010.0 406.0 
face 1.0 959.0 351.0 967.0 364.0 
face 1.0 359.0 387.0 373.0 405.0 
