face 1.0 0.0 220.0 28.0 267.0 
face 1.0 165.0 250.0 199.0 285.0 
face 1.0 315.0 222.0 339.0 257.0 
face 1.0 354.0 235.0 378.0 269.0 
face 1.0 424.0 204.0 449.0 235.0 
face 1.0 468.0 224.0 499.0 262.0 
face 1.0 511.0 236.0 537.0 265.0 
face 1.0 507.0 196.0 527.0 223.0 
face 1.0 550.0 180.0 569.0 204.0 
face 1.0 585.0 227.0 610.0 258.0 
face 1.0 584.0 180.0 602.0 204.0 
face 1.0 607.0 212.0 629.0 241.0 
face 1.0 653.0 195.0 672.0 222.0 
face 1.0 677.0 200.0 697.0 228.0 
face 1.0 708.0 187.0 724.0 213.0 
face 1.0 711.0 164.0 730.0 186.0 
face 1.0 646.0 157.0 662.0 175.0 
face 1.0 625.0 175.0 643.0 198.0 
face 1.0 563.0 138.0 580.0 156.0 
face 1.0 588.0 141.0 603.0 156.0 
face 1.0 680.0 144.0 694.0 158.0 
face 1.0 762.0 155.0 774.0 169.0 
face 1.0 805.0 143.0 819.0 156.0 
face 1.0 795.0 138.0 802.0 146.0 
face 1.0 784.0 139.0 793.0 150.0 
face 1.0 832.0 147.0 844.0 161.0 
face 1.0 898.0 124.0 904.0 131.0 
face 1.0 925.0 146.0 940.0 167.0 
face 1.0 936.0 107.0 942.0 113.0 
face 1.0 961.0 111.0 967.0 119.0 
face 1.0 406.0 117.0 413.0 128.0 
face 1.0 437.0 113.0 443.0 121.0 
face 1.0 511.0 115.0 517.0 123.0 
face 1.0 634.0 149.0 643.0 160.0 
face 1.0 701.0 151.0 716.0 166.0 
face 1.0 658.0 150.0 674.0 166.0 
