face 1.0 17.0 438.0 34.0 451.0 
face 1.0 85.0 421.0 96.0 435.0 
face 1.0 60.0 427.0 71.0 441.0 
face 1.0 46.0 394.0 55.0 404.0 
face 1.0 144.0 390.0 153.0 400.0 
face 1.0 121.0 411.0 130.0 422.0 
face 1.0 133.0 372.0 145.0 383.0 
face 1.0 181.0 377.0 190.0 388.0 
face 1.0 197.0 376.0 205.0 387.0 
face 1.0 213.0 416.0 222.0 426.0 
face 1.0 248.0 388.0 255.0 398.0 
face 1.0 278.0 400.0 285.0 410.0 
face 1.0 298.0 379.0 307.0 388.0 
face 1.0 258.0 375.0 267.0 386.0 
face 1.0 223.0 358.0 232.0 369.0 
face 1.0 231.0 345.0 240.0 355.0 
face 1.0 239.0 323.0 248.0 332.0 
face 1.0 284.0 327.0 292.0 338.0 
face 1.0 297.0 332.0 303.0 341.0 
face 1.0 311.0 333.0 318.0 341.0 
face 1.0 336.0 320.0 343.0 329.0 
face 1.0 315.0 309.0 322.0 320.0 
face 1.0 285.0 304.0 293.0 315.0 
face 1.0 249.0 304.0 258.0 313.0 
face 1.0 287.0 258.0 294.0 266.0 
face 1.0 341.0 294.0 348.0 302.0 
face 1.0 345.0 286.0 352.0 294.0 
face 1.0 367.0 277.0 373.0 284.0 
face 1.0 411.0 307.0 418.0 315.0 
face 1.0 413.0 284.0 420.0 295.0 
face 1.0 427.0 280.0 434.0 289.0 
face 1.0 438.0 278.0 444.0 285.0 
face 1.0 401.0 266.0 406.0 273.0 
face 1.0 432.0 249.0 437.0 255.0 
face 1.0 449.0 249.0 455.0 255.0 
face 1.0 441.0 297.0 446.0 302.0 
face 1.0 451.0 284.0 457.0 293.0 
face 1.0 461.0 277.0 466.0 284.0 
face 1.0 474.0 260.0 480.0 268.0 
face 1.0 489.0 252.0 495.0 258.0 
face 1.0 481.0 255.0 486.0 262.0 
face 1.0 523.0 271.0 529.0 277.0 
face 1.0 510.0 243.0 516.0 250.0 
face 1.0 502.0 247.0 507.0 254.0 
face 1.0 526.0 249.0 532.0 257.0 
face 1.0 554.0 235.0 560.0 242.0 
face 1.0 587.0 252.0 592.0 257.0 
face 1.0 636.0 372.0 644.0 382.0 
face 1.0 609.0 398.0 617.0 408.0 
face 1.0 550.0 368.0 560.0 377.0 
face 1.0 515.0 328.0 523.0 336.0 
face 1.0 493.0 350.0 501.0 359.0 
face 1.0 611.0 318.0 618.0 327.0 
face 1.0 553.0 299.0 558.0 306.0 
face 1.0 675.0 348.0 681.0 357.0 
face 1.0 689.0 321.0 695.0 328.0 
face 1.0 716.0 293.0 722.0 300.0 
face 1.0 639.0 297.0 646.0 304.0 
face 1.0 681.0 265.0 687.0 271.0 
face 1.0 718.0 270.0 723.0 276.0 
face 1.0 645.0 258.0 650.0 264.0 
face 1.0 657.0 247.0 661.0 253.0 
face 1.0 658.0 276.0 662.0 282.0 
face 1.0 626.0 264.0 630.0 269.0 
face 1.0 593.0 291.0 599.0 297.0 
face 1.0 929.0 539.0 940.0 554.0 
face 1.0 897.0 502.0 914.0 517.0 
face 1.0 1006.0 559.0 1016.0 574.0 
face 1.0 997.0 592.0 1013.0 609.0 
face 1.0 994.0 648.0 1006.0 664.0 
face 1.0 896.0 563.0 905.0 576.0 
face 1.0 859.0 470.0 868.0 482.0 
face 1.0 797.0 426.0 806.0 437.0 
face 1.0 862.0 437.0 870.0 445.0 
face 1.0 893.0 452.0 903.0 463.0 
face 1.0 998.0 436.0 1007.0 449.0 
face 1.0 989.0 480.0 1000.0 495.0 
face 1.0 863.0 398.0 870.0 409.0 
face 1.0 919.0 407.0 929.0 419.0 
face 1.0 970.0 360.0 976.0 369.0 
face 1.0 902.0 340.0 907.0 345.0 
face 1.0 910.0 327.0 916.0 335.0 
face 1.0 892.0 322.0 898.0 331.0 
face 1.0 878.0 331.0 884.0 339.0 
face 1.0 859.0 314.0 867.0 323.0 
face 1.0 865.0 376.0 873.0 386.0 
face 1.0 896.0 373.0 903.0 382.0 
face 1.0 909.0 365.0 917.0 375.0 
face 1.0 983.0 341.0 990.0 350.0 
face 1.0 962.0 321.0 971.0 331.0 
face 1.0 988.0 321.0 996.0 329.0 
face 1.0 948.0 301.0 954.0 308.0 
face 1.0 915.0 308.0 922.0 317.0 
face 1.0 931.0 290.0 939.0 299.0 
face 1.0 942.0 282.0 948.0 287.0 
face 1.0 895.0 298.0 902.0 305.0 
face 1.0 863.0 294.0 869.0 302.0 
face 1.0 868.0 285.0 873.0 291.0 
face 1.0 855.0 277.0 863.0 286.0 
face 1.0 963.0 382.0 975.0 395.0 
face 1.0 123.0 335.0 137.0 351.0 
face 1.0 584.0 350.0 592.0 360.0 
face 1.0 112.0 400.0 123.0 411.0 
face 1.0 89.0 397.0 99.0 408.0 
face 1.0 982.0 514.0 995.0 526.0 
face 1.0 1000.0 363.0 1008.0 374.0 
face 1.0 827.0 588.0 839.0 597.0 
face 1.0 840.0 346.0 850.0 357.0 
face 1.0 1007.0 319.0 1014.0 329.0 
face 1.0 999.0 302.0 1005.0 312.0 
face 1.0 983.0 296.0 992.0 307.0 
face 1.0 979.0 262.0 987.0 271.0 
face 1.0 914.0 287.0 923.0 298.0 
face 1.0 990.0 427.0 997.0 438.0 
face 1.0 1010.0 337.0 1019.0 349.0 
face 1.0 417.0 261.0 425.0 272.0 
face 1.0 246.0 357.0 256.0 369.0 
face 1.0 944.0 420.0 952.0 430.0 
face 1.0 925.0 473.0 935.0 489.0 
