face 1.0 256.0 508.0 327.0 605.0 
face 1.0 856.0 368.0 928.0 442.0 
face 1.0 975.0 339.0 996.0 364.0 
face 1.0 946.0 322.0 960.0 343.0 
face 1.0 933.0 321.0 943.0 335.0 
face 1.0 897.0 310.0 912.0 324.0 
face 1.0 845.0 312.0 857.0 324.0 
face 1.0 853.0 326.0 863.0 339.0 
face 1.0 831.0 319.0 841.0 332.0 
face 1.0 801.0 328.0 809.0 339.0 
face 1.0 808.0 310.0 823.0 327.0 
face 1.0 820.0 304.0 832.0 326.0 
face 1.0 764.0 318.0 776.0 336.0 
face 1.0 730.0 309.0 752.0 335.0 
face 1.0 712.0 316.0 725.0 334.0 
face 1.0 573.0 311.0 606.0 343.0 
face 1.0 758.0 282.0 770.0 297.0 
face 1.0 795.0 308.0 805.0 325.0 
face 1.0 520.0 289.0 541.0 319.0 
face 1.0 21.0 264.0 57.0 322.0 
face 1.0 69.0 382.0 114.0 437.0 
face 1.0 341.0 334.0 364.0 371.0 
face 1.0 157.0 220.0 165.0 231.0 
face 1.0 427.0 309.0 446.0 335.0 
face 1.0 319.0 329.0 344.0 362.0 
face 1.0 249.0 412.0 286.0 442.0 
face 1.0 97.0 369.0 153.0 430.0 
face 1.0 158.0 319.0 193.0 354.0 
