face 1.0 30.0 432.0 59.0 476.0 
face 1.0 24.0 298.0 37.0 315.0 
face 1.0 2.0 328.0 11.0 342.0 
face 1.0 34.0 337.0 48.0 354.0 
face 1.0 59.0 336.0 74.0 355.0 
face 1.0 12.0 362.0 40.0 397.0 
face 1.0 0.0 394.0 19.0 424.0 
face 1.0 21.0 399.0 59.0 438.0 
face 1.0 0.0 460.0 13.0 524.0 
face 1.0 62.0 367.0 72.0 384.0 
face 1.0 74.0 371.0 88.0 392.0 
face 1.0 78.0 370.0 104.0 397.0 
face 1.0 127.0 342.0 139.0 355.0 
face 1.0 155.0 328.0 163.0 336.0 
face 1.0 174.0 333.0 190.0 355.0 
face 1.0 163.0 346.0 177.0 365.0 
face 1.0 159.0 366.0 175.0 385.0 
face 1.0 128.0 381.0 159.0 419.0 
face 1.0 149.0 409.0 183.0 448.0 
face 1.0 82.0 458.0 139.0 510.0 
face 1.0 67.0 481.0 92.0 509.0 
face 1.0 147.0 481.0 200.0 540.0 
face 1.0 0.0 554.0 64.0 606.0 
face 1.0 16.0 520.0 74.0 579.0 
face 1.0 95.0 588.0 170.0 687.0 
face 1.0 250.0 579.0 302.0 636.0 
face 1.0 225.0 415.0 249.0 448.0 
face 1.0 276.0 374.0 300.0 401.0 
face 1.0 186.0 360.0 204.0 381.0 
face 1.0 211.0 312.0 227.0 330.0 
face 1.0 219.0 356.0 231.0 371.0 
face 1.0 248.0 325.0 260.0 339.0 
face 1.0 234.0 331.0 246.0 345.0 
face 1.0 246.0 344.0 257.0 360.0 
face 1.0 259.0 332.0 268.0 343.0 
face 1.0 213.0 375.0 230.0 391.0 
face 1.0 240.0 367.0 260.0 391.0 
face 1.0 217.0 416.0 239.0 447.0 
face 1.0 258.0 353.0 271.0 374.0 
face 1.0 249.0 308.0 259.0 315.0 
face 1.0 278.0 319.0 291.0 334.0 
face 1.0 319.0 323.0 332.0 340.0 
face 1.0 289.0 336.0 300.0 348.0 
face 1.0 291.0 357.0 305.0 375.0 
face 1.0 299.0 353.0 322.0 379.0 
face 1.0 317.0 380.0 337.0 406.0 
face 1.0 313.0 403.0 350.0 451.0 
face 1.0 293.0 432.0 316.0 463.0 
face 1.0 318.0 355.0 332.0 375.0 
face 1.0 336.0 369.0 361.0 396.0 
face 1.0 351.0 352.0 364.0 369.0 
face 1.0 371.0 323.0 388.0 346.0 
face 1.0 400.0 324.0 428.0 359.0 
face 1.0 428.0 307.0 440.0 323.0 
face 1.0 320.0 459.0 368.0 524.0 
face 1.0 368.0 448.0 413.0 518.0 
face 1.0 445.0 369.0 478.0 404.0 
face 1.0 451.0 396.0 482.0 440.0 
face 1.0 451.0 523.0 516.0 608.0 
face 1.0 534.0 435.0 554.0 465.0 
face 1.0 551.0 424.0 587.0 471.0 
face 1.0 563.0 428.0 601.0 479.0 
face 1.0 608.0 488.0 656.0 556.0 
face 1.0 663.0 605.0 730.0 687.0 
face 1.0 443.0 349.0 458.0 363.0 
face 1.0 467.0 349.0 484.0 372.0 
face 1.0 462.0 333.0 472.0 345.0 
face 1.0 460.0 318.0 471.0 330.0 
face 1.0 475.0 301.0 486.0 316.0 
face 1.0 479.0 311.0 498.0 335.0 
face 1.0 502.0 322.0 515.0 342.0 
face 1.0 502.0 345.0 518.0 365.0 
face 1.0 501.0 360.0 517.0 380.0 
face 1.0 510.0 372.0 533.0 401.0 
face 1.0 522.0 338.0 539.0 358.0 
face 1.0 523.0 351.0 537.0 369.0 
face 1.0 531.0 362.0 556.0 391.0 
face 1.0 532.0 304.0 544.0 315.0 
face 1.0 535.0 321.0 547.0 333.0 
face 1.0 574.0 309.0 585.0 324.0 
face 1.0 583.0 317.0 596.0 333.0 
face 1.0 567.0 330.0 582.0 350.0 
face 1.0 575.0 338.0 592.0 359.0 
face 1.0 584.0 345.0 607.0 375.0 
face 1.0 628.0 363.0 651.0 394.0 
face 1.0 658.0 392.0 690.0 429.0 
face 1.0 671.0 361.0 697.0 394.0 
face 1.0 714.0 409.0 748.0 451.0 
face 1.0 745.0 355.0 768.0 385.0 
face 1.0 624.0 334.0 648.0 363.0 
face 1.0 631.0 311.0 647.0 329.0 
face 1.0 661.0 314.0 676.0 330.0 
face 1.0 703.0 290.0 715.0 308.0 
face 1.0 709.0 305.0 722.0 326.0 
face 1.0 743.0 315.0 764.0 342.0 
face 1.0 725.0 479.0 781.0 550.0 
face 1.0 819.0 506.0 878.0 588.0 
face 1.0 869.0 581.0 982.0 685.0 
face 1.0 779.0 417.0 814.0 464.0 
face 1.0 982.0 465.0 1024.0 536.0 
face 1.0 977.0 422.0 1019.0 478.0 
face 1.0 904.0 377.0 931.0 414.0 
face 1.0 933.0 408.0 976.0 457.0 
face 1.0 918.0 400.0 951.0 446.0 
face 1.0 735.0 300.0 751.0 318.0 
face 1.0 743.0 273.0 756.0 291.0 
face 1.0 808.0 265.0 821.0 281.0 
face 1.0 786.0 305.0 798.0 320.0 
face 1.0 793.0 316.0 808.0 338.0 
face 1.0 805.0 319.0 818.0 339.0 
face 1.0 818.0 324.0 840.0 347.0 
face 1.0 771.0 359.0 796.0 386.0 
face 1.0 785.0 345.0 807.0 369.0 
face 1.0 807.0 356.0 827.0 380.0 
face 1.0 860.0 378.0 886.0 419.0 
face 1.0 854.0 327.0 876.0 356.0 
face 1.0 867.0 341.0 888.0 368.0 
face 1.0 895.0 350.0 919.0 375.0 
face 1.0 959.0 348.0 987.0 378.0 
face 1.0 1000.0 364.0 1024.0 401.0 
face 1.0 908.0 310.0 922.0 327.0 
face 1.0 913.0 329.0 929.0 349.0 
face 1.0 911.0 271.0 919.0 282.0 
face 1.0 920.0 277.0 931.0 291.0 
face 1.0 933.0 271.0 949.0 288.0 
face 1.0 930.0 291.0 943.0 308.0 
face 1.0 932.0 298.0 955.0 327.0 
face 1.0 966.0 296.0 979.0 316.0 
face 1.0 1011.0 320.0 1024.0 347.0 
face 1.0 993.0 312.0 1013.0 335.0 
face 1.0 977.0 295.0 993.0 314.0 
face 1.0 984.0 284.0 999.0 299.0 
face 1.0 873.0 271.0 881.0 280.0 
face 1.0 855.0 283.0 863.0 292.0 
face 1.0 1016.0 272.0 1024.0 285.0 
face 1.0 991.0 277.0 1004.0 288.0 
face 1.0 201.0 326.0 214.0 343.0 
face 1.0 559.0 309.0 571.0 327.0 
face 1.0 664.0 305.0 678.0 326.0 
face 1.0 708.0 272.0 718.0 285.0 
face 1.0 863.0 284.0 879.0 302.0 
face 1.0 377.0 310.0 391.0 326.0 
