face 1.0 32.0 319.0 48.0 334.0 
face 1.0 49.0 327.0 60.0 339.0 
face 1.0 72.0 318.0 90.0 339.0 
face 1.0 125.0 321.0 139.0 337.0 
face 1.0 153.0 314.0 171.0 337.0 
face 1.0 188.0 318.0 204.0 335.0 
face 1.0 208.0 329.0 214.0 336.0 
face 1.0 249.0 316.0 268.0 340.0 
face 1.0 266.0 318.0 277.0 331.0 
face 1.0 274.0 327.0 281.0 336.0 
face 1.0 365.0 314.0 386.0 338.0 
face 1.0 408.0 328.0 413.0 334.0 
face 1.0 426.0 331.0 433.0 338.0 
face 1.0 483.0 297.0 508.0 328.0 
face 1.0 517.0 329.0 522.0 335.0 
face 1.0 543.0 335.0 555.0 349.0 
face 1.0 606.0 291.0 629.0 320.0 
face 1.0 623.0 288.0 652.0 326.0 
face 1.0 680.0 336.0 687.0 344.0 
face 1.0 704.0 333.0 711.0 343.0 
face 1.0 746.0 305.0 770.0 332.0 
face 1.0 826.0 291.0 863.0 334.0 
face 1.0 860.0 336.0 874.0 353.0 
face 1.0 941.0 284.0 969.0 320.0 
face 1.0 988.0 329.0 1003.0 347.0 
