face 1.0 549.0 244.0 559.0 259.0 
face 1.0 574.0 249.0 591.0 276.0 
face 1.0 834.0 227.0 848.0 245.0 
face 1.0 738.0 232.0 755.0 252.0 
face 1.0 900.0 234.0 909.0 247.0 
face 1.0 967.0 233.0 976.0 245.0 
face 1.0 34.0 253.0 49.0 272.0 
face 1.0 125.0 252.0 144.0 275.0 
face 1.0 150.0 243.0 165.0 261.0 
face 1.0 68.0 247.0 78.0 259.0 
face 1.0 102.0 241.0 114.0 256.0 
face 1.0 177.0 242.0 187.0 255.0 
face 1.0 22.0 238.0 35.0 253.0 
face 1.0 54.0 257.0 65.0 272.0 
face 1.0 239.0 245.0 255.0 266.0 
face 1.0 250.0 235.0 260.0 248.0 
face 1.0 281.0 234.0 294.0 250.0 
face 1.0 340.0 226.0 351.0 242.0 
face 1.0 353.0 233.0 366.0 252.0 
face 1.0 450.0 263.0 478.0 295.0 
face 1.0 409.0 245.0 422.0 261.0 
face 1.0 314.0 247.0 349.0 292.0 
face 1.0 500.0 224.0 512.0 239.0 
face 1.0 601.0 228.0 612.0 240.0 
face 1.0 999.0 216.0 1019.0 243.0 
