face 1.0 79.0 217.0 88.0 227.0 
face 1.0 98.0 241.0 106.0 254.0 
face 1.0 143.0 259.0 154.0 271.0 
face 1.0 188.0 216.0 196.0 225.0 
face 1.0 228.0 304.0 234.0 312.0 
face 1.0 242.0 264.0 250.0 275.0 
face 1.0 226.0 219.0 235.0 227.0 
face 1.0 281.0 209.0 288.0 221.0 
face 1.0 343.0 160.0 356.0 192.0 
face 1.0 540.0 287.0 548.0 297.0 
face 1.0 570.0 208.0 576.0 218.0 
face 1.0 729.0 181.0 738.0 214.0 
face 1.0 1001.0 262.0 1008.0 272.0 
face 1.0 7.0 217.0 16.0 232.0 
face 1.0 24.0 220.0 31.0 226.0 
face 1.0 52.0 234.0 62.0 248.0 
face 1.0 799.0 218.0 805.0 228.0 
face 1.0 966.0 264.0 973.0 271.0 
face 1.0 201.0 299.0 208.0 309.0 
face 1.0 643.0 158.0 657.0 193.0 
