face 1.0 204.0 296.0 217.0 307.0 
face 1.0 223.0 309.0 235.0 323.0 
face 1.0 266.0 300.0 278.0 316.0 
face 1.0 337.0 320.0 347.0 332.0 
face 1.0 394.0 338.0 400.0 346.0 
face 1.0 411.0 337.0 424.0 352.0 
face 1.0 414.0 313.0 424.0 323.0 
face 1.0 476.0 302.0 491.0 323.0 
face 1.0 545.0 336.0 555.0 351.0 
face 1.0 615.0 340.0 632.0 357.0 
face 1.0 665.0 329.0 673.0 339.0 
face 1.0 719.0 345.0 731.0 357.0 
face 1.0 709.0 321.0 715.0 327.0 
face 1.0 728.0 318.0 733.0 324.0 
face 1.0 771.0 335.0 780.0 349.0 
face 1.0 831.0 326.0 842.0 338.0 
face 1.0 586.0 318.0 592.0 324.0 
face 1.0 553.0 318.0 557.0 323.0 
face 1.0 193.0 310.0 202.0 319.0 
