face 1.0 313.0 417.0 324.0 433.0 
face 1.0 389.0 421.0 396.0 432.0 
face 1.0 254.0 451.0 260.0 459.0 
face 1.0 271.0 442.0 277.0 451.0 
face 1.0 183.0 442.0 190.0 450.0 
face 1.0 68.0 430.0 76.0 439.0 
face 1.0 522.0 452.0 527.0 458.0 
face 1.0 463.0 452.0 468.0 458.0 
face 1.0 491.0 454.0 494.0 460.0 
face 1.0 616.0 453.0 622.0 460.0 
face 1.0 644.0 423.0 653.0 436.0 
face 1.0 890.0 453.0 901.0 463.0 
face 1.0 879.0 489.0 892.0 503.0 
face 1.0 942.0 461.0 956.0 478.0 
face 1.0 991.0 448.0 1007.0 470.0 
face 1.0 730.0 502.0 737.0 511.0 
face 1.0 763.0 504.0 770.0 513.0 
face 1.0 733.0 483.0 743.0 494.0 
face 1.0 862.0 484.0 875.0 503.0 
