face 1.0 806.0 442.0 830.0 474.0 
face 1.0 936.0 435.0 957.0 463.0 
face 1.0 57.0 542.0 77.0 564.0 
face 1.0 83.0 539.0 100.0 560.0 
face 1.0 183.0 535.0 205.0 559.0 
face 1.0 268.0 529.0 284.0 554.0 
face 1.0 331.0 542.0 346.0 564.0 
face 1.0 424.0 538.0 444.0 560.0 
face 1.0 222.0 527.0 235.0 543.0 
face 1.0 294.0 526.0 305.0 539.0 
face 1.0 288.0 527.0 296.0 539.0 
face 1.0 364.0 539.0 375.0 552.0 
face 1.0 380.0 544.0 391.0 559.0 
face 1.0 376.0 524.0 386.0 535.0 
face 1.0 13.0 531.0 21.0 544.0 
face 1.0 135.0 528.0 142.0 539.0 
face 1.0 126.0 534.0 132.0 541.0 
face 1.0 524.0 540.0 545.0 566.0 
face 1.0 496.0 521.0 513.0 544.0 
face 1.0 549.0 541.0 568.0 560.0 
face 1.0 595.0 524.0 612.0 544.0 
face 1.0 615.0 529.0 626.0 544.0 
face 1.0 588.0 530.0 598.0 544.0 
face 1.0 517.0 527.0 527.0 539.0 
face 1.0 640.0 543.0 649.0 554.0 
face 1.0 661.0 530.0 683.0 553.0 
face 1.0 742.0 539.0 758.0 557.0 
face 1.0 699.0 532.0 708.0 543.0 
face 1.0 865.0 543.0 883.0 563.0 
face 1.0 407.0 508.0 414.0 518.0 
face 1.0 48.0 531.0 59.0 544.0 
face 1.0 304.0 534.0 315.0 544.0 
face 1.0 362.0 489.0 368.0 496.0 
face 1.0 401.0 517.0 408.0 526.0 
face 1.0 8.0 524.0 20.0 535.0 
face 1.0 40.0 524.0 48.0 533.0 
face 1.0 31.0 528.0 39.0 539.0 
face 1.0 390.0 495.0 396.0 502.0 
face 1.0 79.0 524.0 85.0 529.0 
