face 1.0 80.0 303.0 101.0 322.0 
face 1.0 136.0 315.0 158.0 341.0 
face 1.0 158.0 328.0 177.0 348.0 
face 1.0 192.0 317.0 211.0 335.0 
face 1.0 213.0 344.0 231.0 362.0 
face 1.0 179.0 394.0 201.0 415.0 
face 1.0 253.0 388.0 272.0 407.0 
face 1.0 291.0 320.0 309.0 339.0 
face 1.0 330.0 325.0 347.0 342.0 
face 1.0 329.0 391.0 347.0 408.0 
face 1.0 390.0 387.0 409.0 403.0 
face 1.0 373.0 328.0 388.0 346.0 
face 1.0 413.0 320.0 429.0 338.0 
face 1.0 478.0 316.0 496.0 336.0 
face 1.0 443.0 324.0 457.0 343.0 
face 1.0 448.0 415.0 468.0 444.0 
face 1.0 510.0 427.0 529.0 452.0 
face 1.0 572.0 424.0 592.0 449.0 
face 1.0 566.0 339.0 583.0 359.0 
face 1.0 525.0 319.0 539.0 337.0 
face 1.0 508.0 336.0 520.0 350.0 
face 1.0 542.0 324.0 558.0 340.0 
face 1.0 571.0 309.0 587.0 327.0 
face 1.0 591.0 317.0 606.0 335.0 
face 1.0 610.0 317.0 627.0 337.0 
face 1.0 640.0 312.0 655.0 330.0 
face 1.0 632.0 426.0 653.0 454.0 
face 1.0 656.0 375.0 667.0 386.0 
face 1.0 659.0 337.0 675.0 354.0 
face 1.0 686.0 334.0 698.0 348.0 
face 1.0 708.0 336.0 724.0 351.0 
face 1.0 715.0 377.0 734.0 397.0 
face 1.0 749.0 344.0 764.0 358.0 
face 1.0 769.0 337.0 783.0 350.0 
face 1.0 786.0 353.0 802.0 370.0 
face 1.0 758.0 395.0 775.0 413.0 
face 1.0 797.0 405.0 815.0 420.0 
face 1.0 836.0 328.0 857.0 350.0 
face 1.0 896.0 337.0 918.0 361.0 
