face 1.0 56.0 139.0 91.0 175.0 
face 1.0 213.0 238.0 230.0 258.0 
face 1.0 237.0 280.0 248.0 296.0 
face 1.0 318.0 117.0 362.0 169.0 
face 1.0 247.0 176.0 258.0 191.0 
face 1.0 229.0 219.0 236.0 230.0 
face 1.0 251.0 156.0 259.0 170.0 
face 1.0 401.0 133.0 435.0 163.0 
face 1.0 509.0 131.0 546.0 172.0 
face 1.0 562.0 134.0 579.0 163.0 
face 1.0 599.0 218.0 613.0 244.0 
face 1.0 600.0 264.0 649.0 321.0 
face 1.0 629.0 163.0 648.0 181.0 
face 1.0 655.0 169.0 675.0 192.0 
face 1.0 643.0 119.0 658.0 146.0 
face 1.0 676.0 126.0 692.0 149.0 
face 1.0 706.0 112.0 729.0 140.0 
face 1.0 728.0 116.0 748.0 142.0 
face 1.0 748.0 120.0 760.0 145.0 
face 1.0 784.0 164.0 802.0 193.0 
face 1.0 811.0 117.0 831.0 146.0 
face 1.0 834.0 116.0 848.0 146.0 
face 1.0 840.0 174.0 857.0 202.0 
face 1.0 801.0 225.0 817.0 245.0 
face 1.0 846.0 245.0 856.0 266.0 
face 1.0 932.0 229.0 948.0 254.0 
face 1.0 947.0 151.0 964.0 173.0 
face 1.0 974.0 145.0 991.0 167.0 
face 1.0 989.0 138.0 1008.0 161.0 
face 1.0 691.0 138.0 701.0 160.0 
face 1.0 347.0 284.0 397.0 331.0 
face 1.0 1018.0 197.0 1024.0 216.0 
