face 1.0 867.0 573.0 882.0 611.0 
face 1.0 956.0 336.0 982.0 368.0 
face 1.0 914.0 452.0 926.0 466.0 
face 1.0 905.0 449.0 916.0 465.0 
face 1.0 911.0 490.0 926.0 509.0 
face 1.0 366.0 354.0 388.0 381.0 
face 1.0 26.0 419.0 41.0 435.0 
face 1.0 165.0 337.0 175.0 351.0 
face 1.0 207.0 326.0 217.0 341.0 
face 1.0 152.0 399.0 161.0 412.0 
face 1.0 74.0 370.0 85.0 382.0 
face 1.0 96.0 344.0 106.0 359.0 
face 1.0 276.0 326.0 284.0 335.0 
face 1.0 141.0 342.0 150.0 351.0 
face 1.0 5.0 328.0 16.0 343.0 
face 1.0 89.0 324.0 99.0 337.0 
face 1.0 989.0 333.0 1011.0 363.0 
face 1.0 1008.0 312.0 1024.0 335.0 
face 1.0 953.0 314.0 968.0 329.0 
