face 1.0 1.0 314.0 13.0 338.0 
face 1.0 90.0 273.0 123.0 306.0 
face 1.0 180.0 314.0 200.0 341.0 
face 1.0 151.0 317.0 163.0 335.0 
face 1.0 213.0 306.0 225.0 325.0 
face 1.0 204.0 320.0 215.0 341.0 
face 1.0 287.0 302.0 301.0 327.0 
face 1.0 305.0 305.0 318.0 321.0 
face 1.0 357.0 296.0 378.0 321.0 
face 1.0 384.0 299.0 399.0 319.0 
face 1.0 440.0 307.0 455.0 326.0 
face 1.0 507.0 308.0 521.0 329.0 
face 1.0 487.0 312.0 496.0 326.0 
face 1.0 590.0 257.0 615.0 298.0 
face 1.0 662.0 272.0 689.0 309.0 
face 1.0 694.0 256.0 715.0 289.0 
face 1.0 755.0 305.0 771.0 329.0 
face 1.0 778.0 299.0 791.0 313.0 
face 1.0 791.0 303.0 804.0 317.0 
face 1.0 946.0 270.0 985.0 314.0 
face 1.0 421.0 312.0 427.0 320.0 
face 1.0 229.0 259.0 238.0 270.0 
