face 1.0 81.0 191.0 99.0 207.0 
face 1.0 105.0 186.0 122.0 206.0 
face 1.0 118.0 274.0 138.0 298.0 
face 1.0 171.0 191.0 184.0 204.0 
face 1.0 194.0 179.0 210.0 197.0 
face 1.0 255.0 201.0 273.0 220.0 
face 1.0 306.0 187.0 324.0 205.0 
face 1.0 287.0 239.0 306.0 257.0 
face 1.0 321.0 242.0 344.0 265.0 
face 1.0 407.0 174.0 416.0 186.0 
face 1.0 395.0 194.0 407.0 207.0 
face 1.0 441.0 244.0 459.0 265.0 
face 1.0 468.0 194.0 482.0 209.0 
face 1.0 513.0 170.0 521.0 181.0 
face 1.0 585.0 179.0 599.0 195.0 
face 1.0 618.0 161.0 631.0 175.0 
face 1.0 720.0 162.0 731.0 175.0 
face 1.0 763.0 209.0 777.0 226.0 
face 1.0 607.0 241.0 626.0 261.0 
face 1.0 659.0 341.0 690.0 371.0 
face 1.0 764.0 340.0 794.0 370.0 
face 1.0 834.0 234.0 854.0 251.0 
face 1.0 819.0 254.0 843.0 277.0 
face 1.0 855.0 203.0 877.0 223.0 
face 1.0 900.0 217.0 921.0 237.0 
face 1.0 974.0 217.0 990.0 235.0 
face 1.0 952.0 235.0 972.0 255.0 
face 1.0 911.0 326.0 942.0 362.0 
face 1.0 841.0 353.0 871.0 383.0 
face 1.0 800.0 413.0 831.0 452.0 
face 1.0 1009.0 334.0 1024.0 359.0 
