face 1.0 312.0 450.0 326.0 464.0 
face 1.0 410.0 424.0 424.0 436.0 
face 1.0 500.0 422.0 513.0 436.0 
face 1.0 800.0 391.0 810.0 402.0 
face 1.0 715.0 389.0 723.0 399.0 
face 1.0 640.0 389.0 649.0 397.0 
face 1.0 570.0 388.0 581.0 398.0 
face 1.0 524.0 370.0 534.0 381.0 
face 1.0 507.0 373.0 517.0 382.0 
face 1.0 654.0 378.0 663.0 388.0 
face 1.0 581.0 366.0 593.0 377.0 
face 1.0 731.0 370.0 739.0 379.0 
face 1.0 344.0 370.0 354.0 379.0 
face 1.0 323.0 363.0 332.0 374.0 
face 1.0 292.0 367.0 301.0 378.0 
face 1.0 253.0 355.0 262.0 364.0 
face 1.0 228.0 361.0 237.0 369.0 
face 1.0 180.0 352.0 190.0 362.0 
face 1.0 154.0 358.0 163.0 368.0 
face 1.0 120.0 343.0 129.0 354.0 
face 1.0 87.0 358.0 95.0 369.0 
face 1.0 871.0 395.0 881.0 403.0 
face 1.0 861.0 389.0 870.0 396.0 
face 1.0 312.0 416.0 322.0 427.0 
face 1.0 457.0 394.0 466.0 406.0 
face 1.0 404.0 365.0 414.0 375.0 
face 1.0 449.0 362.0 457.0 370.0 
face 1.0 382.0 362.0 390.0 371.0 
face 1.0 845.0 304.0 851.0 309.0 
face 1.0 798.0 301.0 803.0 307.0 
face 1.0 754.0 292.0 760.0 299.0 
face 1.0 744.0 300.0 749.0 305.0 
face 1.0 703.0 298.0 711.0 305.0 
face 1.0 716.0 290.0 722.0 295.0 
face 1.0 662.0 296.0 667.0 302.0 
face 1.0 576.0 299.0 584.0 305.0 
face 1.0 358.0 284.0 364.0 291.0 
face 1.0 415.0 284.0 420.0 289.0 
face 1.0 462.0 283.0 468.0 289.0 
face 1.0 510.0 286.0 515.0 292.0 
face 1.0 544.0 292.0 552.0 298.0 
face 1.0 424.0 280.0 429.0 286.0 
face 1.0 473.0 277.0 479.0 282.0 
face 1.0 514.0 281.0 519.0 287.0 
face 1.0 624.0 288.0 631.0 296.0 
