face 1.0 13.0 89.0 28.0 106.0 
face 1.0 34.0 97.0 49.0 111.0 
face 1.0 50.0 94.0 63.0 110.0 
face 1.0 75.0 75.0 91.0 93.0 
face 1.0 101.0 69.0 116.0 86.0 
face 1.0 177.0 105.0 193.0 121.0 
face 1.0 161.0 90.0 175.0 106.0 
face 1.0 96.0 88.0 108.0 104.0 
face 1.0 181.0 67.0 199.0 85.0 
face 1.0 224.0 100.0 237.0 117.0 
face 1.0 203.0 107.0 218.0 123.0 
face 1.0 184.0 86.0 196.0 99.0 
face 1.0 199.0 86.0 211.0 99.0 
face 1.0 126.0 75.0 143.0 93.0 
face 1.0 123.0 92.0 143.0 107.0 
face 1.0 249.0 90.0 260.0 106.0 
face 1.0 275.0 102.0 286.0 119.0 
face 1.0 301.0 100.0 315.0 118.0 
face 1.0 310.0 78.0 324.0 99.0 
face 1.0 389.0 122.0 402.0 140.0 
face 1.0 408.0 90.0 420.0 101.0 
face 1.0 429.0 88.0 445.0 103.0 
face 1.0 2.0 99.0 17.0 113.0 
face 1.0 260.0 99.0 273.0 120.0 
face 1.0 381.0 82.0 395.0 103.0 
face 1.0 327.0 74.0 344.0 93.0 
face 1.0 347.0 84.0 361.0 96.0 
face 1.0 429.0 68.0 445.0 85.0 
face 1.0 392.0 66.0 408.0 74.0 
face 1.0 486.0 67.0 500.0 78.0 
face 1.0 469.0 71.0 483.0 82.0 
face 1.0 489.0 92.0 506.0 108.0 
face 1.0 510.0 86.0 525.0 108.0 
face 1.0 383.0 105.0 397.0 120.0 
face 1.0 354.0 124.0 369.0 140.0 
face 1.0 521.0 100.0 537.0 119.0 
face 1.0 537.0 92.0 556.0 115.0 
face 1.0 541.0 76.0 558.0 93.0 
face 1.0 565.0 71.0 587.0 99.0 
face 1.0 565.0 123.0 580.0 145.0 
face 1.0 602.0 104.0 623.0 129.0 
face 1.0 623.0 89.0 641.0 105.0 
face 1.0 640.0 76.0 656.0 95.0 
face 1.0 654.0 77.0 674.0 96.0 
face 1.0 638.0 109.0 654.0 124.0 
face 1.0 636.0 147.0 656.0 162.0 
face 1.0 658.0 161.0 674.0 181.0 
face 1.0 704.0 117.0 721.0 134.0 
face 1.0 686.0 75.0 700.0 97.0 
face 1.0 696.0 85.0 716.0 102.0 
face 1.0 706.0 94.0 706.0 95.0 
face 1.0 696.0 95.0 710.0 115.0 
face 1.0 721.0 73.0 735.0 95.0 
face 1.0 744.0 82.0 756.0 92.0 
face 1.0 768.0 91.0 781.0 111.0 
face 1.0 742.0 97.0 755.0 112.0 
face 1.0 782.0 103.0 794.0 116.0 
face 1.0 790.0 65.0 805.0 81.0 
face 1.0 790.0 79.0 803.0 89.0 
face 1.0 833.0 70.0 850.0 86.0 
face 1.0 854.0 72.0 865.0 85.0 
face 1.0 867.0 90.0 883.0 108.0 
face 1.0 821.0 102.0 832.0 115.0 
face 1.0 930.0 75.0 943.0 88.0 
face 1.0 921.0 101.0 938.0 122.0 
face 1.0 959.0 108.0 974.0 127.0 
face 1.0 1004.0 103.0 1018.0 120.0 
face 1.0 1003.0 83.0 1019.0 104.0 
face 1.0 978.0 105.0 993.0 117.0 
face 1.0 1001.0 129.0 1016.0 147.0 
face 1.0 883.0 213.0 898.0 229.0 
face 1.0 863.0 210.0 879.0 225.0 
face 1.0 903.0 93.0 918.0 111.0 
face 1.0 171.0 206.0 195.0 231.0 
face 1.0 635.0 240.0 650.0 258.0 
