face 1.0 787.0 392.0 802.0 411.0 
face 1.0 838.0 390.0 851.0 409.0 
face 1.0 878.0 389.0 892.0 408.0 
face 1.0 930.0 388.0 945.0 407.0 
face 1.0 974.0 397.0 987.0 413.0 
face 1.0 931.0 368.0 942.0 384.0 
face 1.0 745.0 391.0 759.0 407.0 
face 1.0 698.0 392.0 711.0 409.0 
face 1.0 652.0 389.0 667.0 408.0 
face 1.0 602.0 389.0 615.0 406.0 
face 1.0 670.0 454.0 686.0 474.0 
face 1.0 574.0 360.0 587.0 377.0 
face 1.0 617.0 358.0 630.0 374.0 
face 1.0 663.0 359.0 676.0 377.0 
face 1.0 706.0 358.0 720.0 374.0 
face 1.0 752.0 359.0 768.0 376.0 
face 1.0 794.0 360.0 807.0 376.0 
face 1.0 835.0 358.0 849.0 377.0 
face 1.0 883.0 360.0 896.0 377.0 
face 1.0 923.0 338.0 935.0 356.0 
face 1.0 881.0 333.0 894.0 348.0 
face 1.0 839.0 330.0 852.0 346.0 
face 1.0 793.0 331.0 805.0 346.0 
face 1.0 751.0 335.0 763.0 350.0 
face 1.0 715.0 330.0 728.0 346.0 
face 1.0 675.0 333.0 687.0 348.0 
face 1.0 631.0 333.0 643.0 347.0 
face 1.0 589.0 331.0 599.0 347.0 
face 1.0 602.0 305.0 612.0 320.0 
face 1.0 640.0 308.0 653.0 323.0 
face 1.0 680.0 307.0 692.0 323.0 
face 1.0 718.0 308.0 731.0 324.0 
face 1.0 759.0 309.0 771.0 325.0 
face 1.0 799.0 310.0 811.0 325.0 
face 1.0 838.0 313.0 851.0 329.0 
face 1.0 877.0 316.0 888.0 332.0 
face 1.0 576.0 284.0 585.0 297.0 
face 1.0 613.0 284.0 625.0 297.0 
face 1.0 652.0 287.0 662.0 300.0 
face 1.0 686.0 287.0 699.0 302.0 
face 1.0 725.0 285.0 737.0 301.0 
face 1.0 760.0 287.0 772.0 303.0 
face 1.0 798.0 285.0 811.0 301.0 
face 1.0 838.0 286.0 851.0 302.0 
face 1.0 872.0 298.0 883.0 311.0 
face 1.0 846.0 264.0 856.0 279.0 
face 1.0 800.0 269.0 812.0 282.0 
face 1.0 767.0 271.0 777.0 283.0 
face 1.0 735.0 267.0 745.0 282.0 
face 1.0 699.0 268.0 710.0 282.0 
face 1.0 662.0 267.0 674.0 283.0 
face 1.0 629.0 270.0 640.0 285.0 
face 1.0 593.0 267.0 606.0 283.0 
face 1.0 569.0 249.0 581.0 261.0 
face 1.0 606.0 248.0 617.0 262.0 
face 1.0 636.0 250.0 647.0 263.0 
face 1.0 669.0 250.0 681.0 265.0 
face 1.0 808.0 249.0 818.0 262.0 
face 1.0 839.0 249.0 849.0 262.0 
face 1.0 772.0 250.0 784.0 263.0 
face 1.0 706.0 249.0 715.0 262.0 
face 1.0 739.0 249.0 751.0 261.0 
face 1.0 687.0 235.0 696.0 248.0 
face 1.0 718.0 238.0 728.0 251.0 
face 1.0 627.0 220.0 636.0 232.0 
face 1.0 618.0 232.0 630.0 245.0 
face 1.0 584.0 234.0 593.0 247.0 
face 1.0 576.0 203.0 585.0 215.0 
face 1.0 593.0 221.0 603.0 233.0 
face 1.0 606.0 203.0 615.0 215.0 
face 1.0 590.0 188.0 600.0 200.0 
face 1.0 620.0 185.0 629.0 197.0 
face 1.0 653.0 188.0 662.0 202.0 
face 1.0 684.0 186.0 693.0 199.0 
face 1.0 667.0 201.0 677.0 217.0 
face 1.0 636.0 204.0 645.0 216.0 
face 1.0 660.0 219.0 670.0 232.0 
face 1.0 651.0 238.0 661.0 248.0 
face 1.0 691.0 220.0 700.0 233.0 
face 1.0 718.0 215.0 727.0 228.0 
face 1.0 746.0 229.0 755.0 245.0 
face 1.0 779.0 230.0 788.0 242.0 
face 1.0 811.0 230.0 820.0 243.0 
face 1.0 783.0 216.0 792.0 226.0 
face 1.0 791.0 209.0 799.0 219.0 
face 1.0 756.0 200.0 765.0 210.0 
face 1.0 752.0 217.0 762.0 229.0 
face 1.0 728.0 201.0 737.0 214.0 
face 1.0 701.0 202.0 711.0 214.0 
face 1.0 437.0 359.0 453.0 378.0 
face 1.0 455.0 392.0 470.0 408.0 
face 1.0 505.0 388.0 517.0 407.0 
face 1.0 552.0 391.0 566.0 408.0 
face 1.0 527.0 357.0 540.0 375.0 
face 1.0 484.0 357.0 496.0 374.0 
face 1.0 456.0 331.0 469.0 347.0 
face 1.0 500.0 330.0 512.0 344.0 
face 1.0 545.0 332.0 557.0 349.0 
face 1.0 563.0 305.0 575.0 321.0 
face 1.0 483.0 306.0 494.0 320.0 
face 1.0 494.0 285.0 506.0 300.0 
face 1.0 537.0 285.0 548.0 301.0 
face 1.0 521.0 307.0 535.0 320.0 
face 1.0 389.0 359.0 404.0 377.0 
face 1.0 407.0 387.0 420.0 404.0 
face 1.0 356.0 391.0 372.0 410.0 
face 1.0 309.0 391.0 321.0 405.0 
face 1.0 302.0 357.0 315.0 374.0 
face 1.0 330.0 328.0 340.0 344.0 
face 1.0 412.0 331.0 426.0 350.0 
face 1.0 288.0 329.0 300.0 345.0 
face 1.0 369.0 332.0 381.0 347.0 
face 1.0 442.0 302.0 453.0 317.0 
face 1.0 461.0 285.0 472.0 299.0 
face 1.0 482.0 271.0 493.0 284.0 
face 1.0 443.0 268.0 454.0 281.0 
face 1.0 423.0 284.0 434.0 300.0 
face 1.0 386.0 284.0 398.0 299.0 
face 1.0 361.0 305.0 372.0 321.0 
face 1.0 320.0 303.0 333.0 318.0 
face 1.0 283.0 305.0 296.0 320.0 
face 1.0 276.0 286.0 287.0 301.0 
face 1.0 305.0 267.0 315.0 281.0 
face 1.0 312.0 286.0 323.0 299.0 
face 1.0 350.0 284.0 361.0 299.0 
face 1.0 406.0 264.0 418.0 279.0 
face 1.0 432.0 246.0 443.0 260.0 
face 1.0 453.0 237.0 463.0 247.0 
face 1.0 467.0 248.0 477.0 261.0 
face 1.0 504.0 250.0 514.0 262.0 
face 1.0 537.0 251.0 547.0 263.0 
face 1.0 550.0 234.0 558.0 247.0 
face 1.0 563.0 218.0 572.0 230.0 
face 1.0 419.0 233.0 431.0 246.0 
face 1.0 328.0 247.0 338.0 260.0 
face 1.0 342.0 267.0 352.0 280.0 
face 1.0 372.0 265.0 383.0 281.0 
face 1.0 362.0 249.0 370.0 261.0 
face 1.0 397.0 249.0 407.0 261.0 
face 1.0 382.0 231.0 392.0 244.0 
face 1.0 347.0 230.0 358.0 245.0 
face 1.0 310.0 233.0 321.0 246.0 
face 1.0 293.0 248.0 303.0 261.0 
face 1.0 282.0 233.0 293.0 245.0 
face 1.0 275.0 214.0 283.0 224.0 
face 1.0 281.0 186.0 288.0 197.0 
face 1.0 295.0 200.0 305.0 212.0 
face 1.0 303.0 216.0 313.0 229.0 
face 1.0 327.0 199.0 336.0 210.0 
face 1.0 334.0 215.0 344.0 228.0 
face 1.0 310.0 185.0 319.0 196.0 
face 1.0 359.0 205.0 368.0 218.0 
face 1.0 339.0 187.0 349.0 198.0 
face 1.0 371.0 216.0 380.0 227.0 
face 1.0 402.0 217.0 412.0 229.0 
face 1.0 390.0 205.0 400.0 217.0 
face 1.0 374.0 191.0 384.0 202.0 
face 1.0 406.0 190.0 414.0 201.0 
face 1.0 420.0 202.0 428.0 214.0 
face 1.0 436.0 217.0 446.0 229.0 
face 1.0 466.0 216.0 476.0 226.0 
face 1.0 452.0 202.0 461.0 214.0 
face 1.0 436.0 193.0 445.0 205.0 
face 1.0 497.0 213.0 507.0 225.0 
face 1.0 517.0 235.0 527.0 245.0 
face 1.0 511.0 203.0 520.0 213.0 
face 1.0 484.0 202.0 493.0 214.0 
face 1.0 469.0 186.0 476.0 197.0 
face 1.0 497.0 185.0 505.0 196.0 
face 1.0 525.0 191.0 534.0 202.0 
face 1.0 546.0 205.0 554.0 217.0 
face 1.0 556.0 192.0 566.0 203.0 
face 1.0 555.0 266.0 567.0 281.0 
face 1.0 519.0 266.0 531.0 282.0 
face 1.0 401.0 307.0 413.0 322.0 
face 1.0 529.0 215.0 540.0 229.0 
face 1.0 32.0 392.0 46.0 409.0 
face 1.0 80.0 400.0 93.0 414.0 
face 1.0 124.0 401.0 136.0 418.0 
face 1.0 168.0 398.0 182.0 414.0 
face 1.0 217.0 396.0 232.0 413.0 
face 1.0 262.0 392.0 276.0 410.0 
face 1.0 260.0 354.0 273.0 371.0 
face 1.0 218.0 360.0 231.0 377.0 
face 1.0 169.0 356.0 185.0 372.0 
face 1.0 123.0 353.0 138.0 369.0 
face 1.0 79.0 361.0 93.0 377.0 
face 1.0 88.0 334.0 99.0 349.0 
face 1.0 125.0 329.0 137.0 343.0 
face 1.0 167.0 325.0 179.0 341.0 
face 1.0 206.0 326.0 218.0 341.0 
face 1.0 244.0 326.0 257.0 341.0 
face 1.0 245.0 304.0 259.0 321.0 
face 1.0 207.0 306.0 219.0 322.0 
face 1.0 164.0 306.0 176.0 319.0 
face 1.0 123.0 309.0 135.0 323.0 
face 1.0 125.0 289.0 135.0 302.0 
face 1.0 167.0 286.0 178.0 300.0 
face 1.0 195.0 265.0 206.0 279.0 
face 1.0 231.0 264.0 243.0 279.0 
face 1.0 154.0 259.0 164.0 273.0 
face 1.0 149.0 242.0 160.0 255.0 
face 1.0 183.0 242.0 194.0 255.0 
face 1.0 223.0 246.0 233.0 258.0 
face 1.0 258.0 246.0 268.0 260.0 
face 1.0 188.0 225.0 198.0 238.0 
face 1.0 219.0 225.0 229.0 238.0 
face 1.0 252.0 228.0 262.0 241.0 
face 1.0 245.0 213.0 255.0 226.0 
face 1.0 216.0 212.0 225.0 224.0 
face 1.0 186.0 210.0 195.0 221.0 
face 1.0 233.0 197.0 243.0 207.0 
face 1.0 265.0 197.0 275.0 211.0 
face 1.0 236.0 284.0 247.0 298.0 
face 1.0 201.0 283.0 211.0 296.0 
face 1.0 265.0 263.0 275.0 278.0 
face 1.0 483.0 233.0 493.0 244.0 
face 1.0 346.0 360.0 358.0 375.0 
face 1.0 538.0 437.0 552.0 459.0 
face 1.0 410.0 452.0 425.0 471.0 
face 1.0 292.0 455.0 306.0 473.0 
