face 1.0 8.0 92.0 21.0 113.0 
face 1.0 91.0 61.0 103.0 80.0 
face 1.0 134.0 73.0 153.0 97.0 
face 1.0 61.0 110.0 78.0 131.0 
face 1.0 113.0 149.0 132.0 173.0 
face 1.0 73.0 162.0 108.0 194.0 
face 1.0 27.0 171.0 54.0 202.0 
face 1.0 5.0 138.0 29.0 167.0 
face 1.0 2.0 225.0 17.0 263.0 
face 1.0 15.0 298.0 60.0 344.0 
face 1.0 8.0 381.0 46.0 430.0 
face 1.0 10.0 496.0 80.0 570.0 
face 1.0 117.0 435.0 204.0 534.0 
face 1.0 216.0 466.0 284.0 511.0 
face 1.0 384.0 356.0 434.0 428.0 
face 1.0 472.0 328.0 522.0 401.0 
face 1.0 400.0 283.0 449.0 336.0 
face 1.0 472.0 281.0 519.0 341.0 
face 1.0 241.0 319.0 290.0 390.0 
face 1.0 178.0 199.0 227.0 267.0 
face 1.0 102.0 182.0 148.0 242.0 
face 1.0 177.0 132.0 204.0 167.0 
face 1.0 239.0 159.0 268.0 194.0 
face 1.0 276.0 156.0 303.0 186.0 
face 1.0 280.0 177.0 313.0 223.0 
face 1.0 234.0 94.0 252.0 115.0 
face 1.0 277.0 85.0 295.0 108.0 
face 1.0 246.0 61.0 259.0 70.0 
face 1.0 351.0 125.0 379.0 160.0 
face 1.0 337.0 121.0 358.0 145.0 
face 1.0 379.0 180.0 428.0 228.0 
face 1.0 377.0 247.0 412.0 293.0 
face 1.0 439.0 214.0 481.0 254.0 
face 1.0 524.0 223.0 567.0 268.0 
face 1.0 596.0 280.0 648.0 346.0 
face 1.0 592.0 169.0 633.0 218.0 
face 1.0 502.0 149.0 540.0 192.0 
face 1.0 547.0 115.0 577.0 151.0 
face 1.0 595.0 110.0 630.0 149.0 
face 1.0 669.0 132.0 710.0 192.0 
face 1.0 673.0 78.0 696.0 113.0 
face 1.0 632.0 78.0 664.0 111.0 
face 1.0 571.0 62.0 599.0 92.0 
face 1.0 536.0 73.0 563.0 108.0 
face 1.0 499.0 91.0 521.0 118.0 
face 1.0 474.0 67.0 495.0 94.0 
face 1.0 443.0 65.0 472.0 97.0 
face 1.0 434.0 112.0 458.0 143.0 
face 1.0 385.0 98.0 407.0 127.0 
face 1.0 403.0 67.0 419.0 93.0 
face 1.0 355.0 62.0 379.0 83.0 
face 1.0 439.0 41.0 461.0 57.0 
face 1.0 517.0 24.0 531.0 41.0 
face 1.0 644.0 31.0 656.0 42.0 
face 1.0 663.0 54.0 687.0 71.0 
face 1.0 723.0 43.0 742.0 71.0 
face 1.0 701.0 33.0 720.0 47.0 
face 1.0 824.0 34.0 839.0 53.0 
face 1.0 850.0 32.0 870.0 57.0 
face 1.0 877.0 48.0 899.0 84.0 
face 1.0 908.0 82.0 941.0 122.0 
face 1.0 824.0 151.0 874.0 199.0 
face 1.0 745.0 151.0 789.0 201.0 
face 1.0 758.0 81.0 797.0 128.0 
face 1.0 717.0 90.0 749.0 128.0 
face 1.0 611.0 34.0 621.0 47.0 
face 1.0 730.0 238.0 772.0 289.0 
face 1.0 771.0 245.0 805.0 311.0 
face 1.0 765.0 317.0 832.0 402.0 
face 1.0 901.0 361.0 972.0 470.0 
face 1.0 940.0 193.0 993.0 234.0 
face 1.0 972.0 51.0 1003.0 88.0 
face 1.0 957.0 20.0 987.0 58.0 
face 1.0 998.0 29.0 1019.0 57.0 
face 1.0 946.0 40.0 972.0 68.0 
face 1.0 906.0 17.0 927.0 43.0 
face 1.0 931.0 17.0 957.0 35.0 
face 1.0 783.0 17.0 804.0 39.0 
face 1.0 540.0 20.0 560.0 41.0 
face 1.0 188.0 44.0 196.0 57.0 
face 1.0 206.0 17.0 214.0 32.0 
face 1.0 284.0 16.0 300.0 29.0 
face 1.0 916.0 298.0 985.0 366.0 
face 1.0 771.0 560.0 889.0 699.0 
face 1.0 670.0 640.0 702.0 698.0 
face 1.0 494.0 664.0 534.0 744.0 
face 1.0 496.0 617.0 533.0 682.0 
face 1.0 814.0 7.0 832.0 24.0 
face 1.0 674.0 7.0 695.0 31.0 
face 1.0 615.0 7.0 635.0 27.0 
face 1.0 602.0 5.0 614.0 22.0 
face 1.0 400.0 1.0 412.0 11.0 
face 1.0 886.0 0.0 902.0 17.0 
face 1.0 844.0 3.0 861.0 22.0 
face 1.0 789.0 47.0 807.0 76.0 
