face 1.0 44.0 45.0 56.0 58.0 
face 1.0 101.0 51.0 111.0 65.0 
face 1.0 150.0 57.0 160.0 70.0 
face 1.0 187.0 43.0 199.0 57.0 
face 1.0 21.0 99.0 33.0 110.0 
face 1.0 68.0 99.0 80.0 114.0 
face 1.0 113.0 88.0 124.0 102.0 
face 1.0 167.0 96.0 177.0 109.0 
face 1.0 27.0 145.0 40.0 161.0 
face 1.0 77.0 145.0 91.0 162.0 
face 1.0 124.0 151.0 137.0 167.0 
face 1.0 175.0 139.0 187.0 157.0 
face 1.0 44.0 199.0 58.0 213.0 
face 1.0 130.0 202.0 143.0 220.0 
face 1.0 230.0 48.0 242.0 63.0 
face 1.0 274.0 54.0 285.0 66.0 
face 1.0 320.0 44.0 332.0 57.0 
face 1.0 363.0 46.0 375.0 60.0 
face 1.0 210.0 97.0 221.0 110.0 
face 1.0 259.0 110.0 272.0 125.0 
face 1.0 304.0 98.0 315.0 111.0 
face 1.0 353.0 96.0 364.0 111.0 
face 1.0 227.0 143.0 238.0 158.0 
face 1.0 273.0 155.0 284.0 170.0 
face 1.0 325.0 138.0 337.0 157.0 
face 1.0 221.0 207.0 233.0 222.0 
face 1.0 313.0 209.0 325.0 227.0 
face 1.0 410.0 34.0 421.0 47.0 
face 1.0 465.0 35.0 478.0 51.0 
face 1.0 508.0 32.0 520.0 47.0 
face 1.0 398.0 88.0 410.0 102.0 
face 1.0 442.0 95.0 453.0 110.0 
face 1.0 490.0 84.0 502.0 100.0 
face 1.0 533.0 97.0 545.0 112.0 
face 1.0 512.0 132.0 524.0 151.0 
face 1.0 461.0 149.0 473.0 165.0 
face 1.0 420.0 145.0 432.0 160.0 
face 1.0 375.0 148.0 387.0 163.0 
face 1.0 397.0 200.0 408.0 216.0 
face 1.0 481.0 206.0 492.0 224.0 
face 1.0 538.0 195.0 549.0 213.0 
face 1.0 601.0 188.0 614.0 207.0 
face 1.0 679.0 194.0 691.0 212.0 
face 1.0 555.0 35.0 565.0 46.0 
face 1.0 603.0 39.0 615.0 54.0 
face 1.0 653.0 22.0 666.0 38.0 
face 1.0 700.0 27.0 712.0 40.0 
face 1.0 742.0 43.0 752.0 56.0 
face 1.0 585.0 92.0 597.0 109.0 
face 1.0 629.0 90.0 641.0 106.0 
face 1.0 674.0 92.0 685.0 107.0 
face 1.0 716.0 83.0 729.0 99.0 
face 1.0 559.0 130.0 572.0 147.0 
face 1.0 604.0 140.0 616.0 157.0 
face 1.0 649.0 129.0 662.0 145.0 
face 1.0 693.0 126.0 706.0 139.0 
face 1.0 739.0 135.0 751.0 153.0 
face 1.0 782.0 34.0 795.0 47.0 
face 1.0 826.0 31.0 837.0 44.0 
face 1.0 864.0 39.0 876.0 52.0 
face 1.0 913.0 29.0 925.0 43.0 
face 1.0 761.0 89.0 772.0 103.0 
face 1.0 808.0 93.0 819.0 107.0 
face 1.0 851.0 93.0 862.0 108.0 
face 1.0 892.0 97.0 904.0 112.0 
face 1.0 934.0 95.0 944.0 109.0 
face 1.0 782.0 138.0 795.0 151.0 
face 1.0 825.0 128.0 838.0 143.0 
face 1.0 876.0 118.0 890.0 138.0 
face 1.0 929.0 119.0 942.0 132.0 
face 1.0 764.0 192.0 778.0 210.0 
face 1.0 872.0 194.0 885.0 212.0 
face 1.0 959.0 40.0 972.0 53.0 
face 1.0 979.0 79.0 992.0 93.0 
face 1.0 980.0 131.0 993.0 146.0 
face 1.0 962.0 184.0 975.0 200.0 
