face 1.0 26.0 299.0 36.0 315.0 
face 1.0 25.0 329.0 32.0 340.0 
face 1.0 84.0 341.0 90.0 349.0 
face 1.0 80.0 329.0 85.0 335.0 
face 1.0 110.0 335.0 114.0 344.0 
face 1.0 138.0 337.0 142.0 345.0 
face 1.0 151.0 351.0 154.0 356.0 
face 1.0 157.0 342.0 161.0 350.0 
face 1.0 165.0 346.0 168.0 352.0 
face 1.0 208.0 349.0 210.0 353.0 
face 1.0 96.0 338.0 100.0 345.0 
face 1.0 309.0 238.0 330.0 268.0 
face 1.0 451.0 197.0 475.0 239.0 
face 1.0 360.0 290.0 372.0 308.0 
face 1.0 578.0 234.0 597.0 265.0 
face 1.0 624.0 219.0 644.0 252.0 
face 1.0 693.0 263.0 710.0 289.0 
face 1.0 708.0 296.0 717.0 311.0 
face 1.0 757.0 293.0 766.0 304.0 
face 1.0 786.0 290.0 797.0 303.0 
face 1.0 787.0 340.0 799.0 353.0 
face 1.0 885.0 315.0 894.0 328.0 
face 1.0 904.0 278.0 919.0 298.0 
face 1.0 939.0 296.0 951.0 310.0 
face 1.0 979.0 261.0 1002.0 278.0 
face 1.0 944.0 214.0 949.0 221.0 
face 1.0 980.0 209.0 985.0 216.0 
face 1.0 1005.0 204.0 1010.0 211.0 
face 1.0 733.0 325.0 740.0 334.0 
