face 1.0 82.0 275.0 101.0 300.0 
face 1.0 74.0 269.0 93.0 298.0 
face 1.0 17.0 292.0 37.0 319.0 
face 1.0 10.0 284.0 23.0 299.0 
face 1.0 5.0 265.0 9.0 274.0 
face 1.0 48.0 273.0 52.0 280.0 
face 1.0 55.0 283.0 60.0 289.0 
face 1.0 139.0 248.0 170.0 284.0 
face 1.0 113.0 250.0 119.0 258.0 
face 1.0 180.0 213.0 220.0 258.0 
face 1.0 127.0 252.0 148.0 281.0 
face 1.0 260.0 177.0 277.0 201.0 
face 1.0 278.0 165.0 295.0 190.0 
face 1.0 313.0 171.0 360.0 227.0 
face 1.0 388.0 170.0 396.0 190.0 
face 1.0 436.0 171.0 444.0 190.0 
face 1.0 464.0 183.0 471.0 196.0 
face 1.0 482.0 181.0 490.0 194.0 
face 1.0 504.0 167.0 514.0 180.0 
face 1.0 473.0 178.0 479.0 187.0 
face 1.0 515.0 223.0 529.0 237.0 
face 1.0 516.0 245.0 539.0 270.0 
face 1.0 554.0 147.0 564.0 158.0 
face 1.0 524.0 175.0 531.0 183.0 
face 1.0 568.0 148.0 578.0 163.0 
face 1.0 572.0 93.0 627.0 158.0 
face 1.0 661.0 151.0 668.0 158.0 
face 1.0 643.0 156.0 649.0 163.0 
face 1.0 684.0 158.0 689.0 165.0 
face 1.0 691.0 153.0 696.0 162.0 
face 1.0 698.0 153.0 702.0 160.0 
face 1.0 705.0 153.0 712.0 163.0 
face 1.0 744.0 151.0 753.0 160.0 
face 1.0 753.0 141.0 758.0 149.0 
face 1.0 762.0 140.0 769.0 150.0 
face 1.0 769.0 136.0 773.0 142.0 
face 1.0 752.0 270.0 776.0 295.0 
face 1.0 786.0 132.0 791.0 138.0 
face 1.0 843.0 195.0 886.0 239.0 
face 1.0 790.0 131.0 794.0 138.0 
face 1.0 799.0 128.0 807.0 138.0 
face 1.0 835.0 133.0 841.0 140.0 
face 1.0 826.0 146.0 834.0 156.0 
face 1.0 842.0 127.0 846.0 134.0 
face 1.0 849.0 125.0 854.0 133.0 
face 1.0 879.0 113.0 884.0 121.0 
face 1.0 893.0 107.0 900.0 118.0 
face 1.0 907.0 109.0 915.0 123.0 
face 1.0 928.0 99.0 933.0 109.0 
face 1.0 937.0 92.0 951.0 108.0 
face 1.0 968.0 88.0 976.0 99.0 
face 1.0 960.0 97.0 966.0 103.0 
face 1.0 993.0 71.0 1003.0 86.0 
face 1.0 1014.0 67.0 1023.0 78.0 
face 1.0 1000.0 81.0 1006.0 88.0 
face 1.0 1010.0 133.0 1018.0 143.0 
face 1.0 1001.0 140.0 1009.0 149.0 
face 1.0 525.0 189.0 532.0 198.0 
face 1.0 402.0 190.0 411.0 203.0 
face 1.0 1009.0 98.0 1016.0 111.0 
face 1.0 770.0 148.0 776.0 156.0 
face 1.0 719.0 146.0 726.0 153.0 
face 1.0 823.0 126.0 831.0 135.0 
face 1.0 975.0 270.0 997.0 290.0 
