face 1.0 142.0 270.0 176.0 314.0 
face 1.0 340.0 257.0 371.0 291.0 
face 1.0 394.0 220.0 431.0 270.0 
face 1.0 536.0 243.0 557.0 278.0 
face 1.0 632.0 205.0 662.0 246.0 
face 1.0 766.0 156.0 815.0 209.0 
face 1.0 917.0 155.0 951.0 198.0 
face 1.0 210.0 586.0 248.0 673.0 
face 1.0 758.0 202.0 783.0 234.0 
face 1.0 413.0 145.0 421.0 152.0 
face 1.0 428.0 143.0 436.0 152.0 
face 1.0 446.0 139.0 453.0 147.0 
face 1.0 469.0 136.0 476.0 144.0 
face 1.0 486.0 138.0 493.0 146.0 
face 1.0 479.0 155.0 490.0 164.0 
face 1.0 460.0 158.0 469.0 168.0 
face 1.0 435.0 161.0 445.0 172.0 
face 1.0 422.0 167.0 431.0 176.0 
