face 1.0 539.0 162.0 602.0 238.0 
face 1.0 799.0 164.0 842.0 215.0 
face 1.0 486.0 232.0 503.0 254.0 
face 1.0 239.0 232.0 262.0 264.0 
face 1.0 193.0 238.0 214.0 263.0 
face 1.0 162.0 246.0 177.0 269.0 
face 1.0 139.0 248.0 153.0 264.0 
face 1.0 315.0 231.0 349.0 270.0 
face 1.0 421.0 247.0 442.0 270.0 
face 1.0 294.0 242.0 308.0 258.0 
face 1.0 119.0 244.0 131.0 258.0 
face 1.0 101.0 252.0 109.0 262.0 
face 1.0 219.0 250.0 229.0 264.0 
face 1.0 356.0 238.0 371.0 259.0 
face 1.0 409.0 240.0 422.0 256.0 
face 1.0 860.0 233.0 879.0 257.0 
face 1.0 976.0 184.0 1014.0 229.0 
face 1.0 744.0 238.0 768.0 268.0 
face 1.0 704.0 245.0 721.0 266.0 
face 1.0 692.0 246.0 706.0 263.0 
face 1.0 669.0 241.0 676.0 250.0 
face 1.0 679.0 240.0 687.0 250.0 
face 1.0 648.0 241.0 655.0 251.0 
face 1.0 584.0 239.0 611.0 269.0 
face 1.0 618.0 253.0 629.0 265.0 
face 1.0 510.0 244.0 524.0 260.0 
face 1.0 459.0 249.0 467.0 257.0 
face 1.0 477.0 251.0 482.0 257.0 
face 1.0 391.0 256.0 396.0 261.0 
