face 1.0 127.0 201.0 145.0 221.0 
face 1.0 153.0 202.0 172.0 224.0 
face 1.0 187.0 208.0 205.0 234.0 
face 1.0 252.0 170.0 274.0 199.0 
face 1.0 277.0 192.0 302.0 223.0 
face 1.0 326.0 156.0 358.0 197.0 
face 1.0 395.0 173.0 428.0 218.0 
face 1.0 485.0 166.0 525.0 222.0 
face 1.0 372.0 202.0 385.0 215.0 
face 1.0 424.0 182.0 436.0 202.0 
face 1.0 538.0 207.0 546.0 220.0 
face 1.0 574.0 183.0 600.0 209.0 
face 1.0 599.0 196.0 610.0 211.0 
face 1.0 640.0 149.0 670.0 177.0 
face 1.0 726.0 131.0 775.0 197.0 
face 1.0 831.0 119.0 863.0 162.0 
face 1.0 912.0 148.0 937.0 180.0 
face 1.0 1004.0 132.0 1024.0 166.0 
face 1.0 34.0 220.0 38.0 227.0 
face 1.0 43.0 221.0 49.0 229.0 
