face 1.0 0.0 283.0 5.0 292.0 
face 1.0 14.0 288.0 22.0 296.0 
face 1.0 39.0 288.0 48.0 297.0 
face 1.0 60.0 280.0 64.0 288.0 
face 1.0 68.0 287.0 76.0 296.0 
face 1.0 86.0 274.0 93.0 282.0 
face 1.0 90.0 289.0 99.0 300.0 
face 1.0 127.0 280.0 138.0 294.0 
face 1.0 16.0 338.0 51.0 372.0 
face 1.0 26.0 301.0 38.0 316.0 
face 1.0 33.0 307.0 53.0 327.0 
face 1.0 60.0 313.0 76.0 330.0 
face 1.0 107.0 304.0 122.0 320.0 
face 1.0 123.0 325.0 144.0 349.0 
face 1.0 135.0 304.0 145.0 318.0 
face 1.0 137.0 320.0 152.0 340.0 
face 1.0 158.0 306.0 170.0 321.0 
face 1.0 171.0 351.0 192.0 372.0 
face 1.0 178.0 290.0 188.0 302.0 
face 1.0 196.0 295.0 209.0 309.0 
face 1.0 209.0 299.0 222.0 313.0 
face 1.0 203.0 319.0 214.0 335.0 
face 1.0 212.0 316.0 233.0 341.0 
face 1.0 257.0 356.0 293.0 372.0 
face 1.0 246.0 309.0 267.0 336.0 
face 1.0 289.0 302.0 302.0 315.0 
face 1.0 340.0 356.0 375.0 372.0 
face 1.0 361.0 324.0 374.0 340.0 
face 1.0 303.0 285.0 309.0 294.0 
face 1.0 271.0 279.0 280.0 293.0 
face 1.0 343.0 305.0 354.0 317.0 
face 1.0 357.0 296.0 367.0 306.0 
face 1.0 369.0 303.0 377.0 314.0 
face 1.0 355.0 306.0 368.0 319.0 
face 1.0 370.0 326.0 380.0 338.0 
face 1.0 408.0 292.0 417.0 302.0 
face 1.0 412.0 334.0 431.0 360.0 
face 1.0 423.0 310.0 434.0 326.0 
face 1.0 438.0 305.0 448.0 319.0 
face 1.0 463.0 301.0 477.0 318.0 
face 1.0 466.0 342.0 489.0 369.0 
face 1.0 488.0 304.0 498.0 317.0 
face 1.0 488.0 326.0 506.0 351.0 
face 1.0 502.0 297.0 512.0 308.0 
face 1.0 516.0 314.0 528.0 333.0 
face 1.0 529.0 301.0 538.0 312.0 
face 1.0 577.0 309.0 589.0 324.0 
face 1.0 580.0 328.0 599.0 349.0 
face 1.0 542.0 354.0 567.0 372.0 
face 1.0 555.0 294.0 562.0 303.0 
face 1.0 619.0 342.0 638.0 368.0 
face 1.0 659.0 317.0 673.0 342.0 
face 1.0 633.0 311.0 642.0 322.0 
face 1.0 670.0 312.0 684.0 332.0 
face 1.0 700.0 308.0 710.0 321.0 
face 1.0 687.0 302.0 693.0 308.0 
face 1.0 723.0 354.0 762.0 372.0 
face 1.0 764.0 340.0 781.0 364.0 
face 1.0 784.0 329.0 799.0 345.0 
face 1.0 762.0 326.0 771.0 337.0 
face 1.0 804.0 350.0 825.0 372.0 
face 1.0 845.0 325.0 862.0 349.0 
face 1.0 796.0 293.0 801.0 299.0 
face 1.0 843.0 300.0 848.0 306.0 
face 1.0 861.0 307.0 867.0 313.0 
face 1.0 889.0 323.0 896.0 332.0 
face 1.0 899.0 323.0 904.0 331.0 
face 1.0 895.0 313.0 902.0 322.0 
face 1.0 920.0 310.0 929.0 321.0 
face 1.0 956.0 315.0 964.0 326.0 
face 1.0 938.0 337.0 966.0 367.0 
face 1.0 976.0 346.0 994.0 365.0 
face 1.0 977.0 321.0 988.0 332.0 
face 1.0 980.0 310.0 991.0 318.0 
face 1.0 748.0 303.0 754.0 311.0 
face 1.0 999.0 305.0 1006.0 313.0 
face 1.0 1011.0 311.0 1021.0 322.0 
face 1.0 1011.0 323.0 1022.0 335.0 
