face 1.0 6.0 628.0 17.0 641.0 
face 1.0 280.0 210.0 316.0 244.0 
face 1.0 297.0 648.0 311.0 666.0 
face 1.0 377.0 619.0 387.0 633.0 
face 1.0 403.0 626.0 413.0 638.0 
face 1.0 462.0 613.0 482.0 639.0 
face 1.0 500.0 636.0 511.0 651.0 
face 1.0 532.0 614.0 553.0 640.0 
face 1.0 188.0 579.0 195.0 586.0 
face 1.0 609.0 631.0 620.0 644.0 
face 1.0 641.0 637.0 653.0 652.0 
face 1.0 675.0 639.0 709.0 678.0 
face 1.0 713.0 622.0 724.0 639.0 
face 1.0 784.0 621.0 798.0 638.0 
face 1.0 819.0 616.0 856.0 664.0 
face 1.0 905.0 652.0 947.0 681.0 
face 1.0 981.0 639.0 1020.0 683.0 
face 1.0 200.0 579.0 206.0 587.0 
face 1.0 175.0 576.0 183.0 586.0 
face 1.0 130.0 543.0 136.0 551.0 
face 1.0 404.0 540.0 411.0 548.0 
face 1.0 451.0 558.0 456.0 565.0 
face 1.0 389.0 555.0 393.0 560.0 
face 1.0 391.0 571.0 394.0 576.0 
face 1.0 371.0 570.0 376.0 578.0 
face 1.0 311.0 556.0 317.0 566.0 
face 1.0 537.0 574.0 541.0 581.0 
face 1.0 454.0 575.0 459.0 583.0 
face 1.0 499.0 586.0 502.0 593.0 
face 1.0 462.0 588.0 467.0 593.0 
face 1.0 447.0 589.0 452.0 596.0 
face 1.0 517.0 554.0 522.0 561.0 
face 1.0 584.0 578.0 591.0 586.0 
face 1.0 587.0 608.0 595.0 616.0 
face 1.0 624.0 570.0 630.0 578.0 
face 1.0 734.0 669.0 749.0 682.0 
face 1.0 707.0 565.0 713.0 573.0 
face 1.0 696.0 535.0 703.0 546.0 
face 1.0 895.0 554.0 904.0 564.0 
face 1.0 876.0 557.0 884.0 568.0 
face 1.0 855.0 552.0 863.0 561.0 
face 1.0 843.0 565.0 850.0 572.0 
face 1.0 818.0 557.0 825.0 564.0 
face 1.0 799.0 557.0 804.0 564.0 
face 1.0 790.0 560.0 795.0 568.0 
face 1.0 45.0 570.0 53.0 582.0 
face 1.0 7.0 572.0 14.0 580.0 
face 1.0 102.0 629.0 110.0 639.0 
face 1.0 19.0 627.0 25.0 635.0 
face 1.0 696.0 567.0 702.0 575.0 
face 1.0 648.0 571.0 655.0 578.0 
face 1.0 667.0 572.0 674.0 579.0 
