face 1.0 31.0 510.0 50.0 535.0 
face 1.0 153.0 507.0 173.0 532.0 
face 1.0 266.0 514.0 285.0 536.0 
face 1.0 77.0 454.0 96.0 477.0 
face 1.0 135.0 426.0 154.0 449.0 
face 1.0 201.0 452.0 220.0 475.0 
face 1.0 18.0 482.0 31.0 504.0 
face 1.0 188.0 384.0 206.0 411.0 
face 1.0 255.0 377.0 274.0 403.0 
face 1.0 309.0 451.0 330.0 480.0 
face 1.0 306.0 355.0 326.0 380.0 
face 1.0 386.0 343.0 405.0 366.0 
face 1.0 398.0 514.0 419.0 539.0 
face 1.0 499.0 514.0 519.0 538.0 
face 1.0 604.0 514.0 623.0 537.0 
face 1.0 546.0 447.0 568.0 473.0 
face 1.0 444.0 448.0 464.0 473.0 
face 1.0 501.0 394.0 519.0 416.0 
face 1.0 677.0 450.0 695.0 474.0 
face 1.0 824.0 517.0 842.0 540.0 
face 1.0 715.0 517.0 733.0 541.0 
face 1.0 943.0 521.0 964.0 547.0 
face 1.0 884.0 464.0 904.0 489.0 
face 1.0 920.0 501.0 937.0 524.0 
face 1.0 810.0 436.0 829.0 459.0 
face 1.0 771.0 461.0 788.0 484.0 
face 1.0 755.0 404.0 773.0 425.0 
face 1.0 703.0 379.0 721.0 402.0 
face 1.0 655.0 349.0 673.0 374.0 
face 1.0 597.0 343.0 618.0 367.0 
face 1.0 544.0 292.0 562.0 315.0 
face 1.0 491.0 223.0 508.0 246.0 
face 1.0 440.0 289.0 458.0 311.0 
face 1.0 978.0 323.0 989.0 338.0 
face 1.0 1015.0 323.0 1022.0 332.0 
face 1.0 998.0 310.0 1008.0 319.0 
face 1.0 938.0 333.0 949.0 344.0 
face 1.0 983.0 295.0 990.0 305.0 
face 1.0 907.0 330.0 916.0 341.0 
face 1.0 903.0 372.0 912.0 383.0 
face 1.0 888.0 374.0 897.0 388.0 
face 1.0 863.0 372.0 874.0 384.0 
face 1.0 873.0 369.0 881.0 381.0 
face 1.0 839.0 375.0 850.0 387.0 
face 1.0 1016.0 267.0 1023.0 276.0 
face 1.0 1001.0 265.0 1009.0 274.0 
face 1.0 987.0 273.0 998.0 283.0 
face 1.0 995.0 258.0 1006.0 268.0 
face 1.0 1003.0 238.0 1010.0 247.0 
face 1.0 1011.0 233.0 1016.0 241.0 
face 1.0 968.0 257.0 974.0 266.0 
face 1.0 956.0 263.0 964.0 270.0 
face 1.0 929.0 275.0 938.0 284.0 
face 1.0 1006.0 344.0 1013.0 351.0 
face 1.0 927.0 318.0 933.0 327.0 
face 1.0 895.0 299.0 905.0 310.0 
face 1.0 908.0 277.0 917.0 286.0 
face 1.0 920.0 278.0 927.0 287.0 
face 1.0 850.0 327.0 858.0 339.0 
face 1.0 854.0 308.0 861.0 316.0 
face 1.0 893.0 324.0 902.0 335.0 
face 1.0 849.0 297.0 857.0 305.0 
face 1.0 887.0 273.0 895.0 284.0 
face 1.0 937.0 249.0 947.0 259.0 
face 1.0 956.0 233.0 963.0 243.0 
face 1.0 945.0 228.0 952.0 237.0 
face 1.0 936.0 215.0 944.0 225.0 
face 1.0 928.0 226.0 935.0 233.0 
face 1.0 985.0 212.0 994.0 222.0 
face 1.0 972.0 215.0 977.0 222.0 
face 1.0 908.0 257.0 917.0 269.0 
face 1.0 923.0 263.0 931.0 272.0 
face 1.0 889.0 255.0 896.0 262.0 
face 1.0 863.0 354.0 869.0 364.0 
face 1.0 966.0 202.0 974.0 211.0 
face 1.0 792.0 389.0 807.0 403.0 
face 1.0 772.0 383.0 783.0 398.0 
face 1.0 823.0 366.0 834.0 380.0 
face 1.0 819.0 332.0 829.0 345.0 
face 1.0 821.0 314.0 832.0 325.0 
face 1.0 789.0 327.0 799.0 339.0 
face 1.0 777.0 318.0 786.0 330.0 
face 1.0 750.0 323.0 762.0 337.0 
face 1.0 726.0 313.0 734.0 322.0 
face 1.0 709.0 317.0 718.0 328.0 
face 1.0 701.0 317.0 710.0 326.0 
face 1.0 686.0 323.0 693.0 332.0 
face 1.0 704.0 337.0 714.0 351.0 
face 1.0 674.0 313.0 684.0 326.0 
face 1.0 665.0 323.0 674.0 334.0 
face 1.0 655.0 317.0 663.0 329.0 
face 1.0 766.0 301.0 774.0 310.0 
face 1.0 754.0 293.0 764.0 304.0 
face 1.0 760.0 274.0 768.0 285.0 
face 1.0 809.0 262.0 818.0 274.0 
face 1.0 794.0 278.0 801.0 285.0 
face 1.0 778.0 276.0 786.0 284.0 
face 1.0 773.0 266.0 780.0 274.0 
face 1.0 792.0 266.0 800.0 275.0 
face 1.0 829.0 273.0 836.0 281.0 
face 1.0 840.0 258.0 848.0 270.0 
face 1.0 849.0 263.0 856.0 273.0 
face 1.0 872.0 264.0 880.0 274.0 
face 1.0 873.0 254.0 880.0 262.0 
face 1.0 733.0 282.0 742.0 291.0 
face 1.0 759.0 263.0 766.0 271.0 
face 1.0 787.0 247.0 794.0 258.0 
face 1.0 639.0 309.0 650.0 319.0 
face 1.0 625.0 304.0 634.0 313.0 
face 1.0 615.0 304.0 624.0 312.0 
face 1.0 588.0 291.0 597.0 301.0 
face 1.0 564.0 300.0 573.0 309.0 
face 1.0 643.0 290.0 652.0 299.0 
face 1.0 670.0 300.0 679.0 309.0 
face 1.0 658.0 301.0 666.0 311.0 
face 1.0 685.0 276.0 693.0 284.0 
face 1.0 703.0 261.0 712.0 272.0 
face 1.0 682.0 261.0 688.0 269.0 
face 1.0 675.0 255.0 683.0 264.0 
face 1.0 669.0 246.0 676.0 253.0 
face 1.0 680.0 239.0 688.0 247.0 
face 1.0 716.0 254.0 726.0 262.0 
face 1.0 746.0 264.0 758.0 276.0 
face 1.0 830.0 293.0 836.0 302.0 
face 1.0 600.0 284.0 609.0 293.0 
face 1.0 626.0 268.0 632.0 276.0 
face 1.0 642.0 254.0 649.0 263.0 
face 1.0 657.0 242.0 663.0 250.0 
face 1.0 671.0 237.0 676.0 245.0 
face 1.0 569.0 266.0 576.0 273.0 
face 1.0 579.0 260.0 587.0 268.0 
face 1.0 609.0 263.0 617.0 270.0 
face 1.0 604.0 259.0 609.0 265.0 
face 1.0 610.0 245.0 617.0 254.0 
face 1.0 636.0 231.0 644.0 239.0 
face 1.0 585.0 241.0 592.0 250.0 
face 1.0 585.0 230.0 592.0 239.0 
face 1.0 576.0 235.0 583.0 243.0 
face 1.0 766.0 242.0 773.0 252.0 
face 1.0 761.0 230.0 768.0 239.0 
face 1.0 750.0 221.0 756.0 229.0 
face 1.0 731.0 230.0 737.0 238.0 
face 1.0 729.0 242.0 736.0 250.0 
face 1.0 742.0 252.0 750.0 260.0 
face 1.0 865.0 252.0 872.0 263.0 
face 1.0 862.0 219.0 871.0 228.0 
face 1.0 888.0 207.0 894.0 216.0 
face 1.0 874.0 195.0 881.0 202.0 
face 1.0 864.0 194.0 869.0 201.0 
face 1.0 904.0 187.0 910.0 196.0 
face 1.0 886.0 172.0 891.0 181.0 
face 1.0 848.0 159.0 854.0 165.0 
face 1.0 672.0 276.0 680.0 284.0 
face 1.0 557.0 239.0 564.0 247.0 
face 1.0 783.0 214.0 789.0 221.0 
face 1.0 815.0 238.0 822.0 246.0 
face 1.0 832.0 233.0 839.0 243.0 
face 1.0 807.0 231.0 814.0 240.0 
face 1.0 810.0 214.0 816.0 223.0 
face 1.0 757.0 183.0 764.0 191.0 
face 1.0 778.0 178.0 783.0 185.0 
face 1.0 788.0 186.0 794.0 194.0 
face 1.0 632.0 208.0 639.0 217.0 
face 1.0 572.0 206.0 578.0 214.0 
face 1.0 553.0 255.0 560.0 265.0 
face 1.0 614.0 283.0 620.0 293.0 
face 1.0 622.0 292.0 628.0 299.0 
face 1.0 634.0 271.0 643.0 280.0 
face 1.0 693.0 254.0 702.0 263.0 
face 1.0 697.0 307.0 704.0 317.0 
face 1.0 705.0 299.0 711.0 308.0 
face 1.0 768.0 313.0 774.0 321.0 
face 1.0 624.0 179.0 630.0 186.0 
face 1.0 835.0 188.0 842.0 196.0 
face 1.0 814.0 198.0 822.0 207.0 
face 1.0 704.0 233.0 710.0 240.0 
face 1.0 709.0 244.0 714.0 252.0 
face 1.0 716.0 239.0 722.0 247.0 
face 1.0 883.0 264.0 891.0 272.0 
face 1.0 799.0 300.0 807.0 308.0 
face 1.0 769.0 324.0 778.0 334.0 
face 1.0 725.0 283.0 733.0 291.0 
face 1.0 734.0 262.0 742.0 271.0 
face 1.0 773.0 196.0 780.0 203.0 
face 1.0 743.0 179.0 750.0 188.0 
face 1.0 735.0 159.0 740.0 166.0 
face 1.0 893.0 187.0 899.0 195.0 
face 1.0 970.0 381.0 981.0 391.0 
face 1.0 981.0 381.0 991.0 390.0 
face 1.0 930.0 171.0 936.0 178.0 
face 1.0 942.0 174.0 949.0 181.0 
face 1.0 993.0 176.0 999.0 182.0 
face 1.0 1006.0 178.0 1011.0 184.0 
face 1.0 974.0 179.0 979.0 185.0 
face 1.0 952.0 197.0 957.0 204.0 
face 1.0 961.0 189.0 967.0 197.0 
face 1.0 912.0 158.0 918.0 164.0 
face 1.0 890.0 178.0 895.0 185.0 
face 1.0 882.0 190.0 888.0 198.0 
face 1.0 704.0 203.0 710.0 209.0 
face 1.0 716.0 200.0 720.0 207.0 
face 1.0 698.0 203.0 703.0 210.0 
face 1.0 832.0 164.0 837.0 173.0 
face 1.0 142.0 278.0 152.0 288.0 
face 1.0 193.0 283.0 202.0 294.0 
face 1.0 237.0 277.0 246.0 286.0 
face 1.0 310.0 304.0 321.0 317.0 
face 1.0 369.0 287.0 377.0 295.0 
face 1.0 328.0 281.0 336.0 290.0 
face 1.0 343.0 274.0 350.0 283.0 
face 1.0 354.0 271.0 361.0 278.0 
face 1.0 365.0 276.0 372.0 286.0 
face 1.0 114.0 272.0 123.0 284.0 
face 1.0 154.0 256.0 162.0 267.0 
face 1.0 221.0 277.0 228.0 285.0 
face 1.0 298.0 290.0 306.0 300.0 
face 1.0 40.0 257.0 48.0 267.0 
face 1.0 103.0 275.0 110.0 283.0 
face 1.0 69.0 317.0 78.0 328.0 
face 1.0 181.0 276.0 188.0 284.0 
face 1.0 173.0 300.0 182.0 310.0 
face 1.0 171.0 288.0 179.0 296.0 
face 1.0 159.0 273.0 165.0 281.0 
face 1.0 161.0 265.0 167.0 273.0 
face 1.0 239.0 263.0 248.0 272.0 
face 1.0 252.0 280.0 260.0 290.0 
face 1.0 262.0 287.0 269.0 294.0 
face 1.0 271.0 280.0 280.0 291.0 
face 1.0 217.0 276.0 223.0 285.0 
face 1.0 317.0 272.0 324.0 283.0 
face 1.0 324.0 265.0 331.0 273.0 
face 1.0 335.0 266.0 343.0 277.0 
face 1.0 323.0 306.0 329.0 314.0 
face 1.0 369.0 248.0 374.0 258.0 
face 1.0 331.0 239.0 340.0 248.0 
face 1.0 353.0 240.0 358.0 248.0 
face 1.0 314.0 240.0 320.0 248.0 
face 1.0 217.0 256.0 224.0 263.0 
face 1.0 136.0 215.0 143.0 223.0 
face 1.0 75.0 257.0 82.0 266.0 
face 1.0 78.0 274.0 85.0 284.0 
face 1.0 182.0 237.0 189.0 247.0 
face 1.0 151.0 236.0 159.0 245.0 
face 1.0 309.0 222.0 316.0 230.0 
face 1.0 318.0 223.0 325.0 231.0 
face 1.0 278.0 213.0 284.0 219.0 
face 1.0 285.0 211.0 291.0 218.0 
face 1.0 210.0 230.0 217.0 238.0 
face 1.0 191.0 232.0 197.0 239.0 
face 1.0 67.0 228.0 73.0 236.0 
face 1.0 74.0 227.0 80.0 234.0 
face 1.0 37.0 241.0 46.0 250.0 
face 1.0 20.0 226.0 28.0 236.0 
face 1.0 39.0 218.0 47.0 225.0 
face 1.0 125.0 221.0 131.0 228.0 
face 1.0 190.0 254.0 196.0 263.0 
face 1.0 330.0 304.0 339.0 315.0 
face 1.0 287.0 265.0 294.0 276.0 
face 1.0 194.0 193.0 200.0 202.0 
face 1.0 183.0 219.0 190.0 227.0 
face 1.0 227.0 233.0 234.0 239.0 
face 1.0 136.0 242.0 143.0 251.0 
face 1.0 115.0 254.0 122.0 263.0 
face 1.0 367.0 146.0 374.0 156.0 
face 1.0 149.0 191.0 155.0 199.0 
face 1.0 648.0 188.0 653.0 195.0 
face 1.0 697.0 166.0 703.0 174.0 
face 1.0 685.0 196.0 691.0 203.0 
face 1.0 634.0 195.0 641.0 202.0 
face 1.0 131.0 266.0 138.0 273.0 
face 1.0 105.0 225.0 113.0 234.0 
face 1.0 256.0 256.0 265.0 268.0 
face 1.0 279.0 236.0 287.0 246.0 
face 1.0 325.0 223.0 332.0 233.0 
face 1.0 122.0 252.0 130.0 260.0 
face 1.0 65.0 257.0 72.0 267.0 
face 1.0 43.0 192.0 49.0 198.0 
face 1.0 298.0 190.0 305.0 199.0 
face 1.0 189.0 199.0 194.0 205.0 
face 1.0 248.0 165.0 254.0 171.0 
face 1.0 353.0 174.0 359.0 183.0 
face 1.0 188.0 208.0 194.0 218.0 
face 1.0 238.0 214.0 243.0 224.0 
face 1.0 251.0 229.0 257.0 238.0 
face 1.0 275.0 221.0 281.0 229.0 
face 1.0 550.0 180.0 556.0 187.0 
face 1.0 545.0 181.0 550.0 187.0 
face 1.0 818.0 166.0 825.0 173.0 
face 1.0 722.0 209.0 729.0 218.0 
face 1.0 592.0 214.0 599.0 221.0 
face 1.0 588.0 205.0 595.0 215.0 
face 1.0 608.0 180.0 613.0 186.0 
face 1.0 599.0 177.0 604.0 183.0 
face 1.0 656.0 178.0 662.0 185.0 
face 1.0 658.0 169.0 665.0 176.0 
face 1.0 712.0 161.0 719.0 169.0 
face 1.0 703.0 165.0 707.0 172.0 
face 1.0 825.0 189.0 831.0 198.0 
face 1.0 813.0 187.0 819.0 194.0 
face 1.0 798.0 189.0 803.0 196.0 
face 1.0 792.0 208.0 797.0 215.0 
face 1.0 8.0 280.0 16.0 289.0 
face 1.0 23.0 280.0 31.0 288.0 
face 1.0 8.0 263.0 16.0 273.0 
face 1.0 373.0 208.0 380.0 217.0 
face 1.0 315.0 174.0 320.0 180.0 
face 1.0 303.0 149.0 309.0 158.0 
face 1.0 240.0 241.0 247.0 250.0 
face 1.0 582.0 194.0 588.0 202.0 
face 1.0 555.0 207.0 561.0 214.0 
face 1.0 25.0 202.0 32.0 210.0 
face 1.0 40.0 230.0 47.0 237.0 
face 1.0 137.0 233.0 141.0 240.0 
face 1.0 119.0 226.0 124.0 233.0 
face 1.0 64.0 278.0 71.0 285.0 
face 1.0 176.0 196.0 180.0 203.0 
face 1.0 930.0 294.0 937.0 303.0 
