face 1.0 2.0 349.0 11.0 361.0 
face 1.0 53.0 334.0 64.0 346.0 
face 1.0 35.0 377.0 46.0 391.0 
face 1.0 109.0 373.0 122.0 388.0 
face 1.0 137.0 360.0 149.0 375.0 
face 1.0 164.0 389.0 171.0 398.0 
face 1.0 131.0 373.0 138.0 381.0 
face 1.0 235.0 364.0 246.0 379.0 
face 1.0 294.0 352.0 302.0 365.0 
face 1.0 320.0 357.0 326.0 366.0 
face 1.0 327.0 358.0 335.0 369.0 
face 1.0 290.0 383.0 299.0 397.0 
face 1.0 359.0 362.0 367.0 371.0 
face 1.0 393.0 361.0 402.0 373.0 
face 1.0 406.0 327.0 412.0 335.0 
face 1.0 429.0 321.0 436.0 331.0 
face 1.0 426.0 361.0 436.0 374.0 
face 1.0 463.0 357.0 473.0 372.0 
face 1.0 509.0 368.0 519.0 382.0 
face 1.0 515.0 393.0 520.0 404.0 
face 1.0 483.0 337.0 488.0 343.0 
face 1.0 496.0 332.0 504.0 342.0 
face 1.0 531.0 324.0 540.0 333.0 
face 1.0 542.0 320.0 549.0 329.0 
face 1.0 563.0 326.0 569.0 334.0 
face 1.0 578.0 322.0 587.0 334.0 
face 1.0 561.0 370.0 573.0 384.0 
face 1.0 610.0 371.0 622.0 385.0 
face 1.0 635.0 327.0 645.0 339.0 
face 1.0 652.0 376.0 659.0 390.0 
face 1.0 742.0 334.0 747.0 344.0 
face 1.0 777.0 339.0 783.0 347.0 
face 1.0 796.0 353.0 805.0 364.0 
face 1.0 792.0 355.0 797.0 363.0 
face 1.0 792.0 372.0 799.0 391.0 
face 1.0 826.0 342.0 832.0 350.0 
face 1.0 866.0 335.0 872.0 346.0 
face 1.0 862.0 354.0 870.0 366.0 
face 1.0 864.0 386.0 870.0 401.0 
face 1.0 956.0 393.0 971.0 415.0 
face 1.0 710.0 336.0 721.0 348.0 
