face 1.0 74.0 417.0 82.0 426.0 
face 1.0 54.0 394.0 58.0 400.0 
face 1.0 96.0 423.0 105.0 433.0 
face 1.0 102.0 395.0 110.0 405.0 
face 1.0 112.0 408.0 119.0 419.0 
face 1.0 125.0 404.0 133.0 415.0 
face 1.0 133.0 417.0 142.0 425.0 
face 1.0 151.0 407.0 158.0 416.0 
face 1.0 165.0 421.0 173.0 432.0 
face 1.0 166.0 401.0 174.0 412.0 
face 1.0 258.0 407.0 263.0 416.0 
face 1.0 290.0 394.0 296.0 402.0 
face 1.0 288.0 429.0 295.0 438.0 
face 1.0 321.0 407.0 329.0 417.0 
face 1.0 310.0 399.0 319.0 409.0 
face 1.0 306.0 419.0 312.0 427.0 
face 1.0 337.0 402.0 347.0 415.0 
face 1.0 407.0 455.0 423.0 469.0 
face 1.0 472.0 373.0 484.0 388.0 
face 1.0 495.0 378.0 507.0 395.0 
face 1.0 244.0 367.0 255.0 385.0 
face 1.0 407.0 394.0 410.0 398.0 
face 1.0 407.0 403.0 412.0 408.0 
face 1.0 526.0 411.0 532.0 420.0 
face 1.0 604.0 534.0 621.0 557.0 
face 1.0 647.0 404.0 656.0 415.0 
face 1.0 684.0 395.0 693.0 409.0 
face 1.0 705.0 437.0 713.0 448.0 
face 1.0 723.0 385.0 735.0 400.0 
face 1.0 753.0 378.0 766.0 393.0 
face 1.0 776.0 386.0 788.0 400.0 
face 1.0 764.0 514.0 786.0 538.0 
face 1.0 893.0 556.0 911.0 574.0 
face 1.0 924.0 527.0 943.0 548.0 
face 1.0 975.0 425.0 984.0 436.0 
face 1.0 947.0 409.0 953.0 417.0 
