face 1.0 492.0 776.0 538.0 831.0 
face 1.0 682.0 758.0 732.0 817.0 
face 1.0 953.0 771.0 1018.0 832.0 
face 1.0 848.0 787.0 906.0 850.0 
face 1.0 930.0 736.0 955.0 768.0 
face 1.0 960.0 701.0 984.0 733.0 
face 1.0 898.0 730.0 922.0 759.0 
face 1.0 994.0 700.0 1011.0 732.0 
face 1.0 851.0 652.0 873.0 683.0 
face 1.0 872.0 624.0 893.0 656.0 
face 1.0 927.0 616.0 950.0 647.0 
face 1.0 790.0 702.0 814.0 732.0 
face 1.0 767.0 743.0 791.0 776.0 
face 1.0 569.0 755.0 593.0 785.0 
face 1.0 609.0 689.0 632.0 718.0 
face 1.0 638.0 673.0 662.0 702.0 
face 1.0 759.0 651.0 783.0 679.0 
face 1.0 807.0 634.0 829.0 665.0 
face 1.0 557.0 632.0 580.0 662.0 
face 1.0 695.0 644.0 717.0 671.0 
face 1.0 993.0 524.0 1013.0 552.0 
face 1.0 970.0 478.0 991.0 507.0 
face 1.0 832.0 526.0 853.0 558.0 
face 1.0 1007.0 452.0 1023.0 482.0 
face 1.0 906.0 437.0 928.0 466.0 
face 1.0 861.0 470.0 882.0 499.0 
face 1.0 775.0 497.0 797.0 528.0 
face 1.0 670.0 508.0 692.0 539.0 
face 1.0 719.0 453.0 740.0 482.0 
face 1.0 742.0 427.0 763.0 453.0 
face 1.0 836.0 445.0 856.0 470.0 
face 1.0 655.0 477.0 683.0 507.0 
face 1.0 662.0 439.0 686.0 470.0 
face 1.0 965.0 392.0 988.0 421.0 
face 1.0 884.0 409.0 907.0 432.0 
face 1.0 634.0 387.0 657.0 413.0 
face 1.0 681.0 365.0 702.0 393.0 
face 1.0 993.0 369.0 1014.0 397.0 
face 1.0 873.0 383.0 893.0 407.0 
face 1.0 767.0 354.0 787.0 381.0 
face 1.0 737.0 335.0 756.0 360.0 
face 1.0 613.0 365.0 637.0 394.0 
face 1.0 565.0 333.0 583.0 359.0 
face 1.0 680.0 310.0 696.0 335.0 
face 1.0 810.0 309.0 831.0 336.0 
face 1.0 872.0 323.0 886.0 346.0 
face 1.0 889.0 352.0 903.0 377.0 
face 1.0 934.0 328.0 948.0 353.0 
face 1.0 976.0 353.0 992.0 375.0 
face 1.0 991.0 345.0 1010.0 370.0 
face 1.0 825.0 355.0 843.0 382.0 
face 1.0 625.0 335.0 646.0 359.0 
face 1.0 646.0 271.0 663.0 296.0 
face 1.0 566.0 276.0 586.0 298.0 
face 1.0 606.0 267.0 623.0 294.0 
face 1.0 687.0 269.0 706.0 294.0 
face 1.0 720.0 295.0 740.0 323.0 
face 1.0 854.0 292.0 874.0 317.0 
face 1.0 793.0 277.0 811.0 305.0 
face 1.0 830.0 240.0 851.0 269.0 
face 1.0 894.0 238.0 913.0 263.0 
face 1.0 981.0 270.0 1000.0 294.0 
face 1.0 1011.0 235.0 1024.0 259.0 
face 1.0 522.0 431.0 542.0 461.0 
face 1.0 520.0 349.0 538.0 377.0 
face 1.0 487.0 326.0 508.0 355.0 
face 1.0 897.0 199.0 914.0 221.0 
face 1.0 961.0 199.0 980.0 220.0 
face 1.0 905.0 159.0 925.0 184.0 
face 1.0 958.0 234.0 975.0 254.0 
face 1.0 971.0 160.0 990.0 186.0 
face 1.0 993.0 105.0 1014.0 133.0 
face 1.0 952.0 24.0 970.0 48.0 
face 1.0 908.0 63.0 925.0 89.0 
face 1.0 872.0 108.0 888.0 132.0 
face 1.0 838.0 197.0 857.0 223.0 
face 1.0 823.0 166.0 841.0 192.0 
face 1.0 777.0 200.0 795.0 227.0 
face 1.0 710.0 229.0 731.0 253.0 
face 1.0 749.0 166.0 769.0 192.0 
face 1.0 781.0 126.0 801.0 147.0 
face 1.0 739.0 135.0 761.0 161.0 
face 1.0 663.0 153.0 681.0 177.0 
face 1.0 637.0 238.0 658.0 262.0 
face 1.0 599.0 159.0 618.0 186.0 
face 1.0 615.0 131.0 634.0 158.0 
face 1.0 757.0 105.0 776.0 131.0 
face 1.0 807.0 122.0 826.0 147.0 
face 1.0 675.0 134.0 696.0 160.0 
face 1.0 695.0 85.0 716.0 111.0 
face 1.0 630.0 94.0 648.0 117.0 
face 1.0 666.0 47.0 681.0 71.0 
face 1.0 834.0 47.0 854.0 72.0 
face 1.0 702.0 21.0 720.0 47.0 
face 1.0 721.0 44.0 739.0 71.0 
face 1.0 787.0 20.0 806.0 46.0 
face 1.0 848.0 15.0 864.0 37.0 
face 1.0 879.0 5.0 897.0 28.0 
face 1.0 909.0 0.0 925.0 12.0 
face 1.0 212.0 884.0 234.0 915.0 
face 1.0 80.0 892.0 106.0 924.0 
face 1.0 175.0 830.0 198.0 860.0 
face 1.0 133.0 796.0 154.0 822.0 
face 1.0 252.0 811.0 275.0 836.0 
face 1.0 66.0 835.0 91.0 865.0 
face 1.0 44.0 894.0 67.0 923.0 
face 1.0 38.0 779.0 61.0 816.0 
face 1.0 61.0 747.0 81.0 776.0 
face 1.0 140.0 875.0 163.0 906.0 
face 1.0 408.0 798.0 431.0 829.0 
face 1.0 330.0 836.0 350.0 868.0 
face 1.0 383.0 645.0 404.0 670.0 
face 1.0 310.0 644.0 333.0 671.0 
face 1.0 230.0 635.0 254.0 667.0 
face 1.0 35.0 689.0 60.0 719.0 
face 1.0 169.0 715.0 193.0 740.0 
face 1.0 176.0 600.0 201.0 630.0 
face 1.0 73.0 647.0 91.0 675.0 
face 1.0 84.0 618.0 104.0 642.0 
face 1.0 55.0 581.0 76.0 608.0 
face 1.0 257.0 572.0 274.0 599.0 
face 1.0 275.0 548.0 295.0 573.0 
face 1.0 123.0 594.0 139.0 619.0 
face 1.0 187.0 578.0 204.0 604.0 
face 1.0 107.0 536.0 127.0 563.0 
face 1.0 169.0 538.0 187.0 563.0 
face 1.0 148.0 667.0 167.0 699.0 
face 1.0 463.0 478.0 491.0 513.0 
face 1.0 411.0 455.0 433.0 484.0 
face 1.0 364.0 541.0 385.0 569.0 
face 1.0 358.0 514.0 381.0 541.0 
face 1.0 250.0 485.0 268.0 512.0 
face 1.0 169.0 469.0 191.0 498.0 
face 1.0 110.0 510.0 129.0 533.0 
face 1.0 30.0 503.0 49.0 531.0 
face 1.0 68.0 446.0 90.0 475.0 
face 1.0 13.0 455.0 35.0 478.0 
face 1.0 123.0 452.0 143.0 473.0 
face 1.0 190.0 427.0 213.0 458.0 
face 1.0 258.0 438.0 279.0 468.0 
face 1.0 331.0 471.0 354.0 502.0 
face 1.0 328.0 426.0 347.0 453.0 
face 1.0 405.0 426.0 431.0 451.0 
face 1.0 300.0 397.0 321.0 426.0 
face 1.0 411.0 389.0 429.0 413.0 
face 1.0 227.0 392.0 249.0 419.0 
face 1.0 148.0 416.0 170.0 445.0 
face 1.0 282.0 366.0 303.0 395.0 
face 1.0 346.0 392.0 363.0 415.0 
face 1.0 353.0 407.0 368.0 432.0 
face 1.0 413.0 350.0 437.0 377.0 
face 1.0 296.0 334.0 317.0 362.0 
face 1.0 221.0 337.0 243.0 364.0 
face 1.0 144.0 346.0 164.0 372.0 
face 1.0 12.0 293.0 35.0 318.0 
face 1.0 270.0 280.0 290.0 306.0 
face 1.0 421.0 284.0 440.0 309.0 
face 1.0 338.0 250.0 359.0 275.0 
face 1.0 500.0 286.0 518.0 312.0 
face 1.0 358.0 329.0 376.0 360.0 
face 1.0 527.0 177.0 549.0 202.0 
face 1.0 493.0 154.0 513.0 179.0 
face 1.0 463.0 183.0 482.0 208.0 
face 1.0 411.0 166.0 429.0 188.0 
face 1.0 333.0 157.0 352.0 182.0 
face 1.0 295.0 229.0 312.0 253.0 
face 1.0 546.0 129.0 565.0 155.0 
face 1.0 530.0 263.0 552.0 290.0 
face 1.0 481.0 111.0 498.0 133.0 
face 1.0 463.0 103.0 480.0 127.0 
face 1.0 405.0 86.0 423.0 113.0 
face 1.0 562.0 107.0 582.0 131.0 
face 1.0 601.0 55.0 618.0 80.0 
face 1.0 622.0 5.0 640.0 26.0 
face 1.0 542.0 36.0 563.0 62.0 
face 1.0 504.0 35.0 523.0 60.0 
face 1.0 463.0 38.0 479.0 61.0 
face 1.0 425.0 25.0 444.0 49.0 
face 1.0 254.0 71.0 274.0 97.0 
face 1.0 193.0 119.0 211.0 146.0 
face 1.0 213.0 97.0 232.0 123.0 
face 1.0 192.0 91.0 212.0 118.0 
face 1.0 206.0 54.0 223.0 77.0 
face 1.0 320.0 3.0 339.0 28.0 
face 1.0 511.0 78.0 530.0 103.0 
face 1.0 574.0 225.0 594.0 252.0 
face 1.0 458.0 249.0 475.0 268.0 
face 1.0 533.0 0.0 555.0 19.0 
face 1.0 150.0 172.0 169.0 199.0 
face 1.0 84.0 190.0 105.0 219.0 
face 1.0 1.0 246.0 21.0 268.0 
face 1.0 8.0 180.0 24.0 206.0 
face 1.0 110.0 126.0 128.0 150.0 
face 1.0 110.0 58.0 126.0 80.0 
face 1.0 48.0 74.0 67.0 99.0 
face 1.0 56.0 8.0 73.0 31.0 
face 1.0 141.0 43.0 161.0 66.0 
face 1.0 192.0 1.0 210.0 23.0 
face 1.0 226.0 294.0 243.0 314.0 
face 1.0 494.0 411.0 517.0 438.0 
face 1.0 348.0 709.0 370.0 735.0 
face 1.0 784.0 411.0 802.0 435.0 
face 1.0 929.0 385.0 943.0 406.0 
face 1.0 929.0 263.0 944.0 284.0 
face 1.0 319.0 84.0 336.0 104.0 
face 1.0 193.0 39.0 214.0 61.0 
face 1.0 97.0 178.0 116.0 202.0 
face 1.0 250.0 754.0 271.0 778.0 
face 1.0 568.0 460.0 591.0 486.0 
face 1.0 0.0 734.0 11.0 759.0 
face 1.0 20.0 155.0 43.0 182.0 
