face 1.0 1.0 237.0 32.0 276.0 
face 1.0 130.0 209.0 156.0 247.0 
face 1.0 108.0 196.0 120.0 213.0 
face 1.0 161.0 191.0 174.0 205.0 
face 1.0 170.0 199.0 188.0 228.0 
face 1.0 216.0 227.0 243.0 257.0 
face 1.0 221.0 268.0 256.0 314.0 
face 1.0 198.0 200.0 214.0 220.0 
face 1.0 219.0 206.0 240.0 226.0 
face 1.0 263.0 213.0 278.0 235.0 
face 1.0 232.0 193.0 242.0 202.0 
face 1.0 298.0 193.0 313.0 210.0 
face 1.0 289.0 266.0 328.0 323.0 
face 1.0 239.0 302.0 306.0 388.0 
face 1.0 341.0 219.0 352.0 232.0 
face 1.0 330.0 229.0 358.0 270.0 
face 1.0 378.0 255.0 404.0 289.0 
face 1.0 374.0 213.0 385.0 230.0 
face 1.0 388.0 190.0 397.0 205.0 
face 1.0 396.0 189.0 404.0 203.0 
face 1.0 350.0 204.0 359.0 214.0 
face 1.0 479.0 190.0 490.0 201.0 
face 1.0 497.0 200.0 508.0 212.0 
face 1.0 492.0 215.0 508.0 239.0 
face 1.0 460.0 202.0 472.0 215.0 
face 1.0 536.0 210.0 552.0 230.0 
face 1.0 554.0 224.0 574.0 254.0 
face 1.0 455.0 243.0 481.0 281.0 
face 1.0 418.0 235.0 460.0 291.0 
face 1.0 409.0 327.0 518.0 464.0 
face 1.0 610.0 233.0 657.0 296.0 
face 1.0 690.0 261.0 714.0 296.0 
face 1.0 715.0 243.0 739.0 278.0 
face 1.0 737.0 237.0 756.0 260.0 
face 1.0 742.0 219.0 755.0 235.0 
face 1.0 680.0 233.0 692.0 248.0 
face 1.0 684.0 226.0 699.0 242.0 
face 1.0 790.0 208.0 798.0 218.0 
face 1.0 765.0 206.0 775.0 217.0 
face 1.0 847.0 211.0 864.0 232.0 
face 1.0 839.0 261.0 866.0 302.0 
face 1.0 889.0 215.0 907.0 235.0 
face 1.0 887.0 233.0 909.0 256.0 
face 1.0 777.0 230.0 790.0 244.0 
face 1.0 343.0 193.0 351.0 200.0 
face 1.0 945.0 283.0 971.0 317.0 
face 1.0 795.0 304.0 839.0 360.0 
face 1.0 825.0 276.0 849.0 309.0 
face 1.0 723.0 203.0 734.0 221.0 
face 1.0 997.0 214.0 1013.0 234.0 
face 1.0 1009.0 223.0 1023.0 250.0 
face 1.0 902.0 431.0 1024.0 554.0 
face 1.0 975.0 338.0 1024.0 391.0 
face 1.0 35.0 234.0 53.0 253.0 
face 1.0 598.0 234.0 612.0 252.0 
face 1.0 691.0 206.0 699.0 220.0 
