face 1.0 38.0 384.0 49.0 405.0 
face 1.0 159.0 425.0 173.0 448.0 
face 1.0 142.0 386.0 149.0 394.0 
face 1.0 111.0 382.0 116.0 388.0 
face 1.0 181.0 393.0 186.0 403.0 
face 1.0 192.0 391.0 199.0 401.0 
face 1.0 291.0 394.0 305.0 411.0 
face 1.0 315.0 442.0 327.0 466.0 
face 1.0 339.0 461.0 361.0 496.0 
face 1.0 358.0 391.0 365.0 402.0 
face 1.0 455.0 460.0 466.0 490.0 
face 1.0 436.0 404.0 444.0 419.0 
face 1.0 519.0 411.0 533.0 433.0 
face 1.0 488.0 481.0 514.0 522.0 
face 1.0 510.0 523.0 528.0 577.0 
face 1.0 572.0 422.0 581.0 443.0 
face 1.0 542.0 374.0 549.0 384.0 
face 1.0 629.0 384.0 641.0 398.0 
face 1.0 656.0 395.0 672.0 424.0 
face 1.0 659.0 434.0 681.0 470.0 
face 1.0 663.0 477.0 698.0 533.0 
face 1.0 701.0 370.0 711.0 382.0 
face 1.0 620.0 356.0 627.0 367.0 
face 1.0 759.0 422.0 791.0 463.0 
face 1.0 747.0 407.0 771.0 438.0 
face 1.0 793.0 385.0 802.0 404.0 
face 1.0 828.0 346.0 836.0 362.0 
face 1.0 948.0 468.0 981.0 530.0 
face 1.0 914.0 494.0 940.0 542.0 
face 1.0 1001.0 420.0 1024.0 456.0 
face 1.0 961.0 389.0 976.0 419.0 
face 1.0 902.0 404.0 918.0 433.0 
face 1.0 877.0 344.0 884.0 359.0 
face 1.0 911.0 356.0 918.0 367.0 
face 1.0 974.0 345.0 981.0 359.0 
face 1.0 992.0 354.0 1004.0 370.0 
face 1.0 814.0 398.0 825.0 417.0 
face 1.0 243.0 420.0 251.0 436.0 
face 1.0 342.0 390.0 349.0 400.0 
face 1.0 696.0 354.0 702.0 363.0 
face 1.0 634.0 362.0 640.0 371.0 
face 1.0 310.0 394.0 320.0 405.0 
face 1.0 234.0 404.0 241.0 415.0 
face 1.0 220.0 395.0 227.0 404.0 
