face 1.0 980.0 317.0 989.0 329.0 
face 1.0 963.0 315.0 974.0 329.0 
face 1.0 918.0 309.0 926.0 319.0 
face 1.0 895.0 308.0 903.0 320.0 
face 1.0 866.0 311.0 877.0 322.0 
face 1.0 868.0 289.0 875.0 298.0 
face 1.0 843.0 286.0 852.0 299.0 
face 1.0 973.0 374.0 980.0 383.0 
face 1.0 828.0 398.0 843.0 415.0 
face 1.0 801.0 333.0 808.0 342.0 
face 1.0 795.0 316.0 805.0 328.0 
face 1.0 778.0 300.0 784.0 308.0 
face 1.0 774.0 289.0 781.0 297.0 
face 1.0 786.0 293.0 795.0 307.0 
face 1.0 695.0 270.0 701.0 279.0 
face 1.0 672.0 274.0 678.0 284.0 
face 1.0 725.0 356.0 737.0 371.0 
face 1.0 748.0 366.0 761.0 381.0 
face 1.0 681.0 382.0 692.0 397.0 
face 1.0 938.0 379.0 947.0 391.0 
face 1.0 640.0 341.0 653.0 356.0 
face 1.0 621.0 364.0 634.0 380.0 
face 1.0 577.0 365.0 587.0 377.0 
face 1.0 599.0 337.0 609.0 350.0 
face 1.0 514.0 358.0 523.0 369.0 
face 1.0 528.0 338.0 537.0 352.0 
face 1.0 561.0 282.0 567.0 291.0 
face 1.0 593.0 275.0 599.0 283.0 
face 1.0 516.0 254.0 523.0 263.0 
face 1.0 634.0 271.0 642.0 280.0 
face 1.0 465.0 344.0 474.0 357.0 
face 1.0 451.0 330.0 462.0 342.0 
face 1.0 508.0 289.0 514.0 298.0 
face 1.0 488.0 305.0 500.0 319.0 
face 1.0 406.0 376.0 419.0 393.0 
face 1.0 392.0 341.0 403.0 354.0 
face 1.0 328.0 331.0 339.0 345.0 
face 1.0 261.0 302.0 269.0 315.0 
face 1.0 417.0 259.0 422.0 267.0 
face 1.0 399.0 258.0 407.0 267.0 
face 1.0 384.0 260.0 391.0 268.0 
face 1.0 318.0 268.0 324.0 276.0 
face 1.0 297.0 263.0 303.0 272.0 
face 1.0 208.0 313.0 216.0 325.0 
face 1.0 233.0 272.0 242.0 284.0 
face 1.0 99.0 295.0 110.0 306.0 
face 1.0 71.0 286.0 79.0 295.0 
face 1.0 9.0 280.0 18.0 293.0 
face 1.0 167.0 230.0 172.0 238.0 
face 1.0 15.0 369.0 28.0 385.0 
face 1.0 174.0 399.0 182.0 413.0 
face 1.0 197.0 348.0 209.0 361.0 
face 1.0 274.0 458.0 292.0 484.0 
face 1.0 142.0 408.0 154.0 425.0 
face 1.0 880.0 343.0 889.0 354.0 
face 1.0 821.0 275.0 830.0 287.0 
face 1.0 778.0 339.0 784.0 347.0 
face 1.0 734.0 286.0 741.0 297.0 
