face 1.0 46.0 204.0 70.0 225.0 
face 1.0 96.0 207.0 113.0 225.0 
face 1.0 165.0 249.0 195.0 278.0 
face 1.0 215.0 212.0 238.0 236.0 
face 1.0 280.0 258.0 298.0 280.0 
face 1.0 199.0 188.0 215.0 207.0 
face 1.0 366.0 236.0 382.0 257.0 
face 1.0 330.0 200.0 337.0 208.0 
face 1.0 422.0 199.0 444.0 221.0 
face 1.0 510.0 201.0 559.0 264.0 
face 1.0 576.0 241.0 598.0 266.0 
face 1.0 742.0 240.0 762.0 262.0 
face 1.0 680.0 200.0 695.0 218.0 
face 1.0 870.0 234.0 896.0 258.0 
face 1.0 1006.0 227.0 1024.0 256.0 
face 1.0 586.0 196.0 596.0 206.0 
