face 1.0 946.0 210.0 958.0 224.0 
face 1.0 901.0 208.0 912.0 223.0 
face 1.0 886.0 296.0 905.0 317.0 
face 1.0 842.0 306.0 866.0 333.0 
face 1.0 787.0 307.0 809.0 331.0 
face 1.0 723.0 275.0 749.0 302.0 
face 1.0 623.0 296.0 643.0 320.0 
face 1.0 512.0 304.0 534.0 329.0 
face 1.0 449.0 298.0 473.0 323.0 
face 1.0 350.0 278.0 377.0 306.0 
face 1.0 305.0 292.0 328.0 318.0 
face 1.0 254.0 287.0 281.0 320.0 
face 1.0 216.0 295.0 241.0 322.0 
face 1.0 205.0 298.0 214.0 310.0 
face 1.0 173.0 313.0 178.0 323.0 
face 1.0 116.0 338.0 131.0 353.0 
face 1.0 66.0 258.0 72.0 268.0 
face 1.0 36.0 318.0 51.0 337.0 
face 1.0 69.0 255.0 76.0 265.0 
face 1.0 23.0 321.0 33.0 336.0 
face 1.0 86.0 340.0 93.0 352.0 
face 1.0 564.0 332.0 574.0 342.0 
face 1.0 68.0 369.0 77.0 383.0 
face 1.0 387.0 301.0 399.0 318.0 
