face 1.0 20.0 305.0 38.0 323.0 
face 1.0 82.0 294.0 98.0 315.0 
face 1.0 96.0 314.0 112.0 337.0 
face 1.0 137.0 304.0 152.0 327.0 
face 1.0 185.0 316.0 202.0 338.0 
face 1.0 241.0 312.0 259.0 333.0 
face 1.0 256.0 293.0 274.0 315.0 
face 1.0 329.0 239.0 343.0 257.0 
face 1.0 379.0 240.0 391.0 257.0 
face 1.0 318.0 300.0 335.0 323.0 
face 1.0 336.0 308.0 351.0 334.0 
face 1.0 359.0 310.0 377.0 332.0 
face 1.0 388.0 317.0 404.0 338.0 
face 1.0 453.0 322.0 469.0 345.0 
face 1.0 513.0 318.0 531.0 345.0 
face 1.0 660.0 323.0 679.0 346.0 
face 1.0 747.0 327.0 767.0 353.0 
face 1.0 827.0 323.0 845.0 351.0 
face 1.0 848.0 317.0 866.0 344.0 
face 1.0 971.0 345.0 990.0 372.0 
face 1.0 1009.0 471.0 1024.0 509.0 
