face 1.0 412.0 306.0 456.0 359.0 
face 1.0 541.0 295.0 572.0 328.0 
face 1.0 605.0 304.0 626.0 332.0 
face 1.0 297.0 348.0 335.0 391.0 
face 1.0 194.0 300.0 232.0 343.0 
face 1.0 100.0 266.0 132.0 302.0 
face 1.0 372.0 330.0 391.0 354.0 
face 1.0 515.0 314.0 532.0 336.0 
face 1.0 461.0 318.0 487.0 347.0 
face 1.0 769.0 316.0 794.0 345.0 
face 1.0 857.0 315.0 878.0 341.0 
face 1.0 921.0 336.0 937.0 355.0 
face 1.0 956.0 330.0 971.0 346.0 
face 1.0 986.0 332.0 998.0 347.0 
face 1.0 1003.0 340.0 1015.0 355.0 
face 1.0 900.0 345.0 914.0 363.0 
face 1.0 835.0 339.0 848.0 354.0 
