face 1.0 65.0 220.0 79.0 235.0 
face 1.0 42.0 218.0 48.0 227.0 
face 1.0 246.0 208.0 258.0 223.0 
face 1.0 330.0 205.0 335.0 212.0 
face 1.0 343.0 197.0 349.0 203.0 
face 1.0 397.0 200.0 403.0 207.0 
face 1.0 389.0 208.0 394.0 213.0 
face 1.0 768.0 236.0 793.0 273.0 
face 1.0 474.0 210.0 481.0 220.0 
face 1.0 481.0 205.0 488.0 217.0 
face 1.0 489.0 201.0 497.0 214.0 
face 1.0 523.0 201.0 530.0 210.0 
face 1.0 571.0 197.0 576.0 204.0 
face 1.0 535.0 201.0 539.0 207.0 
face 1.0 558.0 198.0 563.0 203.0 
face 1.0 724.0 200.0 735.0 211.0 
face 1.0 656.0 193.0 663.0 201.0 
face 1.0 673.0 194.0 680.0 203.0 
face 1.0 694.0 186.0 700.0 192.0 
face 1.0 713.0 186.0 719.0 192.0 
face 1.0 709.0 191.0 714.0 198.0 
face 1.0 604.0 195.0 608.0 201.0 
face 1.0 749.0 194.0 758.0 207.0 
face 1.0 776.0 187.0 781.0 193.0 
face 1.0 792.0 181.0 798.0 188.0 
face 1.0 807.0 187.0 813.0 195.0 
face 1.0 828.0 179.0 833.0 186.0 
face 1.0 887.0 174.0 896.0 186.0 
face 1.0 845.0 178.0 851.0 183.0 
face 1.0 834.0 178.0 841.0 185.0 
face 1.0 941.0 183.0 951.0 194.0 
face 1.0 969.0 182.0 977.0 191.0 
face 1.0 930.0 171.0 937.0 178.0 
face 1.0 961.0 173.0 968.0 179.0 
face 1.0 1003.0 168.0 1008.0 175.0 
face 1.0 979.0 174.0 986.0 181.0 
face 1.0 609.0 201.0 615.0 210.0 
face 1.0 686.0 191.0 691.0 198.0 
