face 1.0 194.0 226.0 218.0 254.0 
face 1.0 269.0 268.0 289.0 291.0 
face 1.0 334.0 280.0 348.0 298.0 
face 1.0 385.0 297.0 396.0 312.0 
face 1.0 154.0 298.0 169.0 314.0 
face 1.0 37.0 266.0 55.0 289.0 
face 1.0 603.0 237.0 631.0 262.0 
face 1.0 929.0 248.0 952.0 268.0 
face 1.0 840.0 288.0 857.0 304.0 
face 1.0 780.0 298.0 792.0 308.0 
face 1.0 1013.0 268.0 1024.0 290.0 
face 1.0 822.0 269.0 832.0 282.0 
face 1.0 386.0 281.0 393.0 289.0 
face 1.0 437.0 312.0 445.0 323.0 
face 1.0 409.0 309.0 419.0 321.0 
