face 1.0 894.0 159.0 947.0 211.0 
face 1.0 850.0 185.0 883.0 219.0 
face 1.0 755.0 196.0 785.0 225.0 
face 1.0 672.0 192.0 697.0 220.0 
face 1.0 598.0 185.0 622.0 212.0 
face 1.0 460.0 186.0 481.0 209.0 
face 1.0 415.0 181.0 434.0 200.0 
face 1.0 370.0 201.0 388.0 221.0 
face 1.0 335.0 189.0 351.0 210.0 
face 1.0 509.0 222.0 532.0 234.0 
face 1.0 279.0 190.0 296.0 211.0 
face 1.0 212.0 189.0 233.0 210.0 
face 1.0 153.0 188.0 173.0 207.0 
face 1.0 84.0 180.0 106.0 200.0 
face 1.0 41.0 176.0 65.0 201.0 
face 1.0 155.0 1380.0 175.0 1406.0 
face 1.0 844.0 1245.0 864.0 1270.0 
face 1.0 806.0 1306.0 821.0 1329.0 
face 1.0 621.0 1229.0 639.0 1249.0 
face 1.0 513.0 1184.0 533.0 1207.0 
face 1.0 506.0 1124.0 523.0 1141.0 
face 1.0 574.0 1254.0 593.0 1276.0 
face 1.0 538.0 1226.0 558.0 1247.0 
face 1.0 611.0 1282.0 632.0 1303.0 
face 1.0 646.0 1288.0 662.0 1304.0 
face 1.0 771.0 1271.0 790.0 1291.0 
face 1.0 526.0 1277.0 547.0 1300.0 
face 1.0 487.0 1268.0 503.0 1287.0 
face 1.0 499.0 1228.0 515.0 1247.0 
face 1.0 456.0 1202.0 474.0 1222.0 
face 1.0 566.0 1303.0 586.0 1326.0 
face 1.0 413.0 1133.0 430.0 1151.0 
face 1.0 320.0 1138.0 337.0 1154.0 
face 1.0 360.0 1143.0 374.0 1162.0 
face 1.0 447.0 1138.0 464.0 1161.0 
face 1.0 356.0 1218.0 370.0 1236.0 
face 1.0 250.0 1211.0 262.0 1229.0 
face 1.0 45.0 1216.0 59.0 1232.0 
face 1.0 106.0 1172.0 121.0 1188.0 
face 1.0 71.0 1161.0 89.0 1178.0 
face 1.0 6.0 1114.0 20.0 1129.0 
face 1.0 149.0 1199.0 166.0 1219.0 
face 1.0 128.0 1153.0 144.0 1169.0 
face 1.0 319.0 1291.0 340.0 1313.0 
face 1.0 421.0 1269.0 432.0 1285.0 
face 1.0 699.0 1329.0 715.0 1352.0 
face 1.0 935.0 1049.0 946.0 1064.0 
face 1.0 663.0 1241.0 681.0 1266.0 
face 1.0 734.0 1267.0 749.0 1286.0 
face 1.0 690.0 1272.0 706.0 1295.0 
face 1.0 651.0 1208.0 667.0 1231.0 
face 1.0 585.0 1192.0 605.0 1214.0 
face 1.0 556.0 1357.0 577.0 1379.0 
face 1.0 424.0 1221.0 446.0 1244.0 
face 1.0 468.0 1314.0 482.0 1332.0 
face 1.0 892.0 1310.0 909.0 1332.0 
face 1.0 873.0 1344.0 890.0 1368.0 
face 1.0 46.0 1107.0 62.0 1125.0 
face 1.0 162.0 1059.0 176.0 1074.0 
face 1.0 286.0 1093.0 299.0 1105.0 
face 1.0 232.0 1090.0 244.0 1104.0 
face 1.0 75.0 1125.0 91.0 1142.0 
face 1.0 278.0 1170.0 292.0 1189.0 
face 1.0 250.0 1135.0 263.0 1149.0 
face 1.0 206.0 1143.0 217.0 1159.0 
face 1.0 458.0 1277.0 467.0 1292.0 
face 1.0 591.0 658.0 601.0 673.0 
