face 1.0 577.0 1042.0 596.0 1067.0 
face 1.0 460.0 1046.0 488.0 1082.0 
face 1.0 282.0 1049.0 304.0 1080.0 
face 1.0 207.0 1054.0 232.0 1087.0 
face 1.0 847.0 1043.0 870.0 1075.0 
face 1.0 213.0 1954.0 292.0 2059.0 
face 1.0 364.0 1880.0 435.0 1976.0 
face 1.0 4.0 1687.0 58.0 1758.0 
face 1.0 80.0 1696.0 123.0 1761.0 
face 1.0 124.0 1703.0 161.0 1752.0 
face 1.0 177.0 1752.0 221.0 1802.0 
face 1.0 221.0 1755.0 248.0 1797.0 
face 1.0 264.0 1752.0 309.0 1803.0 
face 1.0 343.0 1761.0 378.0 1800.0 
face 1.0 401.0 1787.0 458.0 1856.0 
face 1.0 491.0 1726.0 520.0 1761.0 
face 1.0 465.0 1769.0 495.0 1805.0 
face 1.0 449.0 1832.0 484.0 1871.0 
face 1.0 518.0 1844.0 553.0 1893.0 
face 1.0 546.0 1774.0 580.0 1812.0 
face 1.0 579.0 1896.0 623.0 1959.0 
face 1.0 611.0 1985.0 683.0 2070.0 
face 1.0 610.0 1831.0 654.0 1882.0 
face 1.0 594.0 1761.0 627.0 1807.0 
face 1.0 632.0 1755.0 662.0 1792.0 
face 1.0 671.0 1745.0 701.0 1779.0 
face 1.0 665.0 1802.0 699.0 1844.0 
face 1.0 731.0 1847.0 778.0 1910.0 
face 1.0 797.0 1776.0 839.0 1835.0 
face 1.0 761.0 1744.0 799.0 1788.0 
face 1.0 859.0 1724.0 893.0 1767.0 
face 1.0 881.0 1683.0 918.0 1729.0 
face 1.0 858.0 1776.0 898.0 1828.0 
face 1.0 915.0 1783.0 961.0 1840.0 
face 1.0 952.0 1916.0 1011.0 1994.0 
face 1.0 990.0 1757.0 1024.0 1813.0 
face 1.0 906.0 1077.0 944.0 1122.0 
face 1.0 994.0 1087.0 1019.0 1128.0 
face 1.0 710.0 1084.0 740.0 1123.0 
face 1.0 326.0 1051.0 346.0 1075.0 
