face 1.0 91.0 468.0 107.0 483.0 
face 1.0 209.0 207.0 217.0 216.0 
face 1.0 166.0 231.0 177.0 241.0 
face 1.0 172.0 251.0 180.0 262.0 
face 1.0 123.0 285.0 134.0 299.0 
face 1.0 116.0 323.0 127.0 336.0 
face 1.0 282.0 205.0 291.0 215.0 
face 1.0 329.0 214.0 338.0 224.0 
face 1.0 365.0 206.0 374.0 220.0 
face 1.0 401.0 175.0 411.0 186.0 
face 1.0 328.0 248.0 339.0 267.0 
face 1.0 268.0 278.0 282.0 298.0 
face 1.0 282.0 318.0 293.0 334.0 
face 1.0 322.0 284.0 334.0 300.0 
face 1.0 364.0 285.0 376.0 299.0 
face 1.0 343.0 313.0 356.0 326.0 
face 1.0 428.0 199.0 438.0 210.0 
face 1.0 55.0 368.0 65.0 382.0 
face 1.0 149.0 408.0 164.0 425.0 
face 1.0 178.0 372.0 190.0 386.0 
face 1.0 208.0 410.0 221.0 428.0 
face 1.0 169.0 464.0 186.0 479.0 
face 1.0 226.0 465.0 241.0 479.0 
face 1.0 282.0 475.0 298.0 489.0 
face 1.0 262.0 409.0 275.0 421.0 
face 1.0 233.0 371.0 246.0 384.0 
face 1.0 297.0 363.0 311.0 378.0 
face 1.0 314.0 410.0 329.0 426.0 
face 1.0 347.0 365.0 360.0 379.0 
face 1.0 370.0 410.0 386.0 425.0 
face 1.0 397.0 371.0 411.0 386.0 
face 1.0 395.0 469.0 410.0 487.0 
face 1.0 420.0 413.0 435.0 429.0 
face 1.0 450.0 476.0 466.0 492.0 
face 1.0 474.0 411.0 489.0 426.0 
face 1.0 505.0 468.0 519.0 483.0 
face 1.0 533.0 416.0 546.0 432.0 
face 1.0 562.0 464.0 578.0 482.0 
face 1.0 589.0 425.0 602.0 442.0 
face 1.0 338.0 477.0 353.0 493.0 
face 1.0 432.0 267.0 442.0 279.0 
face 1.0 409.0 292.0 419.0 303.0 
face 1.0 414.0 319.0 427.0 334.0 
face 1.0 450.0 293.0 462.0 308.0 
face 1.0 470.0 332.0 482.0 346.0 
face 1.0 445.0 361.0 459.0 378.0 
face 1.0 496.0 369.0 511.0 384.0 
face 1.0 529.0 326.0 540.0 339.0 
face 1.0 555.0 356.0 570.0 369.0 
face 1.0 500.0 291.0 512.0 304.0 
face 1.0 533.0 258.0 543.0 269.0 
face 1.0 558.0 286.0 571.0 300.0 
face 1.0 591.0 326.0 603.0 340.0 
face 1.0 445.0 176.0 455.0 186.0 
face 1.0 486.0 156.0 496.0 168.0 
face 1.0 522.0 175.0 533.0 188.0 
face 1.0 470.0 193.0 480.0 207.0 
face 1.0 510.0 201.0 520.0 212.0 
face 1.0 553.0 203.0 563.0 216.0 
face 1.0 567.0 176.0 577.0 187.0 
face 1.0 590.0 201.0 600.0 214.0 
face 1.0 624.0 205.0 634.0 218.0 
face 1.0 627.0 260.0 640.0 277.0 
face 1.0 607.0 289.0 620.0 303.0 
face 1.0 640.0 324.0 654.0 339.0 
face 1.0 666.0 288.0 678.0 303.0 
face 1.0 707.0 324.0 721.0 341.0 
face 1.0 711.0 283.0 724.0 297.0 
face 1.0 666.0 208.0 676.0 219.0 
face 1.0 707.0 220.0 715.0 230.0 
face 1.0 613.0 370.0 627.0 384.0 
face 1.0 683.0 361.0 696.0 375.0 
face 1.0 639.0 426.0 654.0 441.0 
face 1.0 620.0 469.0 636.0 484.0 
face 1.0 679.0 465.0 694.0 485.0 
face 1.0 689.0 416.0 703.0 430.0 
face 1.0 734.0 465.0 750.0 481.0 
face 1.0 746.0 416.0 763.0 436.0 
face 1.0 786.0 467.0 803.0 483.0 
face 1.0 802.0 407.0 816.0 424.0 
face 1.0 744.0 360.0 756.0 371.0 
face 1.0 805.0 365.0 818.0 376.0 
face 1.0 763.0 197.0 771.0 207.0 
face 1.0 797.0 223.0 806.0 233.0 
face 1.0 845.0 283.0 857.0 294.0 
face 1.0 859.0 319.0 870.0 330.0 
face 1.0 920.0 363.0 932.0 376.0 
face 1.0 943.0 414.0 955.0 430.0 
face 1.0 854.0 408.0 869.0 423.0 
face 1.0 884.0 466.0 899.0 479.0 
face 1.0 835.0 470.0 852.0 485.0 
face 1.0 791.0 248.0 803.0 265.0 
