face 1.0 220.0 161.0 254.0 203.0 
face 1.0 150.0 173.0 181.0 209.0 
face 1.0 94.0 175.0 116.0 204.0 
face 1.0 120.0 190.0 144.0 225.0 
face 1.0 10.0 230.0 27.0 253.0 
face 1.0 300.0 344.0 321.0 365.0 
face 1.0 579.0 188.0 610.0 223.0 
face 1.0 467.0 188.0 497.0 222.0 
face 1.0 392.0 212.0 414.0 240.0 
face 1.0 322.0 232.0 340.0 258.0 
face 1.0 404.0 218.0 428.0 246.0 
face 1.0 669.0 214.0 693.0 243.0 
face 1.0 743.0 215.0 771.0 247.0 
face 1.0 957.0 179.0 987.0 218.0 
face 1.0 830.0 212.0 856.0 245.0 
