face 1.0 68.0 481.0 74.0 488.0 
face 1.0 115.0 490.0 121.0 496.0 
face 1.0 123.0 486.0 128.0 491.0 
face 1.0 162.0 489.0 169.0 497.0 
face 1.0 172.0 493.0 178.0 501.0 
face 1.0 181.0 486.0 186.0 492.0 
face 1.0 187.0 490.0 195.0 501.0 
face 1.0 193.0 486.0 200.0 494.0 
face 1.0 210.0 484.0 217.0 494.0 
face 1.0 238.0 489.0 244.0 497.0 
face 1.0 249.0 494.0 258.0 505.0 
face 1.0 260.0 491.0 267.0 503.0 
face 1.0 250.0 486.0 258.0 494.0 
face 1.0 269.0 497.0 274.0 503.0 
face 1.0 276.0 496.0 281.0 505.0 
face 1.0 283.0 499.0 291.0 510.0 
face 1.0 312.0 494.0 319.0 503.0 
face 1.0 319.0 488.0 328.0 502.0 
face 1.0 344.0 482.0 351.0 491.0 
face 1.0 366.0 496.0 377.0 513.0 
face 1.0 353.0 495.0 359.0 503.0 
face 1.0 377.0 495.0 386.0 509.0 
face 1.0 420.0 499.0 428.0 509.0 
face 1.0 426.0 483.0 431.0 490.0 
face 1.0 446.0 497.0 453.0 506.0 
face 1.0 455.0 495.0 464.0 510.0 
face 1.0 463.0 505.0 468.0 513.0 
face 1.0 468.0 506.0 472.0 514.0 
face 1.0 480.0 503.0 490.0 513.0 
face 1.0 494.0 503.0 505.0 518.0 
face 1.0 507.0 503.0 516.0 514.0 
face 1.0 519.0 499.0 531.0 517.0 
face 1.0 536.0 497.0 546.0 509.0 
face 1.0 566.0 508.0 580.0 524.0 
face 1.0 581.0 504.0 591.0 518.0 
face 1.0 643.0 499.0 652.0 510.0 
face 1.0 612.0 506.0 623.0 518.0 
face 1.0 669.0 502.0 685.0 521.0 
face 1.0 688.0 500.0 697.0 509.0 
face 1.0 699.0 514.0 712.0 533.0 
face 1.0 761.0 498.0 770.0 512.0 
face 1.0 793.0 511.0 819.0 545.0 
face 1.0 810.0 497.0 821.0 512.0 
face 1.0 856.0 514.0 873.0 534.0 
face 1.0 952.0 512.0 966.0 528.0 
face 1.0 341.0 497.0 349.0 508.0 
face 1.0 376.0 486.0 383.0 494.0 
