face 1.0 35.0 619.0 60.0 640.0 
face 1.0 0.0 462.0 10.0 482.0 
face 1.0 164.0 430.0 187.0 449.0 
face 1.0 116.0 271.0 138.0 294.0 
face 1.0 69.0 146.0 91.0 172.0 
face 1.0 27.0 17.0 49.0 45.0 
face 1.0 191.0 32.0 211.0 52.0 
face 1.0 239.0 141.0 262.0 161.0 
face 1.0 289.0 290.0 313.0 310.0 
face 1.0 346.0 417.0 371.0 447.0 
face 1.0 412.0 582.0 437.0 609.0 
face 1.0 574.0 596.0 600.0 626.0 
face 1.0 363.0 31.0 384.0 54.0 
face 1.0 542.0 7.0 566.0 32.0 
face 1.0 609.0 134.0 630.0 154.0 
face 1.0 663.0 286.0 686.0 303.0 
face 1.0 722.0 421.0 744.0 443.0 
face 1.0 785.0 543.0 808.0 569.0 
face 1.0 955.0 545.0 978.0 575.0 
face 1.0 894.0 417.0 917.0 447.0 
face 1.0 835.0 274.0 857.0 305.0 
face 1.0 772.0 137.0 795.0 161.0 
face 1.0 705.0 0.0 725.0 27.0 
face 1.0 877.0 16.0 896.0 33.0 
face 1.0 942.0 130.0 963.0 149.0 
face 1.0 538.0 442.0 560.0 468.0 
face 1.0 1002.0 271.0 1024.0 300.0 
face 1.0 216.0 597.0 240.0 624.0 
