face 1.0 6.0 144.0 26.0 165.0 
face 1.0 114.0 125.0 136.0 155.0 
face 1.0 247.0 104.0 268.0 128.0 
face 1.0 346.0 113.0 364.0 137.0 
face 1.0 455.0 79.0 477.0 103.0 
face 1.0 572.0 71.0 592.0 98.0 
face 1.0 671.0 90.0 693.0 119.0 
face 1.0 769.0 75.0 788.0 100.0 
face 1.0 839.0 99.0 858.0 127.0 
face 1.0 192.0 303.0 209.0 328.0 
face 1.0 199.0 365.0 219.0 389.0 
face 1.0 308.0 360.0 329.0 384.0 
face 1.0 324.0 297.0 342.0 323.0 
face 1.0 64.0 360.0 86.0 388.0 
face 1.0 391.0 359.0 410.0 384.0 
face 1.0 441.0 293.0 460.0 318.0 
face 1.0 467.0 355.0 487.0 378.0 
face 1.0 553.0 353.0 573.0 380.0 
face 1.0 568.0 275.0 587.0 301.0 
face 1.0 720.0 347.0 741.0 373.0 
face 1.0 745.0 273.0 768.0 304.0 
face 1.0 907.0 337.0 925.0 366.0 
face 1.0 974.0 264.0 997.0 296.0 
face 1.0 608.0 386.0 623.0 413.0 
face 1.0 661.0 372.0 683.0 400.0 
face 1.0 32.0 434.0 54.0 461.0 
face 1.0 127.0 438.0 148.0 467.0 
face 1.0 215.0 433.0 237.0 463.0 
face 1.0 305.0 437.0 327.0 467.0 
face 1.0 264.0 487.0 286.0 523.0 
face 1.0 221.0 582.0 246.0 614.0 
face 1.0 341.0 619.0 365.0 650.0 
face 1.0 17.0 629.0 34.0 663.0 
face 1.0 97.0 656.0 117.0 683.0 
face 1.0 100.0 540.0 122.0 574.0 
face 1.0 452.0 531.0 471.0 563.0 
face 1.0 418.0 493.0 436.0 524.0 
face 1.0 559.0 579.0 577.0 609.0 
face 1.0 441.0 427.0 461.0 455.0 
face 1.0 564.0 426.0 586.0 453.0 
