face 1.0 54.0 540.0 93.0 577.0 
face 1.0 143.0 508.0 186.0 556.0 
face 1.0 172.0 497.0 202.0 547.0 
face 1.0 251.0 464.0 291.0 513.0 
face 1.0 188.0 430.0 214.0 478.0 
face 1.0 107.0 426.0 147.0 470.0 
face 1.0 71.0 467.0 106.0 517.0 
face 1.0 46.0 429.0 87.0 469.0 
face 1.0 291.0 469.0 322.0 512.0 
face 1.0 251.0 398.0 289.0 448.0 
face 1.0 273.0 361.0 313.0 412.0 
face 1.0 231.0 539.0 269.0 572.0 
face 1.0 320.0 540.0 362.0 576.0 
face 1.0 333.0 432.0 367.0 474.0 
face 1.0 353.0 433.0 399.0 493.0 
face 1.0 415.0 422.0 454.0 474.0 
face 1.0 510.0 415.0 551.0 463.0 
face 1.0 442.0 386.0 479.0 425.0 
face 1.0 551.0 392.0 588.0 428.0 
face 1.0 368.0 382.0 399.0 421.0 
face 1.0 398.0 429.0 430.0 466.0 
face 1.0 391.0 344.0 429.0 391.0 
face 1.0 460.0 326.0 503.0 370.0 
face 1.0 631.0 477.0 668.0 519.0 
face 1.0 693.0 477.0 738.0 534.0 
face 1.0 766.0 493.0 806.0 551.0 
face 1.0 733.0 552.0 772.0 577.0 
face 1.0 928.0 495.0 962.0 540.0 
face 1.0 821.0 507.0 856.0 551.0 
face 1.0 836.0 472.0 871.0 517.0 
face 1.0 868.0 397.0 908.0 446.0 
face 1.0 920.0 378.0 957.0 426.0 
face 1.0 955.0 504.0 993.0 552.0 
face 1.0 977.0 556.0 1019.0 577.0 
face 1.0 989.0 479.0 1024.0 520.0 
face 1.0 956.0 286.0 988.0 315.0 
face 1.0 983.0 242.0 1015.0 279.0 
face 1.0 905.0 267.0 933.0 291.0 
face 1.0 925.0 288.0 956.0 324.0 
face 1.0 857.0 295.0 889.0 327.0 
face 1.0 876.0 275.0 907.0 303.0 
face 1.0 911.0 227.0 941.0 263.0 
face 1.0 944.0 208.0 972.0 237.0 
face 1.0 966.0 190.0 992.0 221.0 
face 1.0 993.0 205.0 1020.0 233.0 
face 1.0 981.0 148.0 1009.0 186.0 
face 1.0 913.0 148.0 940.0 184.0 
face 1.0 992.0 134.0 1016.0 156.0 
face 1.0 924.0 125.0 949.0 149.0 
face 1.0 969.0 91.0 995.0 124.0 
face 1.0 994.0 80.0 1019.0 108.0 
face 1.0 933.0 68.0 957.0 104.0 
face 1.0 897.0 101.0 916.0 125.0 
face 1.0 927.0 51.0 942.0 70.0 
face 1.0 944.0 7.0 960.0 26.0 
face 1.0 888.0 33.0 903.0 45.0 
face 1.0 846.0 17.0 860.0 34.0 
face 1.0 848.0 37.0 864.0 49.0 
face 1.0 878.0 45.0 896.0 60.0 
face 1.0 872.0 71.0 895.0 90.0 
face 1.0 899.0 72.0 914.0 90.0 
face 1.0 853.0 49.0 872.0 74.0 
face 1.0 825.0 56.0 848.0 80.0 
face 1.0 819.0 21.0 831.0 41.0 
face 1.0 794.0 19.0 812.0 43.0 
face 1.0 757.0 28.0 776.0 52.0 
face 1.0 776.0 28.0 785.0 42.0 
face 1.0 767.0 8.0 781.0 23.0 
face 1.0 839.0 75.0 865.0 104.0 
face 1.0 806.0 54.0 821.0 75.0 
face 1.0 770.0 51.0 790.0 70.0 
face 1.0 791.0 63.0 814.0 91.0 
face 1.0 773.0 86.0 797.0 111.0 
face 1.0 763.0 81.0 783.0 104.0 
face 1.0 876.0 97.0 901.0 130.0 
face 1.0 816.0 87.0 837.0 113.0 
face 1.0 765.0 115.0 791.0 143.0 
face 1.0 794.0 118.0 818.0 145.0 
face 1.0 806.0 143.0 836.0 173.0 
face 1.0 838.0 156.0 865.0 186.0 
face 1.0 863.0 133.0 888.0 164.0 
face 1.0 883.0 176.0 915.0 206.0 
face 1.0 815.0 185.0 839.0 212.0 
face 1.0 848.0 206.0 876.0 234.0 
face 1.0 846.0 239.0 877.0 274.0 
face 1.0 772.0 185.0 798.0 224.0 
face 1.0 757.0 237.0 784.0 266.0 
face 1.0 757.0 274.0 793.0 312.0 
face 1.0 793.0 276.0 828.0 302.0 
face 1.0 809.0 300.0 846.0 336.0 
face 1.0 795.0 375.0 827.0 406.0 
face 1.0 756.0 335.0 786.0 373.0 
face 1.0 711.0 172.0 741.0 209.0 
face 1.0 744.0 161.0 768.0 192.0 
face 1.0 1002.0 370.0 1023.0 407.0 
face 1.0 975.0 437.0 1008.0 476.0 
face 1.0 691.0 296.0 723.0 327.0 
face 1.0 696.0 337.0 729.0 377.0 
face 1.0 694.0 241.0 725.0 272.0 
face 1.0 694.0 203.0 727.0 236.0 
face 1.0 672.0 435.0 709.0 477.0 
face 1.0 624.0 411.0 653.0 455.0 
face 1.0 626.0 290.0 661.0 334.0 
face 1.0 568.0 301.0 598.0 344.0 
face 1.0 593.0 372.0 630.0 409.0 
face 1.0 518.0 257.0 551.0 296.0 
face 1.0 475.0 276.0 501.0 299.0 
face 1.0 666.0 188.0 692.0 213.0 
face 1.0 625.0 174.0 647.0 204.0 
face 1.0 654.0 137.0 683.0 169.0 
face 1.0 678.0 136.0 700.0 168.0 
face 1.0 706.0 139.0 731.0 165.0 
face 1.0 728.0 85.0 749.0 115.0 
face 1.0 746.0 89.0 757.0 114.0 
face 1.0 730.0 60.0 752.0 88.0 
face 1.0 656.0 51.0 678.0 78.0 
face 1.0 702.0 24.0 719.0 49.0 
face 1.0 611.0 75.0 635.0 104.0 
face 1.0 619.0 110.0 645.0 142.0 
face 1.0 640.0 27.0 660.0 48.0 
face 1.0 659.0 16.0 675.0 33.0 
face 1.0 616.0 34.0 637.0 54.0 
face 1.0 575.0 59.0 595.0 88.0 
face 1.0 570.0 85.0 588.0 111.0 
face 1.0 545.0 92.0 574.0 113.0 
face 1.0 569.0 27.0 588.0 50.0 
face 1.0 622.0 2.0 631.0 12.0 
face 1.0 658.0 0.0 677.0 13.0 
face 1.0 673.0 5.0 685.0 20.0 
face 1.0 684.0 7.0 699.0 24.0 
face 1.0 699.0 0.0 718.0 19.0 
face 1.0 728.0 4.0 746.0 30.0 
face 1.0 537.0 74.0 552.0 96.0 
face 1.0 524.0 61.0 541.0 82.0 
face 1.0 552.0 41.0 567.0 68.0 
face 1.0 537.0 8.0 556.0 23.0 
face 1.0 661.0 357.0 693.0 388.0 
face 1.0 401.0 303.0 429.0 328.0 
face 1.0 395.0 258.0 423.0 284.0 
face 1.0 330.0 281.0 363.0 316.0 
face 1.0 352.0 319.0 374.0 362.0 
face 1.0 282.0 292.0 317.0 338.0 
face 1.0 258.0 258.0 289.0 300.0 
face 1.0 222.0 302.0 255.0 352.0 
face 1.0 204.0 259.0 237.0 297.0 
face 1.0 206.0 226.0 231.0 259.0 
face 1.0 226.0 220.0 241.0 248.0 
face 1.0 238.0 217.0 253.0 242.0 
face 1.0 268.0 204.0 297.0 233.0 
face 1.0 309.0 200.0 342.0 241.0 
face 1.0 380.0 187.0 410.0 225.0 
face 1.0 335.0 168.0 364.0 198.0 
face 1.0 252.0 164.0 278.0 194.0 
face 1.0 500.0 93.0 524.0 122.0 
face 1.0 464.0 77.0 477.0 107.0 
face 1.0 477.0 37.0 500.0 67.0 
face 1.0 491.0 24.0 509.0 44.0 
face 1.0 496.0 50.0 513.0 71.0 
face 1.0 445.0 45.0 467.0 65.0 
face 1.0 421.0 47.0 441.0 76.0 
face 1.0 403.0 55.0 425.0 74.0 
face 1.0 416.0 95.0 437.0 126.0 
face 1.0 443.0 108.0 465.0 128.0 
face 1.0 400.0 78.0 422.0 97.0 
face 1.0 371.0 109.0 399.0 135.0 
face 1.0 365.0 133.0 393.0 162.0 
face 1.0 395.0 128.0 417.0 151.0 
face 1.0 355.0 75.0 375.0 103.0 
face 1.0 346.0 50.0 368.0 78.0 
face 1.0 335.0 98.0 353.0 127.0 
face 1.0 269.0 93.0 295.0 128.0 
face 1.0 264.0 135.0 291.0 171.0 
face 1.0 320.0 44.0 339.0 67.0 
face 1.0 366.0 39.0 383.0 67.0 
face 1.0 410.0 24.0 427.0 48.0 
face 1.0 346.0 21.0 365.0 42.0 
face 1.0 260.0 77.0 286.0 94.0 
face 1.0 285.0 16.0 303.0 38.0 
face 1.0 305.0 11.0 322.0 34.0 
face 1.0 381.0 4.0 401.0 26.0 
face 1.0 359.0 9.0 375.0 31.0 
face 1.0 354.0 0.0 370.0 11.0 
face 1.0 230.0 40.0 252.0 64.0 
face 1.0 242.0 6.0 258.0 25.0 
face 1.0 268.0 0.0 285.0 9.0 
face 1.0 186.0 13.0 203.0 39.0 
face 1.0 158.0 6.0 174.0 30.0 
face 1.0 200.0 49.0 217.0 66.0 
face 1.0 210.0 62.0 225.0 82.0 
face 1.0 231.0 85.0 247.0 102.0 
face 1.0 184.0 58.0 204.0 93.0 
face 1.0 233.0 23.0 247.0 40.0 
face 1.0 182.0 46.0 201.0 63.0 
face 1.0 163.0 69.0 188.0 102.0 
face 1.0 146.0 45.0 166.0 68.0 
face 1.0 119.0 34.0 139.0 56.0 
face 1.0 114.0 55.0 133.0 76.0 
face 1.0 121.0 9.0 140.0 29.0 
face 1.0 81.0 35.0 99.0 55.0 
face 1.0 81.0 11.0 98.0 29.0 
face 1.0 132.0 84.0 157.0 111.0 
face 1.0 147.0 99.0 172.0 128.0 
face 1.0 194.0 97.0 221.0 129.0 
face 1.0 218.0 93.0 238.0 124.0 
face 1.0 37.0 9.0 57.0 36.0 
face 1.0 33.0 0.0 54.0 8.0 
face 1.0 49.0 51.0 75.0 81.0 
face 1.0 30.0 61.0 47.0 76.0 
face 1.0 21.0 81.0 39.0 110.0 
face 1.0 183.0 121.0 205.0 152.0 
face 1.0 201.0 200.0 232.0 234.0 
face 1.0 162.0 191.0 193.0 218.0 
face 1.0 139.0 135.0 159.0 160.0 
face 1.0 83.0 188.0 112.0 219.0 
face 1.0 54.0 222.0 79.0 251.0 
face 1.0 100.0 241.0 123.0 266.0 
face 1.0 70.0 239.0 99.0 283.0 
face 1.0 49.0 258.0 77.0 293.0 
face 1.0 102.0 300.0 130.0 329.0 
face 1.0 167.0 289.0 202.0 335.0 
face 1.0 135.0 313.0 168.0 353.0 
face 1.0 53.0 302.0 84.0 341.0 
face 1.0 168.0 388.0 202.0 425.0 
face 1.0 152.0 342.0 187.0 382.0 
face 1.0 125.0 376.0 161.0 420.0 
face 1.0 88.0 381.0 125.0 418.0 
face 1.0 60.0 351.0 93.0 391.0 
face 1.0 21.0 325.0 57.0 362.0 
face 1.0 16.0 371.0 37.0 412.0 
face 1.0 563.0 0.0 582.0 14.0 
face 1.0 507.0 8.0 525.0 26.0 
face 1.0 523.0 0.0 541.0 13.0 
face 1.0 774.0 149.0 797.0 175.0 
face 1.0 456.0 15.0 469.0 29.0 
face 1.0 364.0 261.0 396.0 294.0 
face 1.0 0.0 85.0 18.0 112.0 
face 1.0 5.0 8.0 23.0 28.0 
