face 1.0 47.0 197.0 95.0 249.0 
face 1.0 25.0 170.0 32.0 178.0 
face 1.0 47.0 166.0 54.0 173.0 
face 1.0 223.0 172.0 234.0 190.0 
face 1.0 228.0 173.0 246.0 196.0 
face 1.0 257.0 171.0 281.0 195.0 
face 1.0 298.0 181.0 304.0 187.0 
face 1.0 329.0 181.0 347.0 208.0 
face 1.0 365.0 186.0 395.0 218.0 
face 1.0 412.0 178.0 450.0 220.0 
face 1.0 465.0 180.0 482.0 205.0 
face 1.0 502.0 195.0 529.0 223.0 
face 1.0 497.0 176.0 507.0 192.0 
face 1.0 557.0 179.0 567.0 192.0 
face 1.0 571.0 155.0 577.0 165.0 
face 1.0 598.0 180.0 618.0 200.0 
face 1.0 619.0 188.0 650.0 226.0 
face 1.0 672.0 195.0 690.0 217.0 
face 1.0 706.0 190.0 713.0 200.0 
face 1.0 714.0 187.0 726.0 200.0 
face 1.0 735.0 192.0 746.0 210.0 
face 1.0 753.0 188.0 781.0 221.0 
face 1.0 789.0 196.0 806.0 213.0 
face 1.0 817.0 192.0 836.0 212.0 
face 1.0 837.0 187.0 862.0 218.0 
face 1.0 868.0 197.0 885.0 215.0 
face 1.0 909.0 191.0 919.0 209.0 
face 1.0 914.0 188.0 935.0 208.0 
face 1.0 939.0 188.0 953.0 206.0 
face 1.0 972.0 195.0 992.0 213.0 
face 1.0 1008.0 187.0 1023.0 205.0 
face 1.0 999.0 178.0 1005.0 184.0 
face 1.0 996.0 195.0 1005.0 204.0 
face 1.0 963.0 176.0 972.0 183.0 
face 1.0 625.0 157.0 629.0 163.0 
face 1.0 640.0 164.0 645.0 171.0 
face 1.0 881.0 189.0 892.0 203.0 
