face 1.0 92.0 641.0 116.0 671.0 
face 1.0 118.0 617.0 138.0 642.0 
face 1.0 135.0 662.0 157.0 683.0 
face 1.0 176.0 649.0 198.0 679.0 
face 1.0 215.0 659.0 234.0 683.0 
face 1.0 208.0 605.0 227.0 632.0 
face 1.0 162.0 557.0 183.0 583.0 
face 1.0 97.0 563.0 117.0 591.0 
face 1.0 115.0 598.0 135.0 615.0 
face 1.0 48.0 591.0 70.0 620.0 
face 1.0 3.0 611.0 27.0 639.0 
face 1.0 15.0 569.0 31.0 601.0 
face 1.0 52.0 562.0 69.0 579.0 
face 1.0 231.0 551.0 249.0 571.0 
face 1.0 222.0 519.0 239.0 538.0 
face 1.0 160.0 512.0 178.0 537.0 
face 1.0 84.0 510.0 106.0 534.0 
face 1.0 169.0 486.0 186.0 513.0 
face 1.0 224.0 484.0 242.0 506.0 
face 1.0 128.0 478.0 145.0 495.0 
face 1.0 181.0 445.0 198.0 468.0 
face 1.0 194.0 426.0 210.0 443.0 
face 1.0 268.0 414.0 283.0 435.0 
face 1.0 298.0 423.0 312.0 442.0 
face 1.0 294.0 456.0 313.0 480.0 
face 1.0 301.0 479.0 317.0 499.0 
face 1.0 307.0 500.0 326.0 521.0 
face 1.0 102.0 466.0 119.0 482.0 
face 1.0 62.0 501.0 81.0 519.0 
face 1.0 21.0 511.0 36.0 528.0 
face 1.0 56.0 451.0 74.0 471.0 
face 1.0 84.0 444.0 97.0 457.0 
face 1.0 154.0 414.0 171.0 434.0 
face 1.0 52.0 382.0 67.0 398.0 
face 1.0 251.0 404.0 264.0 426.0 
face 1.0 288.0 404.0 299.0 418.0 
face 1.0 236.0 354.0 252.0 375.0 
face 1.0 134.0 389.0 146.0 407.0 
face 1.0 47.0 347.0 60.0 362.0 
face 1.0 115.0 330.0 129.0 348.0 
face 1.0 104.0 319.0 118.0 333.0 
face 1.0 65.0 312.0 78.0 326.0 
face 1.0 107.0 251.0 119.0 268.0 
face 1.0 92.0 244.0 105.0 259.0 
face 1.0 75.0 270.0 88.0 284.0 
face 1.0 54.0 264.0 66.0 278.0 
face 1.0 58.0 248.0 69.0 260.0 
face 1.0 74.0 230.0 84.0 242.0 
face 1.0 144.0 230.0 156.0 244.0 
face 1.0 161.0 229.0 172.0 241.0 
face 1.0 185.0 232.0 197.0 245.0 
face 1.0 207.0 231.0 218.0 245.0 
face 1.0 228.0 226.0 241.0 239.0 
face 1.0 109.0 220.0 122.0 237.0 
face 1.0 167.0 210.0 175.0 223.0 
face 1.0 196.0 216.0 207.0 230.0 
face 1.0 213.0 221.0 224.0 229.0 
face 1.0 272.0 215.0 279.0 226.0 
face 1.0 271.0 196.0 283.0 209.0 
face 1.0 218.0 196.0 228.0 210.0 
face 1.0 199.0 190.0 209.0 203.0 
face 1.0 228.0 190.0 238.0 203.0 
face 1.0 163.0 176.0 176.0 194.0 
face 1.0 137.0 195.0 150.0 209.0 
face 1.0 119.0 203.0 128.0 216.0 
face 1.0 97.0 196.0 108.0 211.0 
face 1.0 111.0 190.0 123.0 205.0 
face 1.0 132.0 181.0 142.0 194.0 
face 1.0 73.0 191.0 82.0 204.0 
face 1.0 62.0 197.0 72.0 210.0 
face 1.0 105.0 177.0 114.0 183.0 
face 1.0 82.0 177.0 88.0 188.0 
face 1.0 130.0 155.0 140.0 168.0 
face 1.0 162.0 154.0 171.0 167.0 
face 1.0 181.0 163.0 191.0 176.0 
face 1.0 207.0 177.0 215.0 184.0 
face 1.0 225.0 177.0 233.0 185.0 
face 1.0 242.0 156.0 251.0 167.0 
face 1.0 267.0 183.0 275.0 191.0 
face 1.0 200.0 139.0 209.0 150.0 
face 1.0 190.0 131.0 199.0 144.0 
face 1.0 204.0 134.0 213.0 147.0 
face 1.0 176.0 137.0 185.0 149.0 
face 1.0 173.0 136.0 178.0 147.0 
face 1.0 476.0 98.0 484.0 107.0 
face 1.0 455.0 103.0 462.0 112.0 
face 1.0 461.0 117.0 471.0 127.0 
face 1.0 472.0 135.0 480.0 143.0 
face 1.0 474.0 144.0 482.0 152.0 
face 1.0 473.0 160.0 482.0 173.0 
face 1.0 497.0 158.0 506.0 170.0 
face 1.0 517.0 166.0 527.0 179.0 
face 1.0 530.0 158.0 538.0 171.0 
face 1.0 512.0 144.0 521.0 156.0 
face 1.0 523.0 146.0 530.0 154.0 
face 1.0 492.0 142.0 502.0 156.0 
face 1.0 500.0 137.0 506.0 148.0 
face 1.0 549.0 157.0 558.0 164.0 
face 1.0 594.0 155.0 603.0 168.0 
face 1.0 612.0 141.0 622.0 150.0 
face 1.0 645.0 134.0 653.0 142.0 
face 1.0 638.0 144.0 647.0 155.0 
face 1.0 672.0 157.0 681.0 167.0 
face 1.0 690.0 152.0 699.0 164.0 
face 1.0 704.0 145.0 711.0 153.0 
face 1.0 737.0 139.0 746.0 149.0 
face 1.0 669.0 146.0 676.0 156.0 
face 1.0 704.0 164.0 714.0 176.0 
face 1.0 594.0 170.0 602.0 182.0 
face 1.0 522.0 56.0 526.0 60.0 
face 1.0 767.0 82.0 771.0 91.0 
face 1.0 759.0 119.0 768.0 128.0 
face 1.0 780.0 106.0 787.0 117.0 
face 1.0 876.0 106.0 884.0 115.0 
face 1.0 760.0 105.0 767.0 114.0 
face 1.0 770.0 152.0 779.0 162.0 
face 1.0 786.0 143.0 795.0 153.0 
face 1.0 821.0 162.0 829.0 173.0 
face 1.0 817.0 144.0 823.0 151.0 
face 1.0 828.0 150.0 834.0 157.0 
face 1.0 854.0 148.0 862.0 160.0 
face 1.0 884.0 132.0 893.0 142.0 
face 1.0 894.0 131.0 902.0 141.0 
face 1.0 867.0 137.0 873.0 147.0 
face 1.0 915.0 171.0 926.0 186.0 
face 1.0 934.0 161.0 944.0 172.0 
face 1.0 954.0 204.0 967.0 213.0 
face 1.0 1001.0 204.0 1012.0 216.0 
face 1.0 1010.0 184.0 1021.0 198.0 
face 1.0 966.0 202.0 974.0 211.0 
face 1.0 951.0 144.0 959.0 150.0 
face 1.0 660.0 141.0 668.0 151.0 
face 1.0 690.0 179.0 698.0 191.0 
face 1.0 712.0 182.0 722.0 193.0 
face 1.0 660.0 185.0 663.0 195.0 
face 1.0 682.0 191.0 691.0 202.0 
face 1.0 648.0 184.0 655.0 194.0 
face 1.0 637.0 194.0 646.0 206.0 
face 1.0 644.0 189.0 649.0 198.0 
face 1.0 625.0 176.0 633.0 189.0 
face 1.0 616.0 165.0 623.0 173.0 
face 1.0 613.0 154.0 618.0 163.0 
face 1.0 602.0 195.0 611.0 203.0 
face 1.0 606.0 189.0 614.0 198.0 
face 1.0 610.0 212.0 622.0 224.0 
face 1.0 582.0 185.0 591.0 195.0 
face 1.0 572.0 180.0 580.0 190.0 
face 1.0 592.0 208.0 602.0 219.0 
face 1.0 624.0 228.0 634.0 237.0 
face 1.0 714.0 214.0 723.0 227.0 
face 1.0 681.0 220.0 690.0 227.0 
face 1.0 684.0 230.0 694.0 242.0 
face 1.0 713.0 234.0 725.0 246.0 
face 1.0 692.0 244.0 704.0 254.0 
face 1.0 679.0 249.0 690.0 266.0 
face 1.0 657.0 233.0 667.0 242.0 
face 1.0 536.0 195.0 545.0 209.0 
face 1.0 527.0 194.0 535.0 203.0 
face 1.0 540.0 184.0 549.0 190.0 
face 1.0 587.0 233.0 595.0 245.0 
face 1.0 596.0 230.0 603.0 238.0 
face 1.0 603.0 242.0 613.0 257.0 
face 1.0 632.0 246.0 641.0 259.0 
face 1.0 662.0 264.0 672.0 276.0 
face 1.0 690.0 271.0 703.0 290.0 
face 1.0 700.0 267.0 709.0 280.0 
face 1.0 709.0 272.0 719.0 282.0 
face 1.0 437.0 97.0 446.0 108.0 
face 1.0 444.0 117.0 451.0 126.0 
face 1.0 398.0 115.0 407.0 126.0 
face 1.0 416.0 123.0 423.0 130.0 
face 1.0 422.0 121.0 430.0 131.0 
face 1.0 436.0 128.0 445.0 140.0 
face 1.0 378.0 117.0 386.0 125.0 
face 1.0 395.0 107.0 402.0 116.0 
face 1.0 364.0 106.0 369.0 114.0 
face 1.0 357.0 114.0 363.0 121.0 
face 1.0 367.0 123.0 377.0 134.0 
face 1.0 348.0 126.0 355.0 138.0 
face 1.0 345.0 117.0 354.0 125.0 
face 1.0 335.0 129.0 345.0 139.0 
face 1.0 318.0 129.0 328.0 139.0 
face 1.0 300.0 124.0 308.0 133.0 
face 1.0 311.0 125.0 318.0 134.0 
face 1.0 293.0 135.0 301.0 146.0 
face 1.0 312.0 148.0 320.0 158.0 
face 1.0 295.0 159.0 305.0 169.0 
face 1.0 294.0 175.0 305.0 188.0 
face 1.0 306.0 169.0 317.0 183.0 
face 1.0 325.0 166.0 332.0 177.0 
face 1.0 329.0 159.0 336.0 166.0 
face 1.0 346.0 173.0 353.0 180.0 
face 1.0 330.0 145.0 337.0 152.0 
face 1.0 380.0 149.0 388.0 159.0 
face 1.0 365.0 170.0 372.0 179.0 
face 1.0 396.0 127.0 403.0 138.0 
face 1.0 414.0 148.0 422.0 155.0 
face 1.0 406.0 162.0 417.0 174.0 
face 1.0 421.0 144.0 431.0 153.0 
face 1.0 462.0 160.0 467.0 169.0 
face 1.0 427.0 170.0 435.0 181.0 
face 1.0 457.0 181.0 467.0 195.0 
face 1.0 466.0 190.0 476.0 204.0 
face 1.0 490.0 189.0 500.0 200.0 
face 1.0 502.0 188.0 509.0 202.0 
face 1.0 507.0 189.0 513.0 201.0 
face 1.0 408.0 192.0 417.0 205.0 
face 1.0 384.0 195.0 394.0 208.0 
face 1.0 149.0 147.0 159.0 159.0 
face 1.0 183.0 73.0 190.0 82.0 
face 1.0 199.0 77.0 207.0 85.0 
face 1.0 171.0 84.0 177.0 96.0 
face 1.0 145.0 96.0 154.0 107.0 
face 1.0 128.0 83.0 137.0 94.0 
face 1.0 89.0 91.0 98.0 99.0 
face 1.0 95.0 80.0 102.0 88.0 
face 1.0 95.0 68.0 101.0 78.0 
face 1.0 140.0 67.0 149.0 77.0 
face 1.0 151.0 58.0 158.0 68.0 
face 1.0 143.0 52.0 150.0 60.0 
face 1.0 199.0 47.0 205.0 57.0 
face 1.0 177.0 38.0 185.0 46.0 
face 1.0 210.0 43.0 216.0 51.0 
face 1.0 227.0 46.0 233.0 54.0 
face 1.0 239.0 53.0 246.0 64.0 
face 1.0 192.0 33.0 198.0 43.0 
face 1.0 178.0 50.0 184.0 56.0 
face 1.0 163.0 42.0 169.0 49.0 
face 1.0 153.0 40.0 159.0 49.0 
face 1.0 127.0 37.0 132.0 47.0 
face 1.0 154.0 27.0 161.0 37.0 
face 1.0 167.0 31.0 173.0 39.0 
face 1.0 183.0 28.0 189.0 36.0 
face 1.0 199.0 32.0 204.0 37.0 
face 1.0 234.0 28.0 241.0 37.0 
face 1.0 214.0 29.0 220.0 36.0 
face 1.0 261.0 55.0 267.0 64.0 
face 1.0 245.0 70.0 250.0 77.0 
face 1.0 242.0 81.0 248.0 87.0 
face 1.0 271.0 81.0 275.0 87.0 
face 1.0 275.0 91.0 284.0 101.0 
face 1.0 275.0 61.0 281.0 70.0 
face 1.0 252.0 35.0 258.0 42.0 
face 1.0 261.0 40.0 267.0 48.0 
face 1.0 282.0 28.0 288.0 37.0 
face 1.0 285.0 46.0 291.0 53.0 
face 1.0 292.0 62.0 300.0 73.0 
face 1.0 311.0 60.0 318.0 68.0 
face 1.0 252.0 22.0 259.0 30.0 
face 1.0 214.0 18.0 220.0 26.0 
face 1.0 207.0 18.0 213.0 28.0 
face 1.0 182.0 10.0 188.0 20.0 
face 1.0 190.0 7.0 196.0 14.0 
face 1.0 197.0 2.0 203.0 10.0 
face 1.0 165.0 11.0 171.0 17.0 
face 1.0 170.0 21.0 175.0 27.0 
face 1.0 171.0 2.0 176.0 10.0 
face 1.0 218.0 6.0 223.0 14.0 
face 1.0 240.0 10.0 247.0 20.0 
face 1.0 246.0 5.0 251.0 11.0 
face 1.0 267.0 15.0 274.0 23.0 
face 1.0 292.0 23.0 298.0 29.0 
face 1.0 299.0 3.0 305.0 11.0 
face 1.0 305.0 7.0 311.0 16.0 
face 1.0 315.0 19.0 321.0 25.0 
face 1.0 316.0 34.0 323.0 43.0 
face 1.0 269.0 33.0 274.0 39.0 
face 1.0 315.0 0.0 321.0 5.0 
face 1.0 324.0 1.0 331.0 6.0 
face 1.0 319.0 5.0 323.0 12.0 
face 1.0 353.0 2.0 359.0 8.0 
face 1.0 362.0 8.0 367.0 16.0 
face 1.0 377.0 6.0 382.0 12.0 
face 1.0 394.0 7.0 399.0 13.0 
face 1.0 414.0 4.0 419.0 12.0 
face 1.0 419.0 0.0 425.0 6.0 
face 1.0 440.0 14.0 444.0 20.0 
face 1.0 429.0 19.0 432.0 23.0 
face 1.0 428.0 25.0 433.0 33.0 
face 1.0 441.0 23.0 447.0 31.0 
face 1.0 404.0 17.0 411.0 27.0 
face 1.0 393.0 17.0 400.0 26.0 
face 1.0 375.0 19.0 381.0 26.0 
face 1.0 383.0 14.0 387.0 19.0 
face 1.0 385.0 24.0 391.0 32.0 
face 1.0 354.0 26.0 360.0 34.0 
face 1.0 329.0 22.0 335.0 30.0 
face 1.0 304.0 21.0 308.0 26.0 
face 1.0 330.0 35.0 335.0 43.0 
face 1.0 340.0 35.0 346.0 43.0 
face 1.0 325.0 51.0 331.0 59.0 
face 1.0 319.0 62.0 327.0 72.0 
face 1.0 318.0 55.0 323.0 60.0 
face 1.0 347.0 54.0 354.0 63.0 
face 1.0 367.0 41.0 374.0 50.0 
face 1.0 387.0 50.0 395.0 58.0 
face 1.0 396.0 48.0 402.0 57.0 
face 1.0 380.0 45.0 385.0 52.0 
face 1.0 400.0 40.0 406.0 46.0 
face 1.0 405.0 32.0 411.0 42.0 
face 1.0 423.0 29.0 428.0 37.0 
face 1.0 434.0 31.0 439.0 38.0 
face 1.0 133.0 131.0 142.0 144.0 
face 1.0 119.0 143.0 131.0 155.0 
face 1.0 100.0 129.0 109.0 140.0 
face 1.0 96.0 153.0 104.0 167.0 
face 1.0 98.0 118.0 107.0 127.0 
face 1.0 111.0 107.0 123.0 119.0 
face 1.0 136.0 114.0 144.0 125.0 
face 1.0 147.0 131.0 155.0 142.0 
face 1.0 161.0 128.0 170.0 138.0 
face 1.0 160.0 115.0 169.0 126.0 
face 1.0 150.0 115.0 158.0 126.0 
face 1.0 118.0 95.0 126.0 103.0 
face 1.0 81.0 127.0 90.0 144.0 
face 1.0 185.0 101.0 194.0 110.0 
face 1.0 219.0 114.0 229.0 127.0 
face 1.0 202.0 114.0 207.0 124.0 
face 1.0 226.0 106.0 233.0 119.0 
face 1.0 217.0 110.0 223.0 120.0 
face 1.0 241.0 120.0 249.0 131.0 
face 1.0 247.0 115.0 254.0 123.0 
face 1.0 268.0 113.0 273.0 120.0 
face 1.0 268.0 132.0 276.0 140.0 
face 1.0 237.0 140.0 244.0 151.0 
face 1.0 283.0 155.0 291.0 164.0 
face 1.0 273.0 171.0 281.0 182.0 
face 1.0 283.0 183.0 293.0 198.0 
face 1.0 290.0 207.0 296.0 213.0 
face 1.0 204.0 91.0 213.0 102.0 
face 1.0 232.0 88.0 241.0 98.0 
face 1.0 264.0 88.0 271.0 97.0 
face 1.0 221.0 66.0 227.0 73.0 
face 1.0 581.0 254.0 591.0 268.0 
face 1.0 566.0 301.0 578.0 313.0 
face 1.0 580.0 290.0 592.0 299.0 
face 1.0 482.0 310.0 495.0 328.0 
face 1.0 466.0 298.0 480.0 314.0 
face 1.0 435.0 294.0 448.0 310.0 
face 1.0 428.0 318.0 442.0 330.0 
face 1.0 448.0 323.0 460.0 340.0 
face 1.0 560.0 320.0 572.0 336.0 
face 1.0 578.0 331.0 592.0 343.0 
face 1.0 580.0 348.0 592.0 362.0 
face 1.0 550.0 349.0 563.0 366.0 
face 1.0 616.0 267.0 626.0 278.0 
face 1.0 654.0 278.0 665.0 286.0 
face 1.0 659.0 292.0 670.0 303.0 
face 1.0 700.0 283.0 710.0 296.0 
face 1.0 708.0 304.0 722.0 320.0 
face 1.0 734.0 310.0 747.0 325.0 
face 1.0 695.0 302.0 706.0 315.0 
face 1.0 660.0 306.0 671.0 323.0 
face 1.0 640.0 313.0 650.0 324.0 
face 1.0 622.0 280.0 634.0 296.0 
face 1.0 592.0 301.0 604.0 314.0 
face 1.0 600.0 309.0 612.0 325.0 
face 1.0 629.0 328.0 641.0 344.0 
face 1.0 645.0 330.0 659.0 348.0 
face 1.0 687.0 328.0 702.0 343.0 
face 1.0 706.0 338.0 719.0 355.0 
face 1.0 738.0 328.0 750.0 344.0 
face 1.0 595.0 331.0 607.0 346.0 
face 1.0 609.0 361.0 624.0 374.0 
face 1.0 950.0 478.0 967.0 497.0 
face 1.0 995.0 526.0 1015.0 549.0 
face 1.0 909.0 470.0 922.0 488.0 
face 1.0 885.0 483.0 903.0 503.0 
face 1.0 839.0 477.0 858.0 499.0 
face 1.0 918.0 544.0 940.0 569.0 
face 1.0 326.0 360.0 340.0 375.0 
face 1.0 382.0 352.0 395.0 368.0 
face 1.0 322.0 339.0 332.0 349.0 
face 1.0 448.0 372.0 463.0 390.0 
face 1.0 500.0 388.0 513.0 402.0 
face 1.0 385.0 383.0 400.0 402.0 
face 1.0 379.0 382.0 390.0 398.0 
face 1.0 339.0 375.0 352.0 389.0 
face 1.0 381.0 408.0 398.0 426.0 
face 1.0 407.0 414.0 421.0 434.0 
face 1.0 370.0 418.0 382.0 434.0 
face 1.0 358.0 456.0 375.0 478.0 
face 1.0 363.0 440.0 375.0 455.0 
face 1.0 425.0 451.0 440.0 470.0 
face 1.0 464.0 412.0 480.0 428.0 
face 1.0 502.0 434.0 519.0 456.0 
face 1.0 535.0 463.0 554.0 488.0 
face 1.0 537.0 449.0 547.0 459.0 
face 1.0 520.0 432.0 534.0 442.0 
face 1.0 456.0 466.0 470.0 488.0 
face 1.0 441.0 474.0 456.0 497.0 
face 1.0 421.0 490.0 441.0 512.0 
face 1.0 396.0 502.0 414.0 524.0 
face 1.0 367.0 495.0 383.0 518.0 
face 1.0 587.0 447.0 601.0 467.0 
face 1.0 563.0 461.0 579.0 478.0 
face 1.0 653.0 457.0 670.0 481.0 
face 1.0 723.0 446.0 733.0 463.0 
face 1.0 724.0 479.0 741.0 496.0 
face 1.0 695.0 480.0 713.0 507.0 
face 1.0 726.0 502.0 746.0 523.0 
face 1.0 630.0 493.0 647.0 516.0 
face 1.0 597.0 508.0 616.0 529.0 
face 1.0 576.0 495.0 592.0 514.0 
face 1.0 563.0 531.0 580.0 557.0 
face 1.0 541.0 539.0 559.0 562.0 
face 1.0 503.0 498.0 519.0 518.0 
face 1.0 470.0 503.0 488.0 523.0 
face 1.0 299.0 535.0 315.0 550.0 
face 1.0 359.0 534.0 376.0 557.0 
face 1.0 401.0 525.0 418.0 547.0 
face 1.0 319.0 547.0 336.0 571.0 
face 1.0 401.0 573.0 421.0 600.0 
face 1.0 389.0 595.0 410.0 619.0 
face 1.0 328.0 613.0 350.0 639.0 
face 1.0 358.0 628.0 379.0 654.0 
face 1.0 302.0 603.0 321.0 629.0 
face 1.0 321.0 598.0 341.0 626.0 
face 1.0 243.0 614.0 263.0 631.0 
face 1.0 271.0 569.0 290.0 589.0 
face 1.0 258.0 638.0 277.0 659.0 
face 1.0 285.0 659.0 305.0 683.0 
face 1.0 429.0 663.0 449.0 683.0 
face 1.0 437.0 617.0 457.0 638.0 
face 1.0 504.0 636.0 521.0 652.0 
face 1.0 547.0 631.0 565.0 653.0 
face 1.0 435.0 44.0 442.0 54.0 
face 1.0 408.0 58.0 416.0 68.0 
face 1.0 437.0 63.0 442.0 70.0 
face 1.0 425.0 66.0 431.0 74.0 
face 1.0 428.0 79.0 437.0 90.0 
face 1.0 403.0 72.0 410.0 82.0 
face 1.0 367.0 55.0 374.0 67.0 
face 1.0 360.0 61.0 366.0 67.0 
face 1.0 382.0 75.0 390.0 84.0 
face 1.0 406.0 98.0 414.0 109.0 
face 1.0 392.0 94.0 400.0 104.0 
face 1.0 383.0 88.0 390.0 98.0 
face 1.0 378.0 103.0 385.0 112.0 
face 1.0 370.0 96.0 378.0 106.0 
face 1.0 354.0 93.0 360.0 100.0 
face 1.0 348.0 68.0 354.0 75.0 
face 1.0 315.0 82.0 321.0 90.0 
face 1.0 289.0 81.0 295.0 89.0 
face 1.0 312.0 93.0 320.0 102.0 
face 1.0 324.0 97.0 331.0 102.0 
face 1.0 336.0 84.0 345.0 98.0 
face 1.0 332.0 102.0 340.0 112.0 
face 1.0 346.0 104.0 354.0 113.0 
face 1.0 291.0 108.0 301.0 120.0 
face 1.0 287.0 115.0 295.0 126.0 
face 1.0 447.0 6.0 453.0 13.0 
face 1.0 500.0 53.0 506.0 61.0 
face 1.0 448.0 55.0 455.0 62.0 
face 1.0 458.0 33.0 463.0 39.0 
face 1.0 500.0 77.0 508.0 87.0 
face 1.0 491.0 63.0 497.0 72.0 
face 1.0 461.0 79.0 468.0 86.0 
face 1.0 467.0 69.0 473.0 76.0 
face 1.0 455.0 94.0 463.0 101.0 
face 1.0 479.0 88.0 486.0 96.0 
face 1.0 513.0 83.0 520.0 93.0 
face 1.0 554.0 81.0 563.0 91.0 
face 1.0 602.0 83.0 610.0 94.0 
face 1.0 571.0 23.0 575.0 29.0 
face 1.0 469.0 49.0 476.0 56.0 
face 1.0 639.0 56.0 647.0 63.0 
face 1.0 689.0 51.0 696.0 59.0 
face 1.0 660.0 54.0 668.0 63.0 
face 1.0 653.0 67.0 659.0 76.0 
face 1.0 627.0 65.0 633.0 73.0 
face 1.0 646.0 38.0 654.0 48.0 
face 1.0 632.0 45.0 639.0 52.0 
face 1.0 668.0 33.0 673.0 41.0 
face 1.0 642.0 15.0 648.0 24.0 
face 1.0 647.0 106.0 656.0 118.0 
face 1.0 708.0 64.0 714.0 73.0 
face 1.0 714.0 51.0 722.0 61.0 
face 1.0 721.0 71.0 729.0 80.0 
face 1.0 623.0 11.0 629.0 16.0 
face 1.0 656.0 14.0 661.0 21.0 
face 1.0 734.0 58.0 740.0 65.0 
face 1.0 725.0 50.0 731.0 58.0 
face 1.0 508.0 11.0 514.0 18.0 
face 1.0 645.0 30.0 649.0 35.0 
face 1.0 680.0 30.0 684.0 36.0 
face 1.0 674.0 67.0 679.0 73.0 
face 1.0 375.0 180.0 385.0 192.0 
face 1.0 320.0 193.0 330.0 206.0 
face 1.0 328.0 185.0 336.0 198.0 
face 1.0 366.0 143.0 374.0 153.0 
face 1.0 451.0 194.0 460.0 206.0 
face 1.0 446.0 189.0 454.0 197.0 
face 1.0 457.0 202.0 468.0 210.0 
face 1.0 461.0 214.0 472.0 227.0 
face 1.0 436.0 224.0 447.0 236.0 
face 1.0 392.0 217.0 403.0 230.0 
face 1.0 351.0 207.0 356.0 219.0 
face 1.0 299.0 200.0 309.0 213.0 
face 1.0 324.0 219.0 329.0 228.0 
face 1.0 498.0 219.0 509.0 233.0 
face 1.0 503.0 207.0 512.0 218.0 
face 1.0 528.0 205.0 539.0 219.0 
face 1.0 544.0 216.0 553.0 230.0 
face 1.0 511.0 224.0 520.0 232.0 
face 1.0 510.0 238.0 522.0 253.0 
face 1.0 524.0 254.0 534.0 264.0 
face 1.0 493.0 247.0 502.0 256.0 
face 1.0 455.0 249.0 465.0 260.0 
face 1.0 441.0 251.0 450.0 264.0 
face 1.0 470.0 266.0 482.0 280.0 
face 1.0 505.0 268.0 515.0 278.0 
face 1.0 485.0 267.0 497.0 284.0 
face 1.0 446.0 267.0 459.0 284.0 
face 1.0 462.0 275.0 474.0 291.0 
face 1.0 506.0 282.0 519.0 297.0 
face 1.0 519.0 285.0 530.0 298.0 
face 1.0 566.0 268.0 578.0 281.0 
face 1.0 684.0 62.0 691.0 69.0 
face 1.0 678.0 51.0 684.0 56.0 
face 1.0 708.0 82.0 715.0 92.0 
face 1.0 741.0 75.0 750.0 85.0 
face 1.0 750.0 94.0 759.0 107.0 
face 1.0 703.0 109.0 711.0 119.0 
face 1.0 699.0 122.0 706.0 134.0 
face 1.0 665.0 21.0 670.0 29.0 
face 1.0 481.0 0.0 485.0 6.0 
face 1.0 651.0 86.0 656.0 94.0 
face 1.0 587.0 96.0 595.0 106.0 
face 1.0 547.0 112.0 554.0 123.0 
face 1.0 581.0 112.0 588.0 123.0 
face 1.0 572.0 118.0 577.0 122.0 
face 1.0 544.0 104.0 548.0 113.0 
face 1.0 618.0 126.0 626.0 136.0 
face 1.0 610.0 120.0 619.0 130.0 
face 1.0 595.0 134.0 602.0 144.0 
face 1.0 583.0 138.0 592.0 151.0 
face 1.0 564.0 137.0 570.0 146.0 
face 1.0 567.0 126.0 573.0 134.0 
face 1.0 551.0 134.0 558.0 141.0 
face 1.0 540.0 138.0 549.0 146.0 
face 1.0 524.0 114.0 532.0 125.0 
face 1.0 514.0 111.0 521.0 118.0 
face 1.0 513.0 127.0 521.0 137.0 
face 1.0 500.0 123.0 507.0 133.0 
face 1.0 487.0 129.0 494.0 137.0 
face 1.0 475.0 117.0 482.0 127.0 
face 1.0 472.0 103.0 479.0 113.0 
face 1.0 572.0 257.0 583.0 271.0 
face 1.0 627.0 371.0 642.0 389.0 
face 1.0 560.0 372.0 575.0 390.0 
face 1.0 538.0 377.0 552.0 395.0 
face 1.0 595.0 376.0 607.0 393.0 
face 1.0 550.0 424.0 565.0 440.0 
face 1.0 773.0 360.0 787.0 373.0 
face 1.0 820.0 346.0 831.0 357.0 
face 1.0 885.0 327.0 896.0 338.0 
face 1.0 878.0 396.0 890.0 411.0 
face 1.0 821.0 369.0 836.0 386.0 
face 1.0 788.0 377.0 804.0 394.0 
face 1.0 808.0 398.0 821.0 415.0 
face 1.0 763.0 388.0 774.0 399.0 
face 1.0 784.0 405.0 801.0 424.0 
face 1.0 745.0 390.0 757.0 409.0 
face 1.0 717.0 357.0 730.0 376.0 
face 1.0 721.0 386.0 735.0 402.0 
face 1.0 684.0 390.0 699.0 405.0 
face 1.0 652.0 344.0 665.0 361.0 
face 1.0 631.0 419.0 642.0 439.0 
face 1.0 683.0 418.0 696.0 437.0 
face 1.0 732.0 415.0 747.0 436.0 
face 1.0 767.0 442.0 784.0 464.0 
face 1.0 849.0 424.0 864.0 439.0 
face 1.0 882.0 443.0 900.0 467.0 
face 1.0 979.0 337.0 992.0 353.0 
face 1.0 1018.0 324.0 1024.0 345.0 
face 1.0 950.0 305.0 960.0 319.0 
face 1.0 1009.0 305.0 1017.0 318.0 
face 1.0 800.0 320.0 807.0 331.0 
face 1.0 886.0 631.0 907.0 656.0 
face 1.0 876.0 646.0 896.0 677.0 
face 1.0 931.0 576.0 951.0 604.0 
face 1.0 958.0 629.0 980.0 658.0 
face 1.0 978.0 604.0 999.0 627.0 
face 1.0 996.0 593.0 1013.0 619.0 
face 1.0 951.0 664.0 974.0 684.0 
face 1.0 999.0 569.0 1016.0 583.0 
face 1.0 58.0 351.0 71.0 361.0 
face 1.0 932.0 446.0 949.0 468.0 
face 1.0 534.0 609.0 552.0 635.0 
face 1.0 476.0 561.0 492.0 583.0 
face 1.0 491.0 545.0 509.0 568.0 
face 1.0 511.0 563.0 529.0 588.0 
face 1.0 550.0 577.0 567.0 600.0 
face 1.0 570.0 595.0 590.0 616.0 
face 1.0 584.0 625.0 601.0 649.0 
face 1.0 601.0 659.0 621.0 683.0 
face 1.0 606.0 553.0 626.0 577.0 
face 1.0 645.0 583.0 664.0 604.0 
face 1.0 716.0 538.0 736.0 567.0 
face 1.0 729.0 535.0 742.0 559.0 
face 1.0 744.0 574.0 765.0 599.0 
face 1.0 795.0 542.0 814.0 562.0 
face 1.0 820.0 527.0 833.0 547.0 
face 1.0 809.0 534.0 819.0 553.0 
face 1.0 821.0 571.0 842.0 601.0 
face 1.0 806.0 570.0 823.0 593.0 
face 1.0 764.0 573.0 777.0 594.0 
face 1.0 839.0 612.0 860.0 640.0 
face 1.0 757.0 613.0 776.0 640.0 
face 1.0 758.0 648.0 781.0 672.0 
face 1.0 689.0 660.0 711.0 683.0 
face 1.0 694.0 639.0 712.0 654.0 
face 1.0 760.0 508.0 776.0 526.0 
face 1.0 779.0 502.0 795.0 519.0 
face 1.0 868.0 542.0 887.0 564.0 
face 1.0 879.0 532.0 898.0 559.0 
face 1.0 897.0 524.0 908.0 540.0 
face 1.0 880.0 575.0 900.0 603.0 
face 1.0 603.0 404.0 614.0 417.0 
face 1.0 313.0 673.0 334.0 684.0 
face 1.0 660.0 84.0 667.0 94.0 
face 1.0 498.0 109.0 505.0 116.0 
face 1.0 0.0 659.0 19.0 685.0 
