face 1.0 143.0 302.0 180.0 354.0 
face 1.0 201.0 368.0 242.0 416.0 
face 1.0 283.0 311.0 318.0 356.0 
face 1.0 327.0 212.0 361.0 258.0 
face 1.0 447.0 237.0 484.0 280.0 
face 1.0 408.0 297.0 443.0 343.0 
face 1.0 471.0 369.0 514.0 418.0 
face 1.0 512.0 301.0 548.0 348.0 
face 1.0 563.0 264.0 597.0 312.0 
face 1.0 620.0 314.0 659.0 362.0 
face 1.0 612.0 374.0 653.0 425.0 
face 1.0 684.0 257.0 716.0 302.0 
face 1.0 730.0 322.0 764.0 366.0 
face 1.0 737.0 398.0 777.0 449.0 
face 1.0 839.0 327.0 875.0 370.0 
face 1.0 342.0 387.0 378.0 436.0 
