face 1.0 330.0 403.0 398.0 489.0 
face 1.0 190.0 350.0 245.0 419.0 
face 1.0 92.0 513.0 153.0 589.0 
face 1.0 104.0 390.0 136.0 428.0 
face 1.0 63.0 317.0 93.0 355.0 
face 1.0 100.0 281.0 131.0 321.0 
face 1.0 46.0 289.0 70.0 317.0 
face 1.0 350.0 333.0 384.0 371.0 
face 1.0 308.0 329.0 331.0 358.0 
face 1.0 283.0 294.0 307.0 324.0 
face 1.0 208.0 301.0 233.0 332.0 
face 1.0 189.0 266.0 213.0 296.0 
face 1.0 254.0 271.0 275.0 301.0 
face 1.0 314.0 268.0 333.0 291.0 
face 1.0 327.0 291.0 345.0 313.0 
face 1.0 239.0 290.0 253.0 310.0 
face 1.0 352.0 275.0 374.0 300.0 
face 1.0 383.0 313.0 408.0 346.0 
face 1.0 423.0 239.0 445.0 268.0 
face 1.0 385.0 249.0 403.0 273.0 
face 1.0 357.0 253.0 368.0 266.0 
face 1.0 34.0 268.0 51.0 294.0 
face 1.0 416.0 257.0 428.0 272.0 
face 1.0 485.0 239.0 499.0 254.0 
face 1.0 462.0 238.0 475.0 253.0 
face 1.0 508.0 245.0 526.0 261.0 
face 1.0 531.0 244.0 539.0 251.0 
face 1.0 542.0 239.0 566.0 273.0 
face 1.0 567.0 262.0 595.0 301.0 
face 1.0 496.0 266.0 524.0 308.0 
face 1.0 479.0 262.0 502.0 298.0 
face 1.0 545.0 308.0 576.0 337.0 
face 1.0 615.0 238.0 629.0 259.0 
face 1.0 626.0 246.0 655.0 285.0 
face 1.0 662.0 264.0 695.0 309.0 
face 1.0 703.0 241.0 714.0 257.0 
face 1.0 748.0 230.0 761.0 245.0 
face 1.0 740.0 252.0 759.0 278.0 
face 1.0 757.0 261.0 780.0 296.0 
face 1.0 728.0 300.0 765.0 347.0 
face 1.0 780.0 258.0 815.0 308.0 
face 1.0 817.0 246.0 842.0 277.0 
face 1.0 796.0 278.0 844.0 329.0 
face 1.0 642.0 527.0 715.0 629.0 
face 1.0 853.0 499.0 938.0 630.0 
face 1.0 848.0 244.0 885.0 298.0 
face 1.0 922.0 265.0 948.0 295.0 
face 1.0 984.0 234.0 995.0 256.0 
face 1.0 975.0 250.0 982.0 260.0 
face 1.0 990.0 231.0 1005.0 260.0 
face 1.0 996.0 272.0 1016.0 308.0 
face 1.0 777.0 349.0 839.0 433.0 
face 1.0 671.0 418.0 711.0 469.0 
face 1.0 724.0 381.0 762.0 429.0 
face 1.0 552.0 505.0 607.0 560.0 
face 1.0 495.0 351.0 513.0 398.0 
face 1.0 424.0 363.0 454.0 396.0 
face 1.0 23.0 414.0 78.0 472.0 
face 1.0 0.0 353.0 22.0 409.0 
face 1.0 162.0 268.0 179.0 292.0 
