face 1.0 24.0 187.0 41.0 220.0 
face 1.0 36.0 206.0 63.0 241.0 
face 1.0 129.0 198.0 160.0 232.0 
face 1.0 158.0 177.0 186.0 217.0 
face 1.0 207.0 189.0 227.0 212.0 
face 1.0 211.0 206.0 236.0 232.0 
face 1.0 265.0 195.0 289.0 225.0 
face 1.0 302.0 186.0 341.0 223.0 
face 1.0 363.0 184.0 391.0 217.0 
face 1.0 433.0 184.0 458.0 223.0 
face 1.0 485.0 197.0 504.0 222.0 
face 1.0 521.0 195.0 542.0 226.0 
face 1.0 538.0 200.0 569.0 236.0 
face 1.0 574.0 188.0 610.0 235.0 
face 1.0 608.0 213.0 640.0 248.0 
face 1.0 646.0 181.0 673.0 215.0 
face 1.0 653.0 220.0 677.0 250.0 
face 1.0 703.0 203.0 739.0 239.0 
face 1.0 790.0 228.0 815.0 262.0 
face 1.0 831.0 224.0 863.0 263.0 
face 1.0 858.0 203.0 886.0 237.0 
face 1.0 916.0 218.0 945.0 251.0 
face 1.0 912.0 269.0 944.0 312.0 
face 1.0 989.0 207.0 1014.0 246.0 
face 1.0 218.0 63.0 224.0 70.0 
face 1.0 979.0 234.0 991.0 253.0 
