face 1.0 58.0 43.0 68.0 54.0 
face 1.0 57.0 31.0 66.0 41.0 
face 1.0 63.0 65.0 75.0 82.0 
face 1.0 96.0 44.0 105.0 56.0 
face 1.0 114.0 27.0 120.0 35.0 
face 1.0 94.0 93.0 118.0 119.0 
face 1.0 47.0 136.0 87.0 176.0 
face 1.0 100.0 142.0 122.0 172.0 
face 1.0 136.0 79.0 158.0 107.0 
face 1.0 154.0 46.0 164.0 58.0 
face 1.0 187.0 41.0 197.0 51.0 
face 1.0 229.0 94.0 250.0 119.0 
face 1.0 253.0 87.0 272.0 101.0 
face 1.0 266.0 120.0 293.0 152.0 
face 1.0 315.0 147.0 344.0 179.0 
face 1.0 167.0 228.0 204.0 270.0 
face 1.0 222.0 198.0 249.0 236.0 
face 1.0 50.0 349.0 102.0 411.0 
face 1.0 94.0 452.0 165.0 567.0 
face 1.0 410.0 46.0 423.0 61.0 
face 1.0 381.0 92.0 399.0 111.0 
face 1.0 356.0 127.0 382.0 164.0 
face 1.0 402.0 161.0 430.0 193.0 
face 1.0 419.0 103.0 441.0 131.0 
face 1.0 473.0 107.0 495.0 135.0 
face 1.0 512.0 48.0 524.0 65.0 
face 1.0 520.0 43.0 533.0 60.0 
face 1.0 515.0 86.0 533.0 112.0 
face 1.0 494.0 150.0 524.0 179.0 
face 1.0 594.0 126.0 612.0 167.0 
face 1.0 564.0 65.0 579.0 81.0 
face 1.0 573.0 45.0 586.0 60.0 
face 1.0 654.0 57.0 665.0 72.0 
face 1.0 668.0 49.0 676.0 60.0 
face 1.0 698.0 46.0 712.0 61.0 
face 1.0 715.0 53.0 727.0 68.0 
face 1.0 742.0 65.0 753.0 80.0 
face 1.0 757.0 48.0 769.0 67.0 
face 1.0 661.0 98.0 679.0 126.0 
face 1.0 678.0 96.0 698.0 122.0 
face 1.0 712.0 83.0 725.0 105.0 
face 1.0 796.0 67.0 808.0 81.0 
face 1.0 812.0 54.0 821.0 68.0 
face 1.0 821.0 54.0 832.0 71.0 
face 1.0 853.0 52.0 864.0 70.0 
face 1.0 767.0 91.0 784.0 105.0 
face 1.0 789.0 121.0 809.0 148.0 
face 1.0 804.0 110.0 830.0 140.0 
face 1.0 817.0 141.0 834.0 183.0 
face 1.0 883.0 99.0 900.0 125.0 
face 1.0 902.0 115.0 920.0 139.0 
face 1.0 875.0 137.0 901.0 170.0 
face 1.0 668.0 205.0 704.0 261.0 
face 1.0 585.0 275.0 623.0 325.0 
face 1.0 684.0 247.0 723.0 304.0 
face 1.0 714.0 268.0 769.0 333.0 
face 1.0 767.0 207.0 804.0 240.0 
face 1.0 819.0 246.0 853.0 296.0 
face 1.0 839.0 239.0 885.0 315.0 
face 1.0 708.0 354.0 741.0 425.0 
face 1.0 940.0 253.0 984.0 301.0 
face 1.0 949.0 290.0 994.0 365.0 
face 1.0 988.0 340.0 1024.0 406.0 
face 1.0 914.0 445.0 955.0 544.0 
face 1.0 514.0 519.0 615.0 619.0 
face 1.0 194.0 85.0 210.0 103.0 
face 1.0 255.0 440.0 333.0 534.0 
face 1.0 17.0 3.0 25.0 15.0 
face 1.0 100.0 11.0 107.0 18.0 
face 1.0 941.0 202.0 977.0 244.0 
face 1.0 936.0 153.0 958.0 189.0 
face 1.0 599.0 216.0 628.0 267.0 
