face 1.0 599.0 306.0 618.0 332.0 
face 1.0 511.0 289.0 536.0 314.0 
face 1.0 595.0 276.0 609.0 294.0 
face 1.0 634.0 291.0 652.0 313.0 
face 1.0 673.0 272.0 687.0 290.0 
face 1.0 649.0 309.0 673.0 337.0 
face 1.0 699.0 309.0 725.0 340.0 
face 1.0 694.0 289.0 705.0 301.0 
face 1.0 719.0 283.0 732.0 295.0 
face 1.0 753.0 322.0 780.0 352.0 
face 1.0 813.0 293.0 828.0 310.0 
face 1.0 813.0 333.0 844.0 366.0 
face 1.0 832.0 295.0 845.0 312.0 
face 1.0 854.0 293.0 867.0 309.0 
face 1.0 902.0 304.0 916.0 320.0 
face 1.0 929.0 297.0 945.0 313.0 
face 1.0 962.0 280.0 975.0 295.0 
face 1.0 974.0 295.0 987.0 313.0 
face 1.0 1004.0 291.0 1019.0 309.0 
face 1.0 950.0 342.0 983.0 378.0 
face 1.0 549.0 298.0 572.0 319.0 
face 1.0 12.0 315.0 28.0 330.0 
face 1.0 32.0 285.0 48.0 307.0 
face 1.0 58.0 239.0 73.0 255.0 
face 1.0 93.0 308.0 105.0 328.0 
face 1.0 99.0 312.0 119.0 336.0 
face 1.0 115.0 290.0 139.0 316.0 
face 1.0 134.0 296.0 156.0 325.0 
face 1.0 20.0 433.0 31.0 443.0 
face 1.0 52.0 411.0 63.0 423.0 
face 1.0 57.0 373.0 71.0 391.0 
face 1.0 155.0 309.0 177.0 338.0 
face 1.0 190.0 316.0 214.0 344.0 
face 1.0 223.0 323.0 249.0 352.0 
face 1.0 257.0 327.0 284.0 356.0 
face 1.0 305.0 340.0 336.0 372.0 
face 1.0 300.0 285.0 320.0 310.0 
face 1.0 324.0 298.0 342.0 319.0 
face 1.0 343.0 293.0 364.0 319.0 
face 1.0 385.0 302.0 409.0 326.0 
face 1.0 428.0 307.0 453.0 335.0 
face 1.0 258.0 236.0 269.0 248.0 
face 1.0 467.0 312.0 492.0 342.0 
face 1.0 503.0 322.0 528.0 356.0 
face 1.0 558.0 324.0 587.0 360.0 
