face 1.0 390.0 308.0 411.0 335.0 
face 1.0 93.0 292.0 116.0 316.0 
face 1.0 142.0 273.0 160.0 295.0 
face 1.0 175.0 256.0 193.0 280.0 
face 1.0 280.0 218.0 298.0 236.0 
face 1.0 272.0 289.0 292.0 311.0 
face 1.0 363.0 263.0 382.0 284.0 
face 1.0 389.0 228.0 403.0 245.0 
face 1.0 417.0 225.0 432.0 243.0 
face 1.0 519.0 272.0 534.0 290.0 
face 1.0 668.0 293.0 689.0 317.0 
face 1.0 697.0 280.0 712.0 301.0 
face 1.0 712.0 284.0 731.0 306.0 
face 1.0 778.0 92.0 798.0 109.0 
face 1.0 656.0 43.0 674.0 59.0 
face 1.0 334.0 271.0 354.0 291.0 
face 1.0 303.0 271.0 322.0 293.0 
