face 1.0 82.0 733.0 106.0 765.0 
face 1.0 101.0 684.0 117.0 703.0 
face 1.0 39.0 687.0 53.0 703.0 
face 1.0 175.0 690.0 190.0 709.0 
face 1.0 176.0 751.0 202.0 769.0 
face 1.0 72.0 608.0 80.0 617.0 
face 1.0 166.0 637.0 178.0 652.0 
face 1.0 219.0 671.0 230.0 687.0 
face 1.0 229.0 680.0 246.0 700.0 
face 1.0 244.0 641.0 256.0 660.0 
face 1.0 261.0 673.0 274.0 687.0 
face 1.0 226.0 728.0 241.0 751.0 
face 1.0 304.0 716.0 325.0 741.0 
face 1.0 404.0 720.0 422.0 745.0 
face 1.0 525.0 709.0 554.0 755.0 
face 1.0 400.0 659.0 414.0 676.0 
face 1.0 343.0 643.0 354.0 662.0 
face 1.0 370.0 641.0 383.0 658.0 
face 1.0 305.0 627.0 316.0 642.0 
face 1.0 329.0 650.0 339.0 662.0 
face 1.0 382.0 674.0 394.0 687.0 
face 1.0 447.0 688.0 464.0 707.0 
face 1.0 456.0 637.0 468.0 654.0 
face 1.0 591.0 690.0 613.0 720.0 
face 1.0 623.0 716.0 657.0 767.0 
face 1.0 675.0 711.0 697.0 741.0 
face 1.0 524.0 585.0 533.0 595.0 
face 1.0 510.0 581.0 519.0 590.0 
face 1.0 603.0 624.0 615.0 639.0 
face 1.0 623.0 625.0 636.0 644.0 
face 1.0 247.0 565.0 254.0 575.0 
face 1.0 195.0 564.0 204.0 574.0 
face 1.0 189.0 579.0 197.0 589.0 
face 1.0 126.0 606.0 135.0 618.0 
face 1.0 248.0 584.0 257.0 595.0 
face 1.0 299.0 589.0 309.0 603.0 
face 1.0 341.0 611.0 351.0 621.0 
face 1.0 442.0 592.0 452.0 603.0 
face 1.0 296.0 572.0 304.0 583.0 
face 1.0 342.0 579.0 349.0 586.0 
face 1.0 426.0 552.0 433.0 560.0 
face 1.0 453.0 550.0 460.0 558.0 
face 1.0 440.0 532.0 446.0 539.0 
face 1.0 420.0 535.0 425.0 541.0 
face 1.0 458.0 582.0 464.0 591.0 
face 1.0 429.0 582.0 435.0 591.0 
face 1.0 532.0 599.0 543.0 611.0 
face 1.0 493.0 527.0 499.0 535.0 
face 1.0 459.0 530.0 466.0 541.0 
face 1.0 365.0 567.0 372.0 576.0 
face 1.0 380.0 561.0 388.0 570.0 
face 1.0 415.0 598.0 425.0 611.0 
face 1.0 668.0 716.0 687.0 740.0 
face 1.0 716.0 704.0 736.0 733.0 
face 1.0 761.0 746.0 786.0 769.0 
face 1.0 861.0 723.0 891.0 761.0 
face 1.0 837.0 671.0 855.0 694.0 
face 1.0 811.0 641.0 826.0 657.0 
face 1.0 613.0 668.0 626.0 682.0 
face 1.0 665.0 613.0 673.0 622.0 
face 1.0 589.0 588.0 598.0 599.0 
face 1.0 667.0 534.0 674.0 542.0 
face 1.0 657.0 575.0 666.0 585.0 
face 1.0 732.0 606.0 742.0 615.0 
face 1.0 734.0 580.0 745.0 595.0 
face 1.0 764.0 591.0 775.0 602.0 
face 1.0 698.0 570.0 705.0 579.0 
face 1.0 693.0 584.0 701.0 593.0 
face 1.0 746.0 553.0 753.0 563.0 
face 1.0 802.0 570.0 808.0 580.0 
face 1.0 811.0 587.0 819.0 598.0 
face 1.0 824.0 590.0 833.0 600.0 
face 1.0 840.0 586.0 848.0 599.0 
face 1.0 831.0 568.0 839.0 579.0 
face 1.0 912.0 551.0 920.0 561.0 
face 1.0 927.0 569.0 934.0 578.0 
face 1.0 901.0 627.0 912.0 642.0 
face 1.0 993.0 627.0 1001.0 644.0 
face 1.0 748.0 515.0 754.0 521.0 
face 1.0 787.0 552.0 795.0 562.0 
face 1.0 807.0 519.0 812.0 527.0 
face 1.0 873.0 521.0 880.0 529.0 
face 1.0 914.0 526.0 921.0 535.0 
face 1.0 824.0 496.0 830.0 503.0 
face 1.0 829.0 519.0 835.0 525.0 
face 1.0 852.0 513.0 857.0 519.0 
face 1.0 933.0 519.0 939.0 528.0 
face 1.0 754.0 503.0 760.0 511.0 
face 1.0 32.0 623.0 40.0 632.0 
face 1.0 79.0 599.0 87.0 609.0 
face 1.0 228.0 599.0 235.0 608.0 
face 1.0 247.0 601.0 256.0 609.0 
face 1.0 228.0 550.0 234.0 560.0 
face 1.0 281.0 543.0 288.0 551.0 
face 1.0 219.0 540.0 225.0 549.0 
face 1.0 194.0 537.0 201.0 545.0 
face 1.0 207.0 554.0 214.0 562.0 
face 1.0 101.0 564.0 106.0 572.0 
face 1.0 121.0 575.0 129.0 584.0 
face 1.0 77.0 571.0 84.0 580.0 
face 1.0 68.0 567.0 75.0 575.0 
face 1.0 93.0 621.0 101.0 631.0 
face 1.0 206.0 584.0 214.0 593.0 
face 1.0 159.0 560.0 166.0 568.0 
face 1.0 255.0 564.0 261.0 570.0 
face 1.0 629.0 610.0 641.0 625.0 
face 1.0 565.0 570.0 573.0 578.0 
face 1.0 640.0 587.0 648.0 595.0 
face 1.0 622.0 590.0 631.0 598.0 
face 1.0 579.0 617.0 588.0 629.0 
face 1.0 516.0 508.0 520.0 514.0 
face 1.0 626.0 510.0 632.0 517.0 
face 1.0 681.0 489.0 686.0 495.0 
face 1.0 661.0 506.0 666.0 512.0 
face 1.0 676.0 524.0 682.0 531.0 
face 1.0 639.0 491.0 645.0 497.0 
face 1.0 787.0 474.0 792.0 479.0 
face 1.0 916.0 492.0 921.0 500.0 
face 1.0 845.0 484.0 850.0 490.0 
face 1.0 907.0 452.0 912.0 459.0 
face 1.0 863.0 469.0 868.0 474.0 
face 1.0 147.0 594.0 155.0 603.0 
face 1.0 388.0 538.0 392.0 545.0 
face 1.0 410.0 550.0 416.0 559.0 
face 1.0 376.0 581.0 384.0 592.0 
face 1.0 463.0 593.0 471.0 604.0 
face 1.0 461.0 570.0 470.0 581.0 
face 1.0 439.0 583.0 445.0 593.0 
face 1.0 435.0 631.0 446.0 646.0 
face 1.0 508.0 622.0 516.0 633.0 
face 1.0 517.0 692.0 540.0 723.0 
face 1.0 550.0 699.0 569.0 722.0 
face 1.0 659.0 561.0 665.0 572.0 
face 1.0 720.0 579.0 727.0 589.0 
face 1.0 750.0 574.0 759.0 587.0 
face 1.0 819.0 609.0 829.0 625.0 
face 1.0 702.0 686.0 716.0 701.0 
face 1.0 782.0 586.0 789.0 597.0 
face 1.0 993.0 722.0 1024.0 769.0 
face 1.0 999.0 651.0 1009.0 673.0 
face 1.0 1004.0 638.0 1020.0 655.0 
face 1.0 981.0 591.0 992.0 605.0 
face 1.0 858.0 608.0 868.0 620.0 
face 1.0 448.0 608.0 455.0 619.0 
face 1.0 352.0 533.0 358.0 542.0 
face 1.0 318.0 543.0 324.0 552.0 
face 1.0 258.0 594.0 265.0 602.0 
