face 1.0 43.0 171.0 73.0 196.0 
face 1.0 119.0 214.0 147.0 238.0 
face 1.0 19.0 195.0 50.0 222.0 
face 1.0 0.0 214.0 19.0 244.0 
face 1.0 1.0 301.0 46.0 336.0 
face 1.0 330.0 133.0 348.0 150.0 
face 1.0 345.0 157.0 364.0 180.0 
face 1.0 359.0 168.0 380.0 194.0 
face 1.0 375.0 185.0 399.0 214.0 
face 1.0 408.0 201.0 439.0 236.0 
face 1.0 417.0 237.0 454.0 284.0 
face 1.0 442.0 295.0 496.0 358.0 
face 1.0 401.0 142.0 418.0 163.0 
face 1.0 374.0 128.0 390.0 147.0 
face 1.0 480.0 128.0 494.0 148.0 
face 1.0 509.0 134.0 523.0 154.0 
face 1.0 525.0 141.0 544.0 165.0 
face 1.0 543.0 159.0 564.0 185.0 
face 1.0 578.0 178.0 602.0 208.0 
face 1.0 571.0 125.0 587.0 144.0 
face 1.0 533.0 125.0 547.0 139.0 
face 1.0 623.0 191.0 652.0 230.0 
face 1.0 617.0 139.0 639.0 163.0 
face 1.0 630.0 119.0 643.0 135.0 
face 1.0 657.0 122.0 672.0 141.0 
face 1.0 685.0 125.0 703.0 144.0 
face 1.0 668.0 148.0 692.0 178.0 
face 1.0 679.0 256.0 720.0 307.0 
face 1.0 698.0 109.0 711.0 122.0 
face 1.0 713.0 131.0 732.0 153.0 
face 1.0 751.0 114.0 765.0 130.0 
face 1.0 752.0 70.0 758.0 78.0 
face 1.0 759.0 72.0 764.0 79.0 
face 1.0 772.0 75.0 776.0 82.0 
face 1.0 792.0 75.0 797.0 83.0 
face 1.0 801.0 77.0 810.0 88.0 
face 1.0 802.0 72.0 809.0 79.0 
face 1.0 782.0 110.0 794.0 126.0 
face 1.0 812.0 96.0 823.0 108.0 
face 1.0 879.0 109.0 893.0 125.0 
face 1.0 834.0 120.0 849.0 137.0 
face 1.0 859.0 128.0 880.0 151.0 
face 1.0 913.0 120.0 933.0 143.0 
face 1.0 897.0 102.0 910.0 113.0 
face 1.0 916.0 73.0 924.0 81.0 
face 1.0 968.0 69.0 974.0 77.0 
face 1.0 956.0 76.0 962.0 82.0 
face 1.0 972.0 65.0 977.0 71.0 
face 1.0 921.0 102.0 936.0 115.0 
face 1.0 943.0 112.0 962.0 132.0 
face 1.0 944.0 145.0 968.0 168.0 
face 1.0 888.0 165.0 927.0 198.0 
face 1.0 822.0 151.0 851.0 183.0 
face 1.0 957.0 180.0 1006.0 220.0 
face 1.0 984.0 130.0 1008.0 153.0 
face 1.0 998.0 103.0 1013.0 119.0 
face 1.0 979.0 100.0 995.0 113.0 
face 1.0 805.0 122.0 822.0 144.0 
face 1.0 769.0 132.0 792.0 163.0 
face 1.0 717.0 163.0 745.0 195.0 
face 1.0 791.0 185.0 829.0 226.0 
face 1.0 887.0 245.0 938.0 293.0 
face 1.0 1013.0 113.0 1024.0 129.0 
face 1.0 747.0 321.0 807.0 386.0 
