face 1.0 131.0 481.0 142.0 498.0 
face 1.0 100.0 478.0 114.0 495.0 
face 1.0 79.0 480.0 89.0 494.0 
face 1.0 81.0 510.0 93.0 523.0 
face 1.0 57.0 510.0 72.0 527.0 
face 1.0 37.0 506.0 50.0 524.0 
face 1.0 32.0 527.0 42.0 543.0 
face 1.0 2.0 535.0 15.0 553.0 
face 1.0 0.0 500.0 9.0 515.0 
face 1.0 29.0 479.0 37.0 490.0 
face 1.0 102.0 514.0 117.0 528.0 
face 1.0 241.0 215.0 291.0 283.0 
face 1.0 973.0 273.0 980.0 281.0 
face 1.0 999.0 269.0 1005.0 277.0 
face 1.0 1010.0 269.0 1017.0 278.0 
face 1.0 870.0 308.0 874.0 314.0 
