face 1.0 74.0 103.0 81.0 114.0 
face 1.0 91.0 101.0 98.0 110.0 
face 1.0 162.0 117.0 172.0 125.0 
face 1.0 181.0 112.0 190.0 122.0 
face 1.0 121.0 110.0 131.0 118.0 
face 1.0 112.0 111.0 121.0 121.0 
face 1.0 211.0 129.0 218.0 139.0 
face 1.0 243.0 131.0 251.0 139.0 
face 1.0 230.0 112.0 237.0 120.0 
face 1.0 256.0 122.0 261.0 131.0 
face 1.0 265.0 117.0 271.0 125.0 
face 1.0 290.0 129.0 296.0 138.0 
face 1.0 278.0 132.0 285.0 140.0 
face 1.0 313.0 109.0 321.0 118.0 
face 1.0 339.0 104.0 347.0 112.0 
face 1.0 350.0 99.0 355.0 108.0 
face 1.0 379.0 112.0 385.0 120.0 
face 1.0 386.0 110.0 393.0 117.0 
face 1.0 403.0 111.0 409.0 119.0 
face 1.0 442.0 98.0 451.0 105.0 
face 1.0 465.0 97.0 473.0 107.0 
face 1.0 416.0 108.0 425.0 117.0 
face 1.0 492.0 112.0 500.0 121.0 
face 1.0 510.0 82.0 521.0 94.0 
face 1.0 492.0 82.0 501.0 92.0 
face 1.0 531.0 70.0 540.0 84.0 
face 1.0 566.0 85.0 579.0 96.0 
face 1.0 591.0 77.0 601.0 89.0 
face 1.0 608.0 69.0 616.0 79.0 
face 1.0 12.0 96.0 21.0 109.0 
face 1.0 38.0 98.0 48.0 110.0 
face 1.0 64.0 106.0 72.0 116.0 
face 1.0 642.0 57.0 653.0 72.0 
face 1.0 671.0 53.0 684.0 69.0 
face 1.0 704.0 48.0 715.0 66.0 
face 1.0 758.0 46.0 768.0 59.0 
face 1.0 796.0 47.0 807.0 58.0 
face 1.0 942.0 327.0 957.0 343.0 
face 1.0 890.0 323.0 898.0 340.0 
face 1.0 849.0 362.0 859.0 380.0 
face 1.0 829.0 309.0 841.0 321.0 
face 1.0 782.0 300.0 793.0 312.0 
face 1.0 713.0 303.0 723.0 314.0 
face 1.0 790.0 352.0 803.0 367.0 
face 1.0 819.0 347.0 830.0 363.0 
face 1.0 818.0 377.0 832.0 392.0 
face 1.0 835.0 391.0 846.0 412.0 
face 1.0 799.0 375.0 815.0 392.0 
face 1.0 765.0 390.0 781.0 408.0 
face 1.0 741.0 359.0 755.0 371.0 
face 1.0 735.0 349.0 746.0 357.0 
face 1.0 716.0 370.0 733.0 388.0 
face 1.0 741.0 396.0 759.0 419.0 
face 1.0 708.0 417.0 725.0 437.0 
face 1.0 722.0 409.0 733.0 427.0 
face 1.0 661.0 396.0 677.0 412.0 
face 1.0 705.0 356.0 716.0 365.0 
face 1.0 667.0 307.0 678.0 321.0 
face 1.0 643.0 297.0 654.0 310.0 
face 1.0 635.0 346.0 646.0 360.0 
face 1.0 619.0 345.0 629.0 361.0 
face 1.0 610.0 373.0 619.0 385.0 
face 1.0 657.0 365.0 667.0 377.0 
face 1.0 627.0 396.0 638.0 409.0 
face 1.0 600.0 405.0 613.0 426.0 
face 1.0 602.0 445.0 623.0 469.0 
face 1.0 662.0 432.0 679.0 456.0 
face 1.0 649.0 454.0 663.0 473.0 
face 1.0 604.0 346.0 614.0 360.0 
face 1.0 569.0 474.0 587.0 501.0 
face 1.0 539.0 472.0 562.0 497.0 
face 1.0 567.0 379.0 579.0 391.0 
face 1.0 576.0 359.0 587.0 368.0 
face 1.0 567.0 344.0 574.0 354.0 
face 1.0 546.0 345.0 555.0 356.0 
face 1.0 523.0 306.0 530.0 313.0 
face 1.0 531.0 337.0 541.0 347.0 
face 1.0 519.0 351.0 532.0 362.0 
face 1.0 508.0 367.0 520.0 380.0 
face 1.0 505.0 392.0 522.0 408.0 
face 1.0 499.0 422.0 520.0 445.0 
face 1.0 450.0 437.0 468.0 461.0 
face 1.0 472.0 392.0 489.0 416.0 
face 1.0 480.0 372.0 493.0 386.0 
face 1.0 480.0 355.0 490.0 367.0 
face 1.0 504.0 349.0 515.0 361.0 
face 1.0 496.0 348.0 505.0 359.0 
face 1.0 476.0 339.0 483.0 352.0 
face 1.0 479.0 330.0 487.0 340.0 
face 1.0 461.0 333.0 469.0 344.0 
face 1.0 461.0 355.0 469.0 362.0 
face 1.0 452.0 380.0 465.0 396.0 
face 1.0 426.0 408.0 443.0 423.0 
face 1.0 424.0 389.0 436.0 400.0 
face 1.0 431.0 357.0 443.0 371.0 
face 1.0 441.0 337.0 449.0 347.0 
face 1.0 447.0 331.0 456.0 340.0 
face 1.0 420.0 340.0 429.0 351.0 
face 1.0 403.0 340.0 413.0 350.0 
face 1.0 412.0 361.0 423.0 378.0 
face 1.0 397.0 389.0 411.0 403.0 
face 1.0 393.0 411.0 411.0 428.0 
face 1.0 403.0 435.0 426.0 467.0 
face 1.0 349.0 419.0 365.0 438.0 
face 1.0 360.0 405.0 372.0 422.0 
face 1.0 347.0 370.0 363.0 386.0 
face 1.0 377.0 365.0 389.0 383.0 
face 1.0 378.0 347.0 389.0 362.0 
face 1.0 357.0 342.0 368.0 354.0 
face 1.0 391.0 328.0 400.0 340.0 
face 1.0 415.0 304.0 423.0 312.0 
face 1.0 370.0 294.0 377.0 301.0 
face 1.0 383.0 321.0 391.0 332.0 
face 1.0 372.0 338.0 380.0 348.0 
face 1.0 370.0 330.0 377.0 338.0 
face 1.0 350.0 335.0 359.0 343.0 
face 1.0 325.0 373.0 338.0 387.0 
face 1.0 329.0 353.0 340.0 364.0 
face 1.0 325.0 333.0 334.0 344.0 
face 1.0 348.0 320.0 356.0 328.0 
face 1.0 335.0 299.0 342.0 307.0 
face 1.0 314.0 323.0 322.0 334.0 
face 1.0 302.0 322.0 308.0 330.0 
face 1.0 302.0 333.0 311.0 341.0 
face 1.0 301.0 342.0 312.0 352.0 
face 1.0 309.0 363.0 320.0 376.0 
face 1.0 301.0 356.0 309.0 366.0 
face 1.0 302.0 391.0 312.0 406.0 
face 1.0 302.0 421.0 320.0 447.0 
face 1.0 273.0 403.0 291.0 424.0 
face 1.0 233.0 412.0 252.0 432.0 
face 1.0 249.0 382.0 263.0 400.0 
face 1.0 246.0 361.0 256.0 375.0 
face 1.0 255.0 343.0 265.0 359.0 
face 1.0 273.0 349.0 286.0 363.0 
face 1.0 281.0 343.0 289.0 354.0 
face 1.0 292.0 332.0 300.0 342.0 
face 1.0 263.0 325.0 274.0 336.0 
face 1.0 254.0 337.0 266.0 347.0 
face 1.0 242.0 327.0 251.0 337.0 
face 1.0 215.0 305.0 224.0 315.0 
face 1.0 223.0 331.0 231.0 342.0 
face 1.0 237.0 342.0 248.0 353.0 
face 1.0 231.0 365.0 243.0 376.0 
face 1.0 227.0 379.0 243.0 392.0 
face 1.0 194.0 373.0 208.0 392.0 
face 1.0 200.0 347.0 211.0 361.0 
face 1.0 210.0 328.0 216.0 339.0 
face 1.0 186.0 329.0 195.0 341.0 
face 1.0 182.0 348.0 192.0 359.0 
face 1.0 173.0 357.0 190.0 380.0 
face 1.0 184.0 392.0 200.0 412.0 
face 1.0 159.0 395.0 170.0 408.0 
face 1.0 146.0 367.0 156.0 382.0 
face 1.0 157.0 347.0 170.0 362.0 
face 1.0 158.0 334.0 169.0 344.0 
face 1.0 128.0 334.0 138.0 345.0 
face 1.0 130.0 353.0 145.0 368.0 
face 1.0 106.0 308.0 115.0 317.0 
face 1.0 111.0 336.0 118.0 348.0 
face 1.0 101.0 356.0 116.0 370.0 
face 1.0 108.0 378.0 120.0 391.0 
face 1.0 130.0 386.0 145.0 402.0 
face 1.0 105.0 393.0 113.0 410.0 
face 1.0 64.0 381.0 79.0 395.0 
face 1.0 68.0 367.0 80.0 380.0 
face 1.0 66.0 350.0 78.0 361.0 
face 1.0 59.0 362.0 71.0 375.0 
face 1.0 288.0 373.0 296.0 387.0 
face 1.0 229.0 354.0 239.0 365.0 
face 1.0 285.0 325.0 293.0 334.0 
face 1.0 336.0 398.0 350.0 419.0 
face 1.0 15.0 605.0 64.0 659.0 
face 1.0 758.0 377.0 771.0 389.0 
face 1.0 618.0 367.0 633.0 381.0 
face 1.0 275.0 334.0 285.0 349.0 
face 1.0 432.0 348.0 440.0 358.0 
face 1.0 140.0 114.0 149.0 126.0 
