face 1.0 122.0 170.0 130.0 180.0 
face 1.0 114.0 158.0 121.0 167.0 
face 1.0 100.0 182.0 108.0 192.0 
face 1.0 93.0 172.0 101.0 180.0 
face 1.0 57.0 185.0 67.0 195.0 
face 1.0 46.0 171.0 56.0 181.0 
face 1.0 143.0 156.0 151.0 164.0 
face 1.0 215.0 154.0 222.0 163.0 
face 1.0 206.0 164.0 212.0 170.0 
face 1.0 206.0 157.0 213.0 162.0 
face 1.0 191.0 164.0 197.0 171.0 
face 1.0 240.0 131.0 247.0 140.0 
face 1.0 239.0 175.0 248.0 181.0 
face 1.0 194.0 190.0 205.0 199.0 
face 1.0 231.0 191.0 241.0 202.0 
face 1.0 261.0 190.0 271.0 200.0 
face 1.0 277.0 173.0 286.0 183.0 
face 1.0 257.0 173.0 264.0 182.0 
face 1.0 273.0 167.0 279.0 177.0 
face 1.0 282.0 156.0 287.0 165.0 
face 1.0 291.0 153.0 297.0 163.0 
face 1.0 304.0 150.0 310.0 158.0 
face 1.0 326.0 155.0 331.0 163.0 
face 1.0 189.0 243.0 203.0 255.0 
face 1.0 158.0 253.0 171.0 272.0 
face 1.0 260.0 241.0 273.0 255.0 
face 1.0 315.0 239.0 328.0 253.0 
face 1.0 222.0 315.0 238.0 338.0 
face 1.0 274.0 311.0 292.0 328.0 
face 1.0 256.0 278.0 267.0 293.0 
face 1.0 312.0 260.0 324.0 276.0 
face 1.0 332.0 255.0 344.0 268.0 
face 1.0 346.0 294.0 359.0 314.0 
face 1.0 322.0 201.0 331.0 213.0 
face 1.0 306.0 175.0 313.0 185.0 
face 1.0 315.0 192.0 321.0 201.0 
face 1.0 303.0 171.0 311.0 179.0 
face 1.0 360.0 175.0 365.0 183.0 
face 1.0 490.0 177.0 499.0 186.0 
face 1.0 518.0 182.0 524.0 192.0 
face 1.0 491.0 190.0 499.0 201.0 
face 1.0 473.0 193.0 484.0 203.0 
face 1.0 445.0 181.0 454.0 189.0 
face 1.0 418.0 178.0 427.0 189.0 
face 1.0 422.0 163.0 426.0 171.0 
face 1.0 382.0 180.0 391.0 189.0 
face 1.0 428.0 160.0 435.0 168.0 
face 1.0 461.0 165.0 467.0 171.0 
face 1.0 479.0 166.0 487.0 173.0 
face 1.0 475.0 171.0 483.0 181.0 
face 1.0 474.0 132.0 481.0 139.0 
face 1.0 496.0 129.0 503.0 137.0 
face 1.0 531.0 176.0 539.0 185.0 
face 1.0 558.0 172.0 565.0 179.0 
face 1.0 556.0 187.0 565.0 199.0 
face 1.0 545.0 220.0 553.0 233.0 
face 1.0 492.0 220.0 501.0 231.0 
face 1.0 420.0 235.0 428.0 250.0 
face 1.0 429.0 225.0 440.0 238.0 
face 1.0 438.0 218.0 447.0 232.0 
face 1.0 418.0 308.0 436.0 330.0 
face 1.0 433.0 324.0 446.0 343.0 
face 1.0 517.0 252.0 523.0 265.0 
face 1.0 571.0 235.0 581.0 250.0 
face 1.0 927.0 268.0 937.0 278.0 
face 1.0 559.0 300.0 575.0 318.0 
face 1.0 589.0 303.0 606.0 319.0 
face 1.0 565.0 325.0 577.0 343.0 
face 1.0 650.0 281.0 666.0 303.0 
face 1.0 641.0 217.0 650.0 228.0 
face 1.0 659.0 202.0 668.0 215.0 
face 1.0 611.0 184.0 618.0 193.0 
face 1.0 600.0 182.0 606.0 191.0 
face 1.0 566.0 138.0 572.0 147.0 
face 1.0 557.0 139.0 562.0 146.0 
face 1.0 645.0 141.0 652.0 150.0 
face 1.0 571.0 188.0 577.0 198.0 
face 1.0 629.0 164.0 637.0 172.0 
face 1.0 734.0 156.0 741.0 167.0 
face 1.0 762.0 150.0 769.0 156.0 
face 1.0 774.0 159.0 780.0 168.0 
face 1.0 760.0 169.0 767.0 179.0 
face 1.0 775.0 174.0 784.0 184.0 
face 1.0 789.0 160.0 794.0 169.0 
face 1.0 837.0 130.0 842.0 137.0 
face 1.0 819.0 138.0 823.0 144.0 
face 1.0 859.0 131.0 864.0 137.0 
face 1.0 862.0 159.0 868.0 168.0 
face 1.0 909.0 162.0 918.0 171.0 
face 1.0 876.0 227.0 888.0 241.0 
face 1.0 919.0 234.0 930.0 247.0 
face 1.0 822.0 260.0 832.0 271.0 
face 1.0 765.0 253.0 776.0 264.0 
face 1.0 727.0 205.0 736.0 216.0 
face 1.0 694.0 142.0 700.0 152.0 
face 1.0 735.0 250.0 748.0 270.0 
face 1.0 771.0 271.0 783.0 289.0 
face 1.0 721.0 295.0 737.0 318.0 
face 1.0 803.0 324.0 820.0 344.0 
face 1.0 850.0 287.0 863.0 307.0 
face 1.0 904.0 273.0 919.0 292.0 
face 1.0 913.0 258.0 927.0 274.0 
face 1.0 961.0 238.0 972.0 251.0 
face 1.0 1006.0 244.0 1018.0 259.0 
face 1.0 1013.0 267.0 1022.0 280.0 
face 1.0 998.0 160.0 1007.0 169.0 
face 1.0 1015.0 159.0 1022.0 167.0 
face 1.0 870.0 259.0 881.0 273.0 
face 1.0 803.0 351.0 821.0 375.0 
face 1.0 613.0 368.0 626.0 390.0 
face 1.0 426.0 355.0 439.0 376.0 
face 1.0 751.0 218.0 757.0 226.0 
face 1.0 999.0 395.0 1023.0 446.0 
face 1.0 835.0 347.0 848.0 374.0 
face 1.0 8.0 186.0 18.0 198.0 
face 1.0 587.0 135.0 591.0 139.0 
face 1.0 646.0 207.0 657.0 219.0 
face 1.0 542.0 253.0 552.0 264.0 
face 1.0 501.0 169.0 506.0 176.0 
