face 1.0 671.0 414.0 696.0 445.0 
face 1.0 641.0 398.0 663.0 425.0 
face 1.0 626.0 395.0 643.0 418.0 
face 1.0 608.0 413.0 629.0 443.0 
face 1.0 560.0 402.0 585.0 431.0 
face 1.0 542.0 388.0 564.0 411.0 
face 1.0 526.0 414.0 551.0 449.0 
face 1.0 488.0 401.0 509.0 429.0 
face 1.0 496.0 383.0 517.0 411.0 
face 1.0 461.0 397.0 479.0 423.0 
face 1.0 411.0 387.0 432.0 411.0 
face 1.0 442.0 414.0 467.0 445.0 
face 1.0 399.0 407.0 421.0 439.0 
face 1.0 357.0 394.0 376.0 416.0 
face 1.0 359.0 420.0 378.0 451.0 
face 1.0 324.0 427.0 359.0 467.0 
face 1.0 757.0 429.0 796.0 482.0 
face 1.0 743.0 396.0 766.0 423.0 
face 1.0 701.0 416.0 719.0 437.0 
face 1.0 811.0 385.0 836.0 409.0 
face 1.0 830.0 439.0 873.0 491.0 
face 1.0 793.0 413.0 810.0 436.0 
face 1.0 835.0 295.0 854.0 321.0 
face 1.0 236.0 408.0 263.0 440.0 
face 1.0 201.0 419.0 227.0 454.0 
face 1.0 77.0 460.0 114.0 491.0 
face 1.0 87.0 499.0 128.0 552.0 
face 1.0 0.0 462.0 35.0 510.0 
face 1.0 183.0 524.0 219.0 560.0 
face 1.0 183.0 574.0 241.0 647.0 
face 1.0 102.0 681.0 123.0 762.0 
