face 1.0 920.0 196.0 931.0 209.0 
face 1.0 926.0 221.0 942.0 237.0 
face 1.0 933.0 204.0 944.0 217.0 
face 1.0 926.0 209.0 940.0 221.0 
face 1.0 946.0 233.0 958.0 247.0 
face 1.0 955.0 256.0 968.0 273.0 
face 1.0 957.0 240.0 968.0 255.0 
face 1.0 865.0 242.0 883.0 261.0 
face 1.0 872.0 215.0 888.0 233.0 
face 1.0 876.0 203.0 890.0 216.0 
face 1.0 820.0 189.0 832.0 199.0 
face 1.0 824.0 209.0 837.0 228.0 
face 1.0 834.0 200.0 846.0 216.0 
face 1.0 792.0 197.0 801.0 206.0 
face 1.0 772.0 207.0 784.0 220.0 
face 1.0 802.0 237.0 821.0 256.0 
face 1.0 528.0 207.0 539.0 220.0 
face 1.0 592.0 232.0 604.0 246.0 
face 1.0 626.0 220.0 639.0 234.0 
face 1.0 674.0 205.0 684.0 218.0 
face 1.0 533.0 244.0 548.0 264.0 
face 1.0 551.0 234.0 567.0 254.0 
face 1.0 455.0 219.0 469.0 238.0 
face 1.0 435.0 216.0 450.0 236.0 
face 1.0 482.0 259.0 502.0 284.0 
face 1.0 469.0 246.0 484.0 263.0 
face 1.0 494.0 224.0 508.0 241.0 
face 1.0 514.0 208.0 526.0 225.0 
face 1.0 509.0 237.0 522.0 256.0 
face 1.0 352.0 236.0 372.0 257.0 
face 1.0 357.0 259.0 373.0 280.0 
face 1.0 398.0 255.0 413.0 274.0 
face 1.0 411.0 241.0 424.0 259.0 
face 1.0 399.0 276.0 419.0 300.0 
face 1.0 350.0 303.0 372.0 331.0 
face 1.0 303.0 259.0 319.0 281.0 
face 1.0 263.0 299.0 285.0 329.0 
face 1.0 129.0 54.0 146.0 87.0 
face 1.0 304.0 134.0 316.0 152.0 
face 1.0 377.0 153.0 386.0 163.0 
face 1.0 199.0 292.0 220.0 318.0 
face 1.0 119.0 295.0 142.0 321.0 
face 1.0 50.0 335.0 88.0 400.0 
face 1.0 801.0 265.0 823.0 293.0 
face 1.0 783.0 255.0 803.0 284.0 
face 1.0 785.0 207.0 795.0 222.0 
face 1.0 883.0 196.0 890.0 202.0 
face 1.0 971.0 290.0 999.0 321.0 
face 1.0 956.0 334.0 990.0 377.0 
face 1.0 852.0 297.0 878.0 331.0 
face 1.0 727.0 239.0 744.0 262.0 
face 1.0 751.0 220.0 767.0 239.0 
face 1.0 737.0 229.0 751.0 249.0 
face 1.0 736.0 289.0 764.0 321.0 
face 1.0 714.0 322.0 744.0 359.0 
face 1.0 688.0 262.0 706.0 285.0 
face 1.0 707.0 251.0 724.0 273.0 
face 1.0 639.0 287.0 662.0 315.0 
face 1.0 708.0 194.0 719.0 205.0 
face 1.0 693.0 195.0 703.0 206.0 
face 1.0 703.0 183.0 713.0 192.0 
face 1.0 668.0 196.0 677.0 205.0 
face 1.0 634.0 190.0 643.0 201.0 
face 1.0 643.0 194.0 654.0 209.0 
face 1.0 658.0 208.0 669.0 222.0 
face 1.0 613.0 201.0 625.0 214.0 
face 1.0 604.0 192.0 614.0 205.0 
face 1.0 587.0 195.0 599.0 208.0 
face 1.0 566.0 200.0 578.0 211.0 
face 1.0 569.0 214.0 581.0 227.0 
face 1.0 556.0 201.0 566.0 218.0 
face 1.0 545.0 224.0 557.0 238.0 
face 1.0 664.0 188.0 672.0 196.0 
