face 1.0 696.0 299.0 712.0 320.0 
face 1.0 685.0 284.0 699.0 304.0 
face 1.0 660.0 282.0 675.0 299.0 
face 1.0 649.0 277.0 660.0 293.0 
face 1.0 658.0 257.0 668.0 270.0 
face 1.0 630.0 262.0 640.0 275.0 
face 1.0 750.0 236.0 764.0 254.0 
face 1.0 730.0 275.0 744.0 291.0 
face 1.0 775.0 232.0 787.0 248.0 
face 1.0 763.0 224.0 773.0 235.0 
face 1.0 811.0 247.0 827.0 267.0 
face 1.0 821.0 358.0 848.0 393.0 
face 1.0 846.0 301.0 862.0 322.0 
face 1.0 877.0 289.0 890.0 304.0 
face 1.0 867.0 357.0 888.0 390.0 
face 1.0 584.0 251.0 592.0 263.0 
face 1.0 520.0 239.0 528.0 248.0 
face 1.0 552.0 231.0 562.0 241.0 
face 1.0 893.0 323.0 911.0 343.0 
face 1.0 888.0 305.0 910.0 330.0 
face 1.0 978.0 351.0 999.0 379.0 
face 1.0 1011.0 248.0 1024.0 268.0 
face 1.0 1005.0 228.0 1016.0 239.0 
face 1.0 961.0 248.0 974.0 263.0 
face 1.0 962.0 223.0 972.0 236.0 
face 1.0 918.0 228.0 927.0 239.0 
face 1.0 899.0 230.0 911.0 242.0 
face 1.0 879.0 250.0 888.0 259.0 
face 1.0 765.0 164.0 783.0 187.0 
face 1.0 454.0 242.0 464.0 253.0 
face 1.0 301.0 231.0 309.0 244.0 
face 1.0 328.0 272.0 341.0 286.0 
face 1.0 309.0 283.0 322.0 300.0 
face 1.0 348.0 262.0 356.0 274.0 
face 1.0 352.0 259.0 361.0 273.0 
face 1.0 381.0 251.0 390.0 261.0 
face 1.0 734.0 318.0 745.0 342.0 
face 1.0 707.0 313.0 723.0 337.0 
face 1.0 241.0 236.0 253.0 252.0 
face 1.0 282.0 289.0 294.0 305.0 
face 1.0 216.0 273.0 228.0 286.0 
face 1.0 254.0 304.0 269.0 321.0 
face 1.0 205.0 356.0 217.0 383.0 
face 1.0 127.0 364.0 162.0 402.0 
face 1.0 78.0 406.0 111.0 449.0 
face 1.0 55.0 251.0 83.0 286.0 
face 1.0 193.0 242.0 210.0 261.0 
face 1.0 380.0 226.0 386.0 234.0 
face 1.0 623.0 219.0 631.0 228.0 
face 1.0 644.0 251.0 653.0 260.0 
face 1.0 903.0 411.0 945.0 455.0 
face 1.0 151.0 296.0 165.0 316.0 
face 1.0 401.0 248.0 408.0 257.0 
face 1.0 355.0 220.0 360.0 227.0 
