face 1.0 615.0 466.0 639.0 499.0 
face 1.0 602.0 457.0 615.0 475.0 
face 1.0 667.0 446.0 680.0 466.0 
face 1.0 450.0 453.0 472.0 494.0 
face 1.0 378.0 468.0 396.0 498.0 
face 1.0 304.0 434.0 333.0 478.0 
face 1.0 783.0 465.0 792.0 474.0 
face 1.0 850.0 464.0 858.0 474.0 
face 1.0 928.0 454.0 934.0 469.0 
face 1.0 823.0 470.0 829.0 478.0 
face 1.0 807.0 467.0 816.0 477.0 
face 1.0 324.0 466.0 331.0 475.0 
face 1.0 1010.0 492.0 1022.0 506.0 
face 1.0 877.0 465.0 885.0 474.0 
face 1.0 901.0 445.0 916.0 459.0 
face 1.0 1001.0 453.0 1008.0 464.0 
face 1.0 683.0 368.0 701.0 381.0 
