face 1.0 735.0 101.0 745.0 114.0 
face 1.0 702.0 111.0 712.0 124.0 
face 1.0 832.0 87.0 858.0 125.0 
face 1.0 790.0 139.0 804.0 155.0 
face 1.0 774.0 145.0 787.0 163.0 
face 1.0 759.0 146.0 772.0 162.0 
face 1.0 746.0 146.0 754.0 158.0 
face 1.0 734.0 138.0 747.0 152.0 
face 1.0 715.0 170.0 739.0 203.0 
face 1.0 664.0 160.0 681.0 192.0 
face 1.0 655.0 166.0 670.0 192.0 
face 1.0 644.0 156.0 657.0 175.0 
face 1.0 616.0 148.0 630.0 166.0 
face 1.0 600.0 146.0 612.0 161.0 
face 1.0 661.0 130.0 670.0 140.0 
face 1.0 767.0 215.0 810.0 263.0 
face 1.0 801.0 178.0 827.0 213.0 
face 1.0 786.0 171.0 801.0 185.0 
face 1.0 832.0 220.0 873.0 264.0 
face 1.0 662.0 145.0 671.0 155.0 
face 1.0 651.0 142.0 660.0 151.0 
face 1.0 959.0 167.0 979.0 188.0 
face 1.0 911.0 165.0 927.0 182.0 
face 1.0 1008.0 167.0 1023.0 193.0 
face 1.0 433.0 102.0 441.0 113.0 
face 1.0 385.0 149.0 397.0 165.0 
face 1.0 452.0 148.0 466.0 163.0 
face 1.0 522.0 102.0 532.0 114.0 
face 1.0 575.0 109.0 586.0 120.0 
face 1.0 361.0 154.0 376.0 177.0 
face 1.0 297.0 167.0 315.0 196.0 
face 1.0 280.0 181.0 302.0 214.0 
face 1.0 159.0 208.0 190.0 254.0 
face 1.0 72.0 221.0 110.0 278.0 
face 1.0 31.0 269.0 81.0 327.0 
face 1.0 716.0 109.0 725.0 120.0 
face 1.0 940.0 250.0 998.0 325.0 
