face 1.0 823.0 343.0 852.0 386.0 
face 1.0 768.0 334.0 797.0 372.0 
face 1.0 737.0 331.0 766.0 371.0 
face 1.0 731.0 288.0 758.0 329.0 
face 1.0 648.0 293.0 676.0 326.0 
face 1.0 921.0 589.0 1024.0 683.0 
face 1.0 599.0 228.0 610.0 240.0 
face 1.0 559.0 228.0 566.0 241.0 
face 1.0 555.0 281.0 580.0 311.0 
face 1.0 462.0 277.0 486.0 308.0 
face 1.0 402.0 278.0 427.0 313.0 
face 1.0 373.0 311.0 405.0 351.0 
face 1.0 250.0 304.0 281.0 346.0 
face 1.0 200.0 485.0 269.0 555.0 
face 1.0 132.0 365.0 173.0 425.0 
face 1.0 416.0 351.0 449.0 399.0 
face 1.0 775.0 11.0 787.0 23.0 
face 1.0 670.0 11.0 681.0 25.0 
