face 1.0 65.0 367.0 84.0 388.0 
face 1.0 96.0 383.0 117.0 407.0 
face 1.0 160.0 370.0 174.0 389.0 
face 1.0 33.0 358.0 43.0 369.0 
face 1.0 46.0 358.0 55.0 368.0 
face 1.0 18.0 363.0 29.0 374.0 
face 1.0 43.0 386.0 55.0 399.0 
face 1.0 107.0 366.0 116.0 376.0 
face 1.0 138.0 365.0 146.0 374.0 
face 1.0 75.0 357.0 82.0 365.0 
face 1.0 0.0 369.0 13.0 384.0 
face 1.0 3.0 355.0 13.0 368.0 
face 1.0 213.0 358.0 221.0 367.0 
face 1.0 237.0 357.0 242.0 364.0 
face 1.0 253.0 364.0 263.0 376.0 
face 1.0 276.0 374.0 289.0 387.0 
face 1.0 194.0 387.0 224.0 421.0 
face 1.0 286.0 338.0 293.0 346.0 
face 1.0 396.0 391.0 412.0 413.0 
face 1.0 326.0 379.0 339.0 397.0 
face 1.0 337.0 367.0 345.0 379.0 
face 1.0 426.0 367.0 439.0 384.0 
face 1.0 375.0 357.0 380.0 365.0 
face 1.0 303.0 356.0 308.0 362.0 
face 1.0 500.0 365.0 508.0 374.0 
face 1.0 418.0 359.0 426.0 368.0 
face 1.0 439.0 366.0 446.0 376.0 
face 1.0 808.0 152.0 841.0 200.0 
face 1.0 226.0 354.0 232.0 361.0 
face 1.0 337.0 359.0 343.0 365.0 
