face 1.0 793.0 89.0 838.0 155.0 
face 1.0 654.0 204.0 675.0 231.0 
face 1.0 695.0 246.0 728.0 291.0 
face 1.0 775.0 250.0 801.0 281.0 
face 1.0 647.0 285.0 677.0 335.0 
face 1.0 570.0 212.0 592.0 236.0 
face 1.0 411.0 218.0 438.0 250.0 
face 1.0 498.0 214.0 521.0 242.0 
face 1.0 338.0 226.0 363.0 260.0 
face 1.0 356.0 223.0 374.0 245.0 
face 1.0 285.0 214.0 305.0 237.0 
face 1.0 216.0 270.0 244.0 302.0 
face 1.0 120.0 244.0 153.0 287.0 
face 1.0 188.0 211.0 210.0 240.0 
face 1.0 15.0 233.0 40.0 266.0 
face 1.0 167.0 77.0 185.0 104.0 
face 1.0 763.0 236.0 781.0 264.0 
