face 1.0 846.0 406.0 922.0 501.0 
face 1.0 827.0 317.0 878.0 382.0 
face 1.0 777.0 290.0 807.0 324.0 
face 1.0 734.0 296.0 765.0 325.0 
face 1.0 634.0 286.0 683.0 347.0 
face 1.0 663.0 459.0 737.0 547.0 
face 1.0 539.0 349.0 603.0 432.0 
face 1.0 519.0 474.0 548.0 532.0 
face 1.0 458.0 286.0 509.0 338.0 
face 1.0 353.0 398.0 397.0 462.0 
face 1.0 286.0 284.0 320.0 319.0 
face 1.0 174.0 308.0 215.0 361.0 
face 1.0 66.0 232.0 99.0 268.0 
face 1.0 12.0 251.0 57.0 302.0 
face 1.0 11.0 310.0 66.0 382.0 
face 1.0 422.0 127.0 458.0 172.0 
face 1.0 198.0 268.0 227.0 299.0 
