face 1.0 780.0 265.0 797.0 290.0 
face 1.0 182.0 233.0 191.0 243.0 
face 1.0 268.0 200.0 276.0 209.0 
face 1.0 526.0 221.0 534.0 232.0 
face 1.0 157.0 305.0 175.0 334.0 
face 1.0 167.0 233.0 177.0 247.0 
face 1.0 77.0 330.0 102.0 369.0 
face 1.0 806.0 277.0 823.0 300.0 
face 1.0 828.0 291.0 847.0 320.0 
face 1.0 761.0 261.0 769.0 277.0 
face 1.0 749.0 252.0 761.0 270.0 
face 1.0 727.0 249.0 739.0 267.0 
face 1.0 703.0 245.0 711.0 259.0 
face 1.0 691.0 245.0 701.0 258.0 
face 1.0 673.0 237.0 684.0 251.0 
face 1.0 654.0 237.0 664.0 250.0 
face 1.0 633.0 234.0 641.0 247.0 
face 1.0 612.0 229.0 620.0 239.0 
face 1.0 644.0 232.0 651.0 243.0 
face 1.0 973.0 434.0 981.0 443.0 
face 1.0 908.0 358.0 941.0 396.0 
face 1.0 863.0 318.0 878.0 345.0 
face 1.0 459.0 226.0 468.0 239.0 
face 1.0 444.0 231.0 453.0 243.0 
face 1.0 422.0 234.0 431.0 245.0 
face 1.0 403.0 238.0 411.0 249.0 
face 1.0 378.0 239.0 388.0 250.0 
face 1.0 348.0 242.0 359.0 256.0 
face 1.0 341.0 240.0 352.0 255.0 
face 1.0 309.0 251.0 322.0 269.0 
face 1.0 294.0 249.0 305.0 265.0 
face 1.0 271.0 253.0 284.0 273.0 
face 1.0 249.0 260.0 265.0 281.0 
face 1.0 219.0 272.0 237.0 297.0 
face 1.0 205.0 280.0 220.0 306.0 
face 1.0 178.0 281.0 198.0 311.0 
face 1.0 249.0 227.0 258.0 237.0 
