face 1.0 70.0 233.0 90.0 262.0 
face 1.0 96.0 260.0 115.0 282.0 
face 1.0 86.0 254.0 94.0 263.0 
face 1.0 108.0 236.0 128.0 258.0 
face 1.0 136.0 236.0 152.0 257.0 
face 1.0 148.0 251.0 164.0 273.0 
face 1.0 177.0 226.0 191.0 244.0 
face 1.0 176.0 259.0 197.0 285.0 
face 1.0 135.0 332.0 161.0 366.0 
face 1.0 63.0 318.0 90.0 351.0 
face 1.0 205.0 239.0 222.0 260.0 
face 1.0 215.0 227.0 233.0 251.0 
face 1.0 232.0 255.0 256.0 286.0 
face 1.0 249.0 233.0 263.0 251.0 
face 1.0 264.0 247.0 285.0 274.0 
face 1.0 282.0 230.0 299.0 253.0 
face 1.0 306.0 231.0 322.0 249.0 
face 1.0 317.0 220.0 330.0 239.0 
face 1.0 302.0 248.0 319.0 272.0 
face 1.0 306.0 264.0 326.0 291.0 
face 1.0 234.0 344.0 259.0 378.0 
face 1.0 296.0 347.0 318.0 376.0 
face 1.0 360.0 338.0 383.0 370.0 
face 1.0 441.0 327.0 464.0 358.0 
face 1.0 334.0 239.0 351.0 262.0 
face 1.0 331.0 258.0 348.0 285.0 
face 1.0 354.0 262.0 373.0 288.0 
face 1.0 362.0 232.0 378.0 252.0 
face 1.0 359.0 242.0 378.0 268.0 
face 1.0 386.0 227.0 404.0 252.0 
face 1.0 391.0 258.0 411.0 281.0 
face 1.0 413.0 244.0 430.0 266.0 
face 1.0 432.0 243.0 454.0 276.0 
face 1.0 479.0 213.0 499.0 238.0 
face 1.0 468.0 232.0 487.0 254.0 
face 1.0 460.0 249.0 479.0 276.0 
face 1.0 478.0 266.0 500.0 295.0 
face 1.0 521.0 259.0 537.0 284.0 
face 1.0 524.0 244.0 542.0 265.0 
face 1.0 522.0 222.0 540.0 242.0 
face 1.0 541.0 249.0 553.0 269.0 
face 1.0 559.0 238.0 580.0 268.0 
face 1.0 588.0 235.0 607.0 264.0 
face 1.0 614.0 232.0 633.0 260.0 
face 1.0 626.0 257.0 645.0 285.0 
face 1.0 519.0 348.0 539.0 374.0 
face 1.0 574.0 356.0 595.0 385.0 
face 1.0 634.0 243.0 648.0 264.0 
face 1.0 645.0 233.0 658.0 250.0 
face 1.0 661.0 243.0 672.0 255.0 
face 1.0 667.0 233.0 686.0 256.0 
face 1.0 654.0 258.0 673.0 283.0 
face 1.0 671.0 270.0 691.0 296.0 
face 1.0 701.0 230.0 715.0 249.0 
face 1.0 707.0 242.0 727.0 266.0 
face 1.0 736.0 229.0 754.0 254.0 
face 1.0 734.0 283.0 753.0 310.0 
face 1.0 952.0 264.0 971.0 287.0 
face 1.0 891.0 265.0 911.0 293.0 
face 1.0 845.0 246.0 866.0 274.0 
face 1.0 826.0 246.0 845.0 273.0 
face 1.0 801.0 241.0 819.0 265.0 
face 1.0 768.0 242.0 788.0 270.0 
face 1.0 672.0 355.0 693.0 383.0 
