face 1.0 302.0 373.0 327.0 400.0 
face 1.0 236.0 348.0 261.0 378.0 
face 1.0 168.0 358.0 190.0 384.0 
face 1.0 315.0 284.0 337.0 312.0 
face 1.0 393.0 405.0 415.0 433.0 
face 1.0 256.0 226.0 273.0 246.0 
face 1.0 305.0 206.0 324.0 230.0 
face 1.0 361.0 230.0 378.0 250.0 
face 1.0 149.0 217.0 168.0 241.0 
face 1.0 205.0 205.0 222.0 228.0 
face 1.0 93.0 226.0 112.0 250.0 
face 1.0 26.0 209.0 49.0 235.0 
face 1.0 90.0 188.0 108.0 208.0 
face 1.0 102.0 172.0 121.0 193.0 
face 1.0 121.0 141.0 138.0 161.0 
face 1.0 154.0 170.0 169.0 191.0 
face 1.0 134.0 194.0 151.0 214.0 
face 1.0 187.0 187.0 204.0 209.0 
face 1.0 205.0 166.0 221.0 187.0 
face 1.0 220.0 157.0 235.0 175.0 
face 1.0 657.0 309.0 677.0 333.0 
face 1.0 633.0 367.0 657.0 393.0 
face 1.0 558.0 369.0 583.0 397.0 
face 1.0 514.0 292.0 534.0 315.0 
face 1.0 470.0 376.0 494.0 410.0 
face 1.0 667.0 213.0 683.0 234.0 
face 1.0 404.0 260.0 427.0 292.0 
face 1.0 717.0 215.0 734.0 238.0 
face 1.0 619.0 219.0 637.0 239.0 
face 1.0 562.0 224.0 580.0 244.0 
face 1.0 509.0 214.0 527.0 236.0 
face 1.0 457.0 221.0 473.0 239.0 
face 1.0 407.0 222.0 425.0 244.0 
face 1.0 600.0 197.0 616.0 215.0 
face 1.0 620.0 172.0 633.0 188.0 
face 1.0 552.0 188.0 567.0 206.0 
face 1.0 576.0 174.0 591.0 192.0 
face 1.0 499.0 193.0 513.0 211.0 
face 1.0 521.0 178.0 536.0 193.0 
face 1.0 598.0 162.0 611.0 178.0 
face 1.0 576.0 144.0 589.0 157.0 
face 1.0 531.0 144.0 544.0 157.0 
face 1.0 550.0 160.0 563.0 176.0 
face 1.0 514.0 157.0 527.0 172.0 
face 1.0 494.0 169.0 507.0 185.0 
face 1.0 484.0 158.0 498.0 174.0 
face 1.0 503.0 147.0 516.0 160.0 
face 1.0 611.0 146.0 621.0 159.0 
face 1.0 375.0 79.0 387.0 95.0 
face 1.0 380.0 147.0 394.0 164.0 
face 1.0 359.0 139.0 373.0 155.0 
face 1.0 341.0 153.0 354.0 167.0 
face 1.0 326.0 143.0 338.0 157.0 
face 1.0 309.0 145.0 322.0 161.0 
face 1.0 305.0 163.0 321.0 181.0 
face 1.0 268.0 138.0 282.0 152.0 
face 1.0 270.0 160.0 283.0 175.0 
face 1.0 240.0 78.0 254.0 93.0 
face 1.0 283.0 90.0 295.0 104.0 
face 1.0 319.0 85.0 334.0 102.0 
face 1.0 267.0 68.0 278.0 83.0 
face 1.0 462.0 141.0 475.0 156.0 
face 1.0 449.0 160.0 464.0 176.0 
face 1.0 450.0 189.0 466.0 209.0 
face 1.0 403.0 191.0 419.0 210.0 
face 1.0 406.0 166.0 421.0 183.0 
face 1.0 355.0 192.0 373.0 211.0 
face 1.0 357.0 176.0 373.0 193.0 
face 1.0 427.0 145.0 439.0 159.0 
face 1.0 420.0 153.0 432.0 169.0 
face 1.0 311.0 185.0 325.0 202.0 
face 1.0 247.0 182.0 265.0 204.0 
face 1.0 253.0 167.0 269.0 188.0 
face 1.0 218.0 62.0 228.0 77.0 
face 1.0 191.0 72.0 204.0 89.0 
face 1.0 411.0 77.0 424.0 92.0 
face 1.0 295.0 35.0 309.0 53.0 
face 1.0 410.0 50.0 421.0 64.0 
face 1.0 388.0 47.0 400.0 62.0 
face 1.0 451.0 35.0 461.0 50.0 
face 1.0 651.0 109.0 661.0 126.0 
face 1.0 604.0 98.0 617.0 113.0 
face 1.0 558.0 96.0 569.0 111.0 
face 1.0 500.0 63.0 513.0 78.0 
face 1.0 514.0 91.0 526.0 105.0 
face 1.0 806.0 184.0 824.0 207.0 
face 1.0 697.0 190.0 712.0 207.0 
face 1.0 672.0 168.0 685.0 185.0 
face 1.0 648.0 190.0 664.0 206.0 
face 1.0 644.0 159.0 657.0 173.0 
face 1.0 176.0 151.0 190.0 169.0 
