face 1.0 111.0 411.0 126.0 430.0 
face 1.0 155.0 414.0 171.0 434.0 
face 1.0 202.0 409.0 218.0 430.0 
face 1.0 338.0 412.0 354.0 432.0 
face 1.0 294.0 405.0 309.0 428.0 
face 1.0 248.0 411.0 264.0 432.0 
face 1.0 394.0 412.0 409.0 432.0 
face 1.0 430.0 415.0 445.0 436.0 
face 1.0 483.0 396.0 500.0 418.0 
face 1.0 526.0 407.0 542.0 429.0 
face 1.0 565.0 406.0 580.0 425.0 
face 1.0 608.0 411.0 623.0 434.0 
face 1.0 655.0 418.0 671.0 440.0 
face 1.0 464.0 503.0 477.0 518.0 
face 1.0 700.0 416.0 716.0 437.0 
face 1.0 744.0 407.0 760.0 430.0 
face 1.0 782.0 410.0 798.0 432.0 
face 1.0 907.0 414.0 923.0 435.0 
face 1.0 870.0 423.0 885.0 440.0 
face 1.0 828.0 408.0 845.0 429.0 
face 1.0 308.0 478.0 322.0 494.0 
