face 1.0 484.0 445.0 498.0 460.0 
face 1.0 672.0 281.0 701.0 310.0 
face 1.0 721.0 249.0 750.0 280.0 
face 1.0 746.0 282.0 770.0 312.0 
face 1.0 802.0 386.0 831.0 414.0 
face 1.0 805.0 280.0 837.0 314.0 
face 1.0 888.0 243.0 919.0 274.0 
face 1.0 648.0 341.0 658.0 360.0 
face 1.0 662.0 348.0 675.0 364.0 
face 1.0 678.0 342.0 693.0 361.0 
face 1.0 789.0 355.0 804.0 375.0 
face 1.0 808.0 353.0 826.0 373.0 
face 1.0 828.0 346.0 848.0 371.0 
face 1.0 888.0 320.0 900.0 342.0 
face 1.0 902.0 317.0 917.0 341.0 
face 1.0 918.0 316.0 933.0 338.0 
