face 1.0 145.0 26.0 207.0 87.0 
face 1.0 492.0 573.0 560.0 642.0 
face 1.0 982.0 615.0 1017.0 648.0 
face 1.0 939.0 558.0 971.0 590.0 
face 1.0 882.0 535.0 914.0 567.0 
face 1.0 883.0 484.0 915.0 514.0 
face 1.0 826.0 423.0 856.0 455.0 
face 1.0 767.0 413.0 792.0 441.0 
face 1.0 743.0 363.0 770.0 394.0 
face 1.0 719.0 336.0 746.0 363.0 
face 1.0 623.0 380.0 662.0 424.0 
face 1.0 588.0 310.0 627.0 351.0 
face 1.0 554.0 255.0 592.0 297.0 
face 1.0 515.0 208.0 559.0 247.0 
face 1.0 455.0 202.0 497.0 242.0 
face 1.0 467.0 139.0 503.0 176.0 
face 1.0 346.0 290.0 392.0 337.0 
face 1.0 406.0 394.0 451.0 452.0 
