face 1.0 145.0 178.0 178.0 211.0 
face 1.0 256.0 118.0 293.0 159.0 
face 1.0 366.0 153.0 398.0 191.0 
face 1.0 263.0 241.0 300.0 277.0 
face 1.0 148.0 232.0 182.0 272.0 
face 1.0 583.0 142.0 612.0 182.0 
face 1.0 701.0 158.0 734.0 192.0 
face 1.0 786.0 120.0 818.0 167.0 
face 1.0 861.0 152.0 894.0 192.0 
face 1.0 852.0 247.0 888.0 285.0 
face 1.0 923.0 317.0 958.0 359.0 
face 1.0 742.0 321.0 777.0 359.0 
face 1.0 727.0 250.0 762.0 288.0 
face 1.0 701.0 204.0 733.0 249.0 
face 1.0 788.0 202.0 829.0 235.0 
face 1.0 581.0 214.0 614.0 246.0 
face 1.0 611.0 242.0 641.0 277.0 
face 1.0 581.0 251.0 616.0 297.0 
face 1.0 487.0 264.0 524.0 304.0 
face 1.0 526.0 218.0 561.0 254.0 
face 1.0 469.0 154.0 502.0 185.0 
face 1.0 673.0 282.0 706.0 309.0 
face 1.0 448.0 238.0 482.0 275.0 
face 1.0 398.0 252.0 429.0 291.0 
face 1.0 369.0 320.0 404.0 353.0 
face 1.0 364.0 260.0 398.0 299.0 
face 1.0 231.0 272.0 271.0 313.0 
face 1.0 258.0 312.0 295.0 357.0 
face 1.0 180.0 308.0 221.0 349.0 
face 1.0 86.0 301.0 119.0 341.0 
face 1.0 787.0 463.0 823.0 496.0 
face 1.0 721.0 457.0 756.0 490.0 
face 1.0 639.0 487.0 675.0 521.0 
face 1.0 542.0 484.0 580.0 523.0 
face 1.0 456.0 479.0 491.0 517.0 
face 1.0 318.0 459.0 354.0 498.0 
face 1.0 185.0 487.0 222.0 521.0 
