face 1.0 694.0 354.0 721.0 385.0 
face 1.0 652.0 324.0 677.0 353.0 
face 1.0 609.0 294.0 634.0 323.0 
face 1.0 635.0 269.0 658.0 293.0 
face 1.0 560.0 284.0 582.0 307.0 
face 1.0 565.0 326.0 589.0 353.0 
face 1.0 546.0 370.0 573.0 402.0 
face 1.0 517.0 341.0 543.0 369.0 
face 1.0 457.0 358.0 485.0 386.0 
face 1.0 437.0 335.0 460.0 361.0 
face 1.0 422.0 286.0 448.0 313.0 
face 1.0 469.0 284.0 491.0 307.0 
face 1.0 518.0 287.0 545.0 315.0 
face 1.0 393.0 346.0 419.0 373.0 
face 1.0 383.0 273.0 405.0 298.0 
face 1.0 351.0 297.0 373.0 322.0 
face 1.0 291.0 265.0 313.0 290.0 
face 1.0 287.0 310.0 306.0 335.0 
face 1.0 213.0 299.0 239.0 328.0 
face 1.0 199.0 262.0 223.0 287.0 
face 1.0 202.0 343.0 228.0 370.0 
face 1.0 258.0 367.0 286.0 400.0 
face 1.0 322.0 366.0 350.0 398.0 
face 1.0 626.0 358.0 651.0 389.0 
