face 1.0 885.0 295.0 932.0 344.0 
face 1.0 793.0 288.0 836.0 335.0 
face 1.0 722.0 298.0 763.0 343.0 
face 1.0 684.0 235.0 726.0 275.0 
face 1.0 820.0 248.0 858.0 294.0 
face 1.0 602.0 267.0 639.0 310.0 
face 1.0 492.0 254.0 535.0 301.0 
face 1.0 504.0 394.0 549.0 443.0 
face 1.0 358.0 405.0 404.0 454.0 
face 1.0 372.0 302.0 410.0 349.0 
face 1.0 398.0 230.0 432.0 274.0 
face 1.0 301.0 233.0 339.0 274.0 
face 1.0 186.0 229.0 229.0 279.0 
face 1.0 112.0 230.0 154.0 278.0 
face 1.0 263.0 297.0 304.0 342.0 
face 1.0 653.0 400.0 699.0 451.0 
