face 1.0 404.0 200.0 426.0 227.0 
face 1.0 341.0 214.0 371.0 252.0 
face 1.0 328.0 199.0 345.0 220.0 
face 1.0 222.0 232.0 265.0 282.0 
face 1.0 186.0 209.0 221.0 248.0 
face 1.0 99.0 237.0 146.0 283.0 
face 1.0 384.0 279.0 418.0 322.0 
face 1.0 475.0 268.0 506.0 309.0 
face 1.0 451.0 223.0 479.0 260.0 
face 1.0 488.0 206.0 509.0 233.0 
face 1.0 546.0 208.0 566.0 231.0 
face 1.0 565.0 268.0 603.0 316.0 
face 1.0 544.0 246.0 570.0 281.0 
face 1.0 896.0 283.0 937.0 325.0 
face 1.0 777.0 294.0 810.0 329.0 
face 1.0 814.0 254.0 846.0 283.0 
face 1.0 742.0 253.0 774.0 286.0 
face 1.0 704.0 270.0 737.0 309.0 
face 1.0 683.0 215.0 708.0 245.0 
face 1.0 642.0 220.0 659.0 243.0 
face 1.0 615.0 233.0 642.0 269.0 
face 1.0 647.0 270.0 680.0 316.0 
