face 1.0 931.0 46.0 971.0 93.0 
face 1.0 846.0 72.0 890.0 121.0 
face 1.0 608.0 31.0 662.0 102.0 
face 1.0 686.0 0.0 708.0 31.0 
face 1.0 525.0 26.0 579.0 107.0 
face 1.0 477.0 0.0 519.0 48.0 
face 1.0 525.0 0.0 572.0 28.0 
face 1.0 325.0 111.0 382.0 191.0 
face 1.0 386.0 2.0 430.0 58.0 
face 1.0 359.0 2.0 392.0 44.0 
face 1.0 287.0 1.0 339.0 71.0 
face 1.0 135.0 0.0 182.0 60.0 
face 1.0 21.0 79.0 53.0 132.0 
face 1.0 36.0 0.0 87.0 56.0 
face 1.0 0.0 51.0 35.0 132.0 
face 1.0 86.0 0.0 124.0 41.0 
face 1.0 229.0 0.0 274.0 22.0 
