face 1.0 730.0 369.0 901.0 614.0 
face 1.0 811.0 219.0 871.0 295.0 
face 1.0 996.0 194.0 1016.0 216.0 
face 1.0 960.0 196.0 974.0 213.0 
face 1.0 916.0 206.0 930.0 219.0 
face 1.0 906.0 247.0 926.0 270.0 
face 1.0 958.0 248.0 971.0 263.0 
face 1.0 732.0 228.0 746.0 243.0 
face 1.0 759.0 213.0 772.0 224.0 
face 1.0 932.0 212.0 941.0 224.0 
face 1.0 562.0 276.0 597.0 304.0 
face 1.0 400.0 251.0 436.0 287.0 
face 1.0 302.0 245.0 335.0 289.0 
face 1.0 143.0 289.0 174.0 322.0 
face 1.0 209.0 272.0 229.0 294.0 
face 1.0 91.0 284.0 120.0 315.0 
face 1.0 107.0 240.0 132.0 270.0 
face 1.0 35.0 256.0 63.0 283.0 
face 1.0 7.0 262.0 30.0 287.0 
face 1.0 30.0 326.0 49.0 348.0 
face 1.0 11.0 298.0 34.0 317.0 
face 1.0 123.0 252.0 142.0 273.0 
face 1.0 144.0 264.0 159.0 281.0 
face 1.0 197.0 252.0 211.0 267.0 
face 1.0 200.0 296.0 211.0 317.0 
face 1.0 0.0 344.0 16.0 377.0 
face 1.0 895.0 215.0 908.0 232.0 
