face 1.0 816.0 301.0 874.0 368.0 
face 1.0 921.0 254.0 960.0 293.0 
face 1.0 991.0 157.0 1019.0 185.0 
face 1.0 830.0 227.0 856.0 257.0 
face 1.0 829.0 177.0 855.0 206.0 
face 1.0 0.0 79.0 27.0 108.0 
face 1.0 142.0 49.0 175.0 79.0 
face 1.0 526.0 278.0 562.0 333.0 
face 1.0 435.0 220.0 459.0 246.0 
face 1.0 393.0 180.0 412.0 201.0 
face 1.0 256.0 231.0 310.0 283.0 
face 1.0 362.0 76.0 380.0 97.0 
face 1.0 260.0 64.0 278.0 85.0 
face 1.0 703.0 145.0 724.0 169.0 
face 1.0 609.0 151.0 644.0 185.0 
face 1.0 667.0 196.0 693.0 225.0 
face 1.0 535.0 137.0 555.0 162.0 
face 1.0 481.0 64.0 502.0 85.0 
face 1.0 551.0 230.0 565.0 247.0 
face 1.0 572.0 223.0 594.0 251.0 
face 1.0 818.0 12.0 828.0 22.0 
face 1.0 759.0 140.0 776.0 158.0 
face 1.0 694.0 278.0 721.0 312.0 
face 1.0 210.0 307.0 237.0 336.0 
