face 1.0 217.0 212.0 253.0 250.0 
face 1.0 105.0 247.0 140.0 292.0 
face 1.0 305.0 244.0 334.0 280.0 
face 1.0 367.0 209.0 403.0 250.0 
face 1.0 809.0 398.0 850.0 442.0 
face 1.0 707.0 388.0 746.0 431.0 
face 1.0 913.0 323.0 951.0 367.0 
face 1.0 895.0 214.0 933.0 257.0 
face 1.0 853.0 231.0 888.0 272.0 
face 1.0 807.0 226.0 837.0 264.0 
face 1.0 757.0 214.0 791.0 255.0 
face 1.0 725.0 268.0 762.0 306.0 
face 1.0 702.0 194.0 734.0 233.0 
face 1.0 625.0 226.0 663.0 267.0 
face 1.0 570.0 228.0 605.0 267.0 
face 1.0 603.0 204.0 632.0 244.0 
face 1.0 486.0 197.0 519.0 238.0 
face 1.0 443.0 222.0 479.0 260.0 
face 1.0 458.0 330.0 495.0 376.0 
face 1.0 587.0 368.0 625.0 410.0 
face 1.0 341.0 360.0 384.0 411.0 
face 1.0 248.0 352.0 281.0 394.0 
face 1.0 154.0 351.0 197.0 396.0 
face 1.0 150.0 268.0 181.0 302.0 
face 1.0 240.0 94.0 267.0 117.0 
