face 1.0 247.0 285.0 278.0 321.0 
face 1.0 40.0 301.0 76.0 336.0 
face 1.0 117.0 313.0 130.0 328.0 
face 1.0 174.0 319.0 196.0 341.0 
face 1.0 157.0 309.0 168.0 323.0 
face 1.0 401.0 286.0 425.0 315.0 
face 1.0 285.0 302.0 295.0 314.0 
face 1.0 313.0 306.0 324.0 318.0 
face 1.0 326.0 328.0 345.0 352.0 
face 1.0 360.0 314.0 373.0 331.0 
face 1.0 342.0 411.0 370.0 448.0 
face 1.0 487.0 297.0 536.0 358.0 
face 1.0 633.0 297.0 657.0 330.0 
face 1.0 909.0 426.0 930.0 450.0 
face 1.0 906.0 328.0 918.0 343.0 
face 1.0 1002.0 292.0 1009.0 303.0 
