face 1.0 122.0 196.0 150.0 227.0 
face 1.0 166.0 182.0 202.0 223.0 
face 1.0 211.0 201.0 241.0 235.0 
face 1.0 290.0 170.0 314.0 203.0 
face 1.0 348.0 181.0 373.0 215.0 
face 1.0 362.0 170.0 384.0 193.0 
face 1.0 404.0 199.0 431.0 230.0 
face 1.0 402.0 171.0 426.0 199.0 
face 1.0 441.0 176.0 467.0 206.0 
face 1.0 478.0 158.0 502.0 184.0 
face 1.0 502.0 181.0 527.0 213.0 
face 1.0 523.0 188.0 546.0 218.0 
face 1.0 546.0 179.0 568.0 204.0 
face 1.0 554.0 212.0 579.0 240.0 
face 1.0 579.0 183.0 604.0 212.0 
face 1.0 512.0 290.0 541.0 323.0 
face 1.0 604.0 214.0 627.0 239.0 
face 1.0 632.0 159.0 659.0 189.0 
face 1.0 677.0 178.0 703.0 207.0 
face 1.0 713.0 157.0 735.0 182.0 
face 1.0 744.0 157.0 768.0 187.0 
face 1.0 582.0 280.0 612.0 312.0 
face 1.0 668.0 377.0 695.0 407.0 
face 1.0 668.0 296.0 694.0 325.0 
face 1.0 724.0 341.0 749.0 373.0 
face 1.0 795.0 165.0 819.0 187.0 
face 1.0 797.0 188.0 819.0 219.0 
face 1.0 844.0 168.0 870.0 201.0 
face 1.0 909.0 152.0 939.0 188.0 
face 1.0 739.0 428.0 760.0 452.0 
face 1.0 757.0 334.0 771.0 351.0 
face 1.0 784.0 320.0 807.0 345.0 
face 1.0 811.0 341.0 832.0 365.0 
face 1.0 862.0 340.0 886.0 371.0 
face 1.0 969.0 169.0 995.0 198.0 
face 1.0 1001.0 201.0 1023.0 233.0 
