face 1.0 144.0 81.0 164.0 109.0 
face 1.0 210.0 92.0 225.0 117.0 
face 1.0 217.0 63.0 235.0 84.0 
face 1.0 92.0 85.0 111.0 110.0 
face 1.0 32.0 88.0 50.0 113.0 
face 1.0 19.0 107.0 39.0 133.0 
face 1.0 8.0 159.0 27.0 185.0 
face 1.0 53.0 192.0 72.0 217.0 
face 1.0 63.0 155.0 83.0 182.0 
face 1.0 122.0 154.0 141.0 180.0 
face 1.0 111.0 184.0 129.0 209.0 
face 1.0 183.0 177.0 201.0 198.0 
face 1.0 172.0 185.0 186.0 207.0 
face 1.0 222.0 160.0 239.0 183.0 
face 1.0 233.0 196.0 252.0 222.0 
face 1.0 300.0 155.0 319.0 179.0 
face 1.0 247.0 135.0 262.0 154.0 
face 1.0 265.0 110.0 281.0 131.0 
face 1.0 305.0 130.0 323.0 149.0 
face 1.0 357.0 148.0 377.0 176.0 
face 1.0 365.0 116.0 383.0 143.0 
face 1.0 367.0 90.0 386.0 114.0 
face 1.0 328.0 60.0 347.0 83.0 
face 1.0 396.0 58.0 413.0 87.0 
face 1.0 401.0 20.0 418.0 47.0 
face 1.0 339.0 25.0 358.0 51.0 
face 1.0 365.0 2.0 383.0 24.0 
face 1.0 285.0 32.0 304.0 53.0 
face 1.0 296.0 0.0 311.0 10.0 
face 1.0 215.0 2.0 231.0 21.0 
face 1.0 190.0 0.0 207.0 18.0 
face 1.0 135.0 0.0 153.0 13.0 
face 1.0 173.0 25.0 185.0 38.0 
face 1.0 125.0 14.0 141.0 41.0 
face 1.0 56.0 33.0 75.0 53.0 
face 1.0 1.0 48.0 17.0 72.0 
face 1.0 0.0 29.0 12.0 42.0 
face 1.0 9.0 3.0 23.0 15.0 
face 1.0 62.0 0.0 83.0 15.0 
face 1.0 300.0 192.0 316.0 215.0 
face 1.0 356.0 195.0 377.0 213.0 
face 1.0 412.0 166.0 428.0 188.0 
face 1.0 387.0 205.0 403.0 224.0 
face 1.0 407.0 198.0 420.0 216.0 
face 1.0 263.0 256.0 280.0 274.0 
face 1.0 136.0 118.0 154.0 144.0 
face 1.0 36.0 218.0 56.0 241.0 
face 1.0 13.0 228.0 27.0 246.0 
face 1.0 718.0 31.0 737.0 56.0 
face 1.0 789.0 31.0 808.0 47.0 
face 1.0 824.0 71.0 843.0 90.0 
face 1.0 804.0 5.0 821.0 18.0 
face 1.0 743.0 4.0 760.0 18.0 
face 1.0 682.0 5.0 702.0 30.0 
face 1.0 626.0 4.0 645.0 26.0 
face 1.0 507.0 4.0 532.0 19.0 
face 1.0 455.0 5.0 475.0 26.0 
face 1.0 441.0 59.0 459.0 83.0 
face 1.0 459.0 57.0 475.0 73.0 
face 1.0 501.0 65.0 519.0 87.0 
face 1.0 553.0 71.0 570.0 88.0 
face 1.0 614.0 60.0 633.0 89.0 
face 1.0 664.0 60.0 681.0 85.0 
face 1.0 822.0 91.0 841.0 119.0 
face 1.0 772.0 130.0 791.0 152.0 
face 1.0 719.0 131.0 736.0 155.0 
face 1.0 654.0 113.0 675.0 141.0 
face 1.0 667.0 91.0 686.0 115.0 
face 1.0 698.0 150.0 714.0 176.0 
face 1.0 650.0 161.0 667.0 182.0 
face 1.0 595.0 137.0 614.0 152.0 
face 1.0 593.0 158.0 610.0 182.0 
face 1.0 532.0 168.0 551.0 189.0 
face 1.0 535.0 126.0 555.0 147.0 
face 1.0 549.0 92.0 566.0 116.0 
face 1.0 487.0 95.0 505.0 117.0 
face 1.0 484.0 116.0 504.0 137.0 
face 1.0 427.0 116.0 446.0 138.0 
face 1.0 422.0 95.0 439.0 116.0 
face 1.0 470.0 157.0 488.0 185.0 
face 1.0 461.0 189.0 479.0 214.0 
face 1.0 515.0 184.0 534.0 211.0 
face 1.0 570.0 221.0 588.0 243.0 
face 1.0 618.0 218.0 636.0 243.0 
face 1.0 755.0 176.0 775.0 202.0 
face 1.0 819.0 178.0 839.0 204.0 
face 1.0 688.0 188.0 709.0 211.0 
face 1.0 636.0 192.0 653.0 216.0 
face 1.0 571.0 201.0 587.0 222.0 
face 1.0 687.0 218.0 708.0 243.0 
face 1.0 736.0 232.0 753.0 252.0 
face 1.0 741.0 256.0 761.0 283.0 
face 1.0 800.0 231.0 817.0 253.0 
face 1.0 1004.0 85.0 1023.0 112.0 
face 1.0 1015.0 48.0 1024.0 74.0 
face 1.0 1016.0 1.0 1024.0 15.0 
face 1.0 967.0 28.0 984.0 56.0 
face 1.0 912.0 29.0 931.0 47.0 
face 1.0 927.0 1.0 943.0 18.0 
face 1.0 861.0 1.0 881.0 15.0 
face 1.0 853.0 22.0 871.0 48.0 
face 1.0 904.0 60.0 922.0 84.0 
face 1.0 890.0 88.0 907.0 114.0 
face 1.0 954.0 94.0 968.0 114.0 
face 1.0 957.0 67.0 974.0 87.0 
face 1.0 945.0 113.0 965.0 138.0 
face 1.0 881.0 117.0 902.0 141.0 
face 1.0 937.0 149.0 952.0 169.0 
face 1.0 981.0 151.0 997.0 176.0 
face 1.0 924.0 221.0 942.0 243.0 
face 1.0 847.0 222.0 867.0 247.0 
face 1.0 989.0 199.0 1009.0 219.0 
face 1.0 988.0 248.0 1008.0 271.0 
face 1.0 977.0 225.0 995.0 247.0 
face 1.0 925.0 243.0 945.0 269.0 
face 1.0 42.0 272.0 57.0 289.0 
face 1.0 77.0 294.0 95.0 312.0 
face 1.0 28.0 294.0 44.0 315.0 
face 1.0 136.0 279.0 154.0 304.0 
face 1.0 205.0 289.0 223.0 313.0 
face 1.0 180.0 316.0 199.0 342.0 
face 1.0 236.0 319.0 255.0 343.0 
face 1.0 225.0 347.0 247.0 371.0 
face 1.0 155.0 353.0 175.0 377.0 
face 1.0 117.0 317.0 133.0 339.0 
face 1.0 70.0 318.0 89.0 344.0 
face 1.0 100.0 354.0 118.0 382.0 
face 1.0 148.0 388.0 168.0 414.0 
face 1.0 37.0 350.0 57.0 377.0 
face 1.0 39.0 392.0 59.0 418.0 
face 1.0 43.0 423.0 64.0 449.0 
face 1.0 21.0 456.0 42.0 481.0 
face 1.0 78.0 494.0 95.0 515.0 
face 1.0 115.0 486.0 132.0 511.0 
face 1.0 169.0 537.0 189.0 562.0 
face 1.0 114.0 535.0 131.0 559.0 
face 1.0 48.0 528.0 69.0 551.0 
face 1.0 20.0 564.0 40.0 589.0 
face 1.0 85.0 573.0 103.0 598.0 
face 1.0 153.0 565.0 174.0 589.0 
face 1.0 222.0 527.0 242.0 554.0 
face 1.0 234.0 493.0 254.0 515.0 
face 1.0 242.0 452.0 262.0 477.0 
face 1.0 262.0 410.0 283.0 440.0 
face 1.0 281.0 388.0 301.0 412.0 
face 1.0 305.0 284.0 323.0 310.0 
face 1.0 355.0 278.0 375.0 303.0 
face 1.0 431.0 292.0 450.0 314.0 
face 1.0 491.0 294.0 509.0 312.0 
face 1.0 556.0 285.0 576.0 310.0 
face 1.0 615.0 286.0 633.0 308.0 
face 1.0 655.0 311.0 669.0 336.0 
face 1.0 597.0 319.0 616.0 339.0 
face 1.0 542.0 319.0 564.0 343.0 
face 1.0 476.0 325.0 494.0 343.0 
face 1.0 422.0 333.0 439.0 350.0 
face 1.0 480.0 344.0 496.0 374.0 
face 1.0 535.0 354.0 555.0 380.0 
face 1.0 596.0 349.0 616.0 376.0 
face 1.0 631.0 380.0 650.0 407.0 
face 1.0 623.0 427.0 641.0 452.0 
face 1.0 574.0 392.0 594.0 420.0 
face 1.0 522.0 390.0 542.0 415.0 
face 1.0 562.0 423.0 582.0 447.0 
face 1.0 613.0 458.0 633.0 483.0 
face 1.0 296.0 325.0 316.0 345.0 
face 1.0 358.0 325.0 378.0 345.0 
face 1.0 356.0 349.0 377.0 378.0 
face 1.0 411.0 348.0 431.0 376.0 
face 1.0 398.0 381.0 419.0 407.0 
face 1.0 381.0 416.0 401.0 445.0 
face 1.0 444.0 408.0 462.0 432.0 
face 1.0 466.0 385.0 484.0 412.0 
face 1.0 514.0 429.0 532.0 447.0 
face 1.0 510.0 456.0 528.0 483.0 
face 1.0 562.0 461.0 580.0 484.0 
face 1.0 614.0 495.0 634.0 523.0 
face 1.0 543.0 489.0 563.0 516.0 
face 1.0 499.0 496.0 519.0 517.0 
face 1.0 435.0 491.0 455.0 516.0 
face 1.0 433.0 461.0 453.0 481.0 
face 1.0 361.0 483.0 381.0 511.0 
face 1.0 463.0 532.0 483.0 556.0 
face 1.0 532.0 526.0 552.0 552.0 
face 1.0 600.0 529.0 622.0 555.0 
face 1.0 412.0 527.0 430.0 549.0 
face 1.0 294.0 494.0 314.0 519.0 
face 1.0 317.0 456.0 335.0 481.0 
face 1.0 320.0 427.0 338.0 447.0 
face 1.0 344.0 383.0 362.0 411.0 
face 1.0 220.0 382.0 239.0 410.0 
face 1.0 182.0 440.0 195.0 453.0 
face 1.0 219.0 568.0 239.0 594.0 
face 1.0 279.0 563.0 299.0 587.0 
face 1.0 323.0 538.0 343.0 560.0 
face 1.0 340.0 560.0 359.0 586.0 
face 1.0 350.0 554.0 367.0 574.0 
face 1.0 404.0 558.0 425.0 585.0 
face 1.0 464.0 562.0 485.0 590.0 
face 1.0 530.0 568.0 549.0 593.0 
face 1.0 588.0 565.0 608.0 589.0 
face 1.0 580.0 608.0 598.0 634.0 
face 1.0 522.0 611.0 542.0 633.0 
face 1.0 327.0 597.0 345.0 621.0 
face 1.0 275.0 601.0 294.0 622.0 
face 1.0 203.0 602.0 224.0 626.0 
face 1.0 250.0 632.0 272.0 658.0 
face 1.0 325.0 620.0 347.0 645.0 
face 1.0 382.0 613.0 402.0 635.0 
face 1.0 434.0 594.0 456.0 619.0 
face 1.0 512.0 628.0 533.0 654.0 
face 1.0 569.0 642.0 588.0 669.0 
face 1.0 632.0 610.0 655.0 633.0 
face 1.0 76.0 602.0 94.0 627.0 
face 1.0 144.0 599.0 165.0 627.0 
face 1.0 194.0 640.0 212.0 663.0 
face 1.0 172.0 666.0 193.0 692.0 
face 1.0 122.0 632.0 142.0 660.0 
face 1.0 62.0 637.0 83.0 664.0 
face 1.0 242.0 665.0 262.0 691.0 
face 1.0 375.0 658.0 397.0 686.0 
face 1.0 388.0 640.0 406.0 662.0 
face 1.0 443.0 649.0 463.0 672.0 
face 1.0 554.0 672.0 574.0 692.0 
face 1.0 632.0 640.0 653.0 669.0 
face 1.0 625.0 664.0 645.0 694.0 
face 1.0 114.0 678.0 133.0 697.0 
face 1.0 53.0 679.0 74.0 701.0 
face 1.0 25.0 605.0 43.0 633.0 
face 1.0 285.0 348.0 306.0 373.0 
face 1.0 960.0 353.0 981.0 376.0 
face 1.0 941.0 377.0 963.0 402.0 
face 1.0 898.0 363.0 918.0 390.0 
face 1.0 890.0 321.0 913.0 344.0 
face 1.0 902.0 291.0 919.0 312.0 
face 1.0 834.0 317.0 852.0 341.0 
face 1.0 830.0 351.0 850.0 376.0 
face 1.0 778.0 351.0 795.0 372.0 
face 1.0 773.0 322.0 790.0 345.0 
face 1.0 783.0 289.0 802.0 310.0 
face 1.0 838.0 286.0 857.0 307.0 
face 1.0 793.0 267.0 815.0 280.0 
face 1.0 708.0 286.0 725.0 309.0 
face 1.0 718.0 351.0 738.0 374.0 
face 1.0 760.0 377.0 782.0 407.0 
face 1.0 832.0 385.0 850.0 410.0 
face 1.0 873.0 425.0 897.0 453.0 
face 1.0 943.0 422.0 965.0 453.0 
face 1.0 1010.0 389.0 1024.0 415.0 
face 1.0 1005.0 462.0 1024.0 495.0 
face 1.0 1014.0 330.0 1024.0 349.0 
face 1.0 972.0 291.0 993.0 313.0 
face 1.0 951.0 318.0 970.0 343.0 
face 1.0 869.0 463.0 890.0 488.0 
face 1.0 936.0 469.0 959.0 495.0 
face 1.0 977.0 495.0 998.0 518.0 
face 1.0 975.0 524.0 997.0 552.0 
face 1.0 913.0 531.0 934.0 556.0 
face 1.0 919.0 499.0 941.0 529.0 
face 1.0 861.0 488.0 880.0 513.0 
face 1.0 809.0 456.0 829.0 482.0 
face 1.0 816.0 429.0 838.0 456.0 
face 1.0 761.0 418.0 783.0 448.0 
face 1.0 739.0 455.0 758.0 482.0 
face 1.0 687.0 456.0 705.0 479.0 
face 1.0 689.0 430.0 711.0 449.0 
face 1.0 700.0 390.0 721.0 415.0 
face 1.0 725.0 510.0 745.0 538.0 
face 1.0 746.0 497.0 767.0 520.0 
face 1.0 792.0 492.0 813.0 515.0 
face 1.0 678.0 491.0 700.0 518.0 
face 1.0 721.0 557.0 741.0 586.0 
face 1.0 780.0 532.0 801.0 552.0 
face 1.0 846.0 530.0 866.0 553.0 
face 1.0 904.0 557.0 927.0 587.0 
face 1.0 962.0 570.0 982.0 592.0 
face 1.0 950.0 615.0 971.0 640.0 
face 1.0 894.0 608.0 914.0 629.0 
face 1.0 895.0 636.0 915.0 661.0 
face 1.0 830.0 610.0 851.0 631.0 
face 1.0 843.0 556.0 862.0 582.0 
face 1.0 781.0 562.0 804.0 588.0 
face 1.0 770.0 609.0 790.0 629.0 
face 1.0 696.0 592.0 719.0 625.0 
face 1.0 763.0 641.0 783.0 664.0 
face 1.0 807.0 665.0 829.0 687.0 
face 1.0 828.0 646.0 849.0 664.0 
face 1.0 888.0 666.0 911.0 688.0 
face 1.0 751.0 664.0 774.0 689.0 
face 1.0 694.0 649.0 720.0 669.0 
face 1.0 685.0 671.0 704.0 695.0 
face 1.0 947.0 688.0 965.0 706.0 
face 1.0 1000.0 681.0 1013.0 703.0 
face 1.0 660.0 542.0 681.0 562.0 
face 1.0 647.0 558.0 670.0 589.0 
face 1.0 555.0 258.0 573.0 279.0 
face 1.0 615.0 260.0 633.0 276.0 
face 1.0 489.0 260.0 509.0 283.0 
face 1.0 322.0 252.0 340.0 274.0 
face 1.0 667.0 358.0 687.0 380.0 
face 1.0 1008.0 123.0 1024.0 145.0 
face 1.0 0.0 490.0 16.0 513.0 
face 1.0 306.0 94.0 324.0 118.0 
face 1.0 607.0 92.0 624.0 112.0 
face 1.0 507.0 659.0 527.0 683.0 
face 1.0 303.0 662.0 325.0 691.0 
face 1.0 0.0 637.0 18.0 663.0 
face 1.0 0.0 669.0 12.0 698.0 
face 1.0 0.0 187.0 10.0 208.0 
