face 1.0 234.0 203.0 269.0 255.0 
face 1.0 142.0 224.0 180.0 273.0 
face 1.0 116.0 195.0 150.0 236.0 
face 1.0 4.0 208.0 45.0 252.0 
face 1.0 207.0 213.0 231.0 245.0 
face 1.0 387.0 222.0 425.0 271.0 
face 1.0 329.0 219.0 366.0 266.0 
face 1.0 462.0 251.0 494.0 293.0 
face 1.0 589.0 230.0 616.0 265.0 
face 1.0 660.0 227.0 694.0 263.0 
face 1.0 555.0 236.0 587.0 278.0 
face 1.0 496.0 232.0 530.0 278.0 
face 1.0 496.0 176.0 526.0 210.0 
face 1.0 603.0 341.0 639.0 384.0 
face 1.0 578.0 405.0 621.0 459.0 
face 1.0 966.0 139.0 1000.0 188.0 
face 1.0 887.0 228.0 925.0 271.0 
face 1.0 761.0 185.0 792.0 221.0 
face 1.0 781.0 61.0 811.0 98.0 
face 1.0 705.0 203.0 741.0 244.0 
face 1.0 907.0 217.0 940.0 256.0 
face 1.0 810.0 230.0 845.0 262.0 
