face 1.0 68.0 157.0 99.0 196.0 
face 1.0 14.0 180.0 45.0 219.0 
face 1.0 113.0 173.0 140.0 210.0 
face 1.0 146.0 189.0 175.0 228.0 
face 1.0 163.0 147.0 190.0 180.0 
face 1.0 191.0 175.0 220.0 211.0 
face 1.0 223.0 203.0 251.0 241.0 
face 1.0 252.0 148.0 276.0 177.0 
face 1.0 282.0 171.0 306.0 199.0 
face 1.0 268.0 197.0 295.0 230.0 
face 1.0 326.0 155.0 351.0 191.0 
face 1.0 364.0 158.0 388.0 187.0 
face 1.0 401.0 143.0 426.0 181.0 
face 1.0 367.0 193.0 393.0 226.0 
face 1.0 296.0 270.0 323.0 305.0 
face 1.0 510.0 101.0 533.0 130.0 
face 1.0 575.0 111.0 596.0 140.0 
face 1.0 448.0 161.0 470.0 192.0 
face 1.0 496.0 166.0 519.0 196.0 
face 1.0 460.0 189.0 488.0 222.0 
face 1.0 515.0 194.0 540.0 226.0 
face 1.0 583.0 151.0 608.0 187.0 
face 1.0 559.0 196.0 585.0 230.0 
face 1.0 601.0 187.0 626.0 219.0 
face 1.0 624.0 205.0 650.0 235.0 
face 1.0 723.0 143.0 745.0 171.0 
face 1.0 762.0 156.0 787.0 185.0 
face 1.0 675.0 156.0 697.0 184.0 
face 1.0 719.0 177.0 742.0 207.0 
face 1.0 674.0 195.0 701.0 228.0 
face 1.0 696.0 219.0 724.0 253.0 
face 1.0 754.0 226.0 782.0 261.0 
face 1.0 979.0 310.0 990.0 326.0 
face 1.0 979.0 286.0 987.0 296.0 
face 1.0 971.0 339.0 1001.0 382.0 
face 1.0 899.0 195.0 928.0 227.0 
face 1.0 824.0 199.0 854.0 235.0 
face 1.0 860.0 323.0 891.0 365.0 
face 1.0 716.0 354.0 745.0 389.0 
face 1.0 658.0 368.0 684.0 404.0 
face 1.0 598.0 361.0 626.0 398.0 
face 1.0 530.0 345.0 558.0 379.0 
face 1.0 470.0 309.0 498.0 344.0 
face 1.0 340.0 314.0 367.0 344.0 
face 1.0 396.0 370.0 423.0 404.0 
face 1.0 447.0 394.0 478.0 431.0 
face 1.0 200.0 361.0 233.0 398.0 
face 1.0 309.0 381.0 338.0 418.0 
