face 1.0 136.0 11.0 188.0 63.0 
face 1.0 224.0 65.0 279.0 129.0 
face 1.0 296.0 8.0 341.0 63.0 
face 1.0 354.0 35.0 407.0 115.0 
face 1.0 439.0 69.0 490.0 136.0 
face 1.0 518.0 79.0 571.0 143.0 
face 1.0 216.0 239.0 276.0 312.0 
face 1.0 323.0 219.0 382.0 298.0 
face 1.0 437.0 229.0 497.0 311.0 
face 1.0 490.0 0.0 535.0 56.0 
face 1.0 583.0 26.0 621.0 79.0 
face 1.0 594.0 92.0 649.0 160.0 
face 1.0 651.0 68.0 694.0 117.0 
face 1.0 708.0 77.0 758.0 135.0 
face 1.0 848.0 88.0 909.0 157.0 
face 1.0 696.0 153.0 754.0 232.0 
face 1.0 569.0 201.0 629.0 278.0 
face 1.0 102.0 287.0 171.0 368.0 
face 1.0 666.0 267.0 734.0 342.0 
face 1.0 977.0 25.0 999.0 53.0 
face 1.0 0.0 69.0 32.0 137.0 
