face 1.0 987.0 290.0 1017.0 325.0 
face 1.0 965.0 253.0 988.0 285.0 
face 1.0 1001.0 248.0 1019.0 277.0 
face 1.0 926.0 242.0 954.0 277.0 
face 1.0 871.0 277.0 899.0 304.0 
face 1.0 825.0 280.0 849.0 309.0 
face 1.0 681.0 54.0 726.0 110.0 
face 1.0 522.0 256.0 561.0 304.0 
face 1.0 599.0 273.0 628.0 301.0 
face 1.0 670.0 262.0 691.0 290.0 
face 1.0 431.0 265.0 462.0 299.0 
face 1.0 466.0 261.0 491.0 289.0 
face 1.0 331.0 262.0 358.0 289.0 
face 1.0 213.0 0.0 271.0 46.0 
face 1.0 138.0 271.0 165.0 305.0 
face 1.0 103.0 208.0 123.0 238.0 
face 1.0 9.0 220.0 41.0 254.0 
