face 1.0 836.0 198.0 866.0 231.0 
face 1.0 808.0 263.0 843.0 297.0 
face 1.0 729.0 274.0 765.0 310.0 
face 1.0 730.0 187.0 760.0 223.0 
face 1.0 716.0 149.0 746.0 185.0 
face 1.0 634.0 153.0 668.0 188.0 
face 1.0 647.0 207.0 679.0 242.0 
face 1.0 693.0 219.0 725.0 255.0 
face 1.0 644.0 279.0 676.0 317.0 
face 1.0 590.0 281.0 631.0 333.0 
face 1.0 554.0 137.0 581.0 172.0 
face 1.0 564.0 186.0 593.0 220.0 
face 1.0 604.0 223.0 635.0 259.0 
face 1.0 549.0 283.0 581.0 322.0 
face 1.0 510.0 228.0 542.0 265.0 
face 1.0 484.0 203.0 517.0 237.0 
face 1.0 445.0 154.0 474.0 188.0 
face 1.0 472.0 126.0 500.0 159.0 
face 1.0 378.0 130.0 408.0 158.0 
face 1.0 396.0 184.0 425.0 220.0 
face 1.0 424.0 227.0 456.0 264.0 
face 1.0 388.0 245.0 425.0 285.0 
face 1.0 327.0 223.0 356.0 258.0 
face 1.0 299.0 183.0 327.0 220.0 
face 1.0 339.0 157.0 366.0 191.0 
face 1.0 480.0 275.0 510.0 316.0 
face 1.0 384.0 309.0 423.0 349.0 
face 1.0 297.0 260.0 331.0 298.0 
face 1.0 239.0 277.0 274.0 319.0 
face 1.0 239.0 183.0 269.0 217.0 
face 1.0 178.0 260.0 217.0 302.0 
