face 1.0 156.0 52.0 186.0 84.0 
face 1.0 267.0 106.0 298.0 143.0 
face 1.0 189.0 97.0 222.0 137.0 
face 1.0 227.0 44.0 255.0 74.0 
face 1.0 96.0 106.0 132.0 141.0 
face 1.0 137.0 175.0 173.0 217.0 
face 1.0 299.0 55.0 326.0 90.0 
face 1.0 27.0 182.0 69.0 226.0 
face 1.0 329.0 91.0 364.0 128.0 
face 1.0 430.0 191.0 466.0 233.0 
face 1.0 337.0 207.0 371.0 247.0 
face 1.0 242.0 197.0 276.0 239.0 
face 1.0 367.0 48.0 398.0 78.0 
face 1.0 409.0 77.0 442.0 114.0 
face 1.0 432.0 41.0 459.0 74.0 
face 1.0 490.0 74.0 524.0 114.0 
face 1.0 489.0 29.0 518.0 59.0 
face 1.0 557.0 44.0 586.0 73.0 
face 1.0 755.0 204.0 795.0 248.0 
face 1.0 724.0 103.0 757.0 141.0 
face 1.0 655.0 81.0 689.0 119.0 
face 1.0 645.0 207.0 679.0 247.0 
face 1.0 542.0 182.0 582.0 230.0 
face 1.0 574.0 81.0 610.0 119.0 
face 1.0 628.0 52.0 657.0 88.0 
face 1.0 867.0 201.0 905.0 244.0 
face 1.0 746.0 65.0 775.0 99.0 
face 1.0 687.0 68.0 717.0 97.0 
face 1.0 796.0 95.0 833.0 134.0 
face 1.0 827.0 66.0 857.0 98.0 
face 1.0 881.0 119.0 917.0 151.0 
face 1.0 884.0 73.0 913.0 103.0 
face 1.0 950.0 205.0 990.0 247.0 
