face 1.0 117.0 346.0 140.0 373.0 
face 1.0 116.0 423.0 144.0 459.0 
face 1.0 180.0 406.0 206.0 441.0 
face 1.0 156.0 339.0 179.0 368.0 
face 1.0 257.0 409.0 281.0 443.0 
face 1.0 334.0 379.0 358.0 410.0 
face 1.0 291.0 358.0 313.0 385.0 
face 1.0 321.0 351.0 340.0 372.0 
face 1.0 320.0 324.0 338.0 347.0 
face 1.0 264.0 336.0 284.0 366.0 
face 1.0 227.0 334.0 249.0 361.0 
face 1.0 186.0 339.0 209.0 369.0 
face 1.0 130.0 327.0 153.0 354.0 
face 1.0 190.0 317.0 212.0 341.0 
face 1.0 209.0 339.0 229.0 365.0 
face 1.0 247.0 335.0 265.0 361.0 
face 1.0 287.0 314.0 303.0 337.0 
face 1.0 346.0 310.0 365.0 332.0 
face 1.0 372.0 317.0 389.0 346.0 
face 1.0 367.0 359.0 392.0 392.0 
face 1.0 429.0 346.0 450.0 372.0 
face 1.0 496.0 380.0 526.0 417.0 
face 1.0 535.0 331.0 556.0 360.0 
face 1.0 481.0 330.0 501.0 359.0 
face 1.0 447.0 329.0 466.0 356.0 
face 1.0 505.0 316.0 524.0 343.0 
face 1.0 579.0 409.0 612.0 453.0 
face 1.0 600.0 301.0 627.0 337.0 
face 1.0 647.0 303.0 678.0 342.0 
face 1.0 681.0 274.0 708.0 311.0 
face 1.0 753.0 267.0 784.0 307.0 
face 1.0 791.0 256.0 821.0 295.0 
face 1.0 691.0 407.0 727.0 456.0 
face 1.0 807.0 387.0 845.0 436.0 
face 1.0 864.0 411.0 885.0 438.0 
face 1.0 883.0 420.0 903.0 445.0 
face 1.0 949.0 448.0 970.0 478.0 
face 1.0 926.0 408.0 948.0 435.0 
face 1.0 954.0 385.0 971.0 407.0 
face 1.0 896.0 351.0 915.0 372.0 
face 1.0 311.0 278.0 327.0 300.0 
face 1.0 355.0 278.0 370.0 300.0 
face 1.0 386.0 288.0 403.0 311.0 
face 1.0 405.0 296.0 422.0 317.0 
face 1.0 453.0 282.0 469.0 302.0 
face 1.0 413.0 266.0 428.0 285.0 
face 1.0 382.0 268.0 397.0 286.0 
face 1.0 397.0 257.0 411.0 275.0 
face 1.0 446.0 260.0 459.0 279.0 
face 1.0 420.0 240.0 432.0 257.0 
face 1.0 436.0 225.0 449.0 243.0 
face 1.0 456.0 214.0 469.0 230.0 
face 1.0 456.0 232.0 469.0 250.0 
face 1.0 476.0 240.0 489.0 258.0 
face 1.0 474.0 261.0 490.0 283.0 
face 1.0 498.0 271.0 516.0 293.0 
face 1.0 495.0 241.0 510.0 259.0 
face 1.0 480.0 218.0 494.0 237.0 
face 1.0 506.0 229.0 519.0 246.0 
face 1.0 536.0 253.0 551.0 275.0 
face 1.0 554.0 234.0 569.0 256.0 
face 1.0 525.0 233.0 539.0 249.0 
face 1.0 497.0 213.0 510.0 229.0 
face 1.0 520.0 208.0 531.0 224.0 
face 1.0 536.0 209.0 546.0 222.0 
face 1.0 536.0 220.0 546.0 233.0 
face 1.0 547.0 213.0 556.0 229.0 
face 1.0 555.0 210.0 567.0 227.0 
face 1.0 571.0 236.0 584.0 255.0 
face 1.0 389.0 314.0 405.0 339.0 
face 1.0 430.0 317.0 446.0 336.0 
face 1.0 490.0 304.0 509.0 327.0 
face 1.0 566.0 200.0 576.0 212.0 
face 1.0 576.0 202.0 586.0 216.0 
face 1.0 587.0 210.0 596.0 222.0 
face 1.0 580.0 218.0 593.0 237.0 
face 1.0 596.0 215.0 607.0 230.0 
face 1.0 612.0 219.0 624.0 234.0 
face 1.0 608.0 203.0 618.0 217.0 
face 1.0 594.0 188.0 605.0 202.0 
face 1.0 602.0 182.0 611.0 193.0 
face 1.0 611.0 183.0 622.0 197.0 
face 1.0 611.0 168.0 621.0 180.0 
face 1.0 657.0 183.0 670.0 198.0 
face 1.0 656.0 161.0 666.0 175.0 
face 1.0 670.0 166.0 680.0 180.0 
face 1.0 681.0 163.0 691.0 176.0 
face 1.0 693.0 170.0 703.0 183.0 
face 1.0 665.0 145.0 676.0 160.0 
face 1.0 679.0 147.0 688.0 160.0 
face 1.0 695.0 142.0 705.0 156.0 
face 1.0 706.0 145.0 715.0 159.0 
face 1.0 723.0 136.0 733.0 149.0 
face 1.0 729.0 146.0 738.0 160.0 
face 1.0 749.0 142.0 760.0 156.0 
face 1.0 752.0 131.0 761.0 142.0 
face 1.0 772.0 137.0 782.0 150.0 
face 1.0 797.0 135.0 808.0 148.0 
face 1.0 811.0 129.0 820.0 141.0 
face 1.0 826.0 125.0 837.0 138.0 
face 1.0 834.0 114.0 847.0 126.0 
face 1.0 834.0 94.0 845.0 108.0 
face 1.0 830.0 78.0 845.0 92.0 
face 1.0 836.0 60.0 848.0 75.0 
face 1.0 882.0 392.0 903.0 417.0 
