face 1.0 0.0 193.0 31.0 236.0 
face 1.0 86.0 160.0 132.0 224.0 
face 1.0 283.0 156.0 327.0 218.0 
face 1.0 261.0 208.0 303.0 291.0 
face 1.0 404.0 240.0 469.0 340.0 
face 1.0 487.0 214.0 507.0 244.0 
face 1.0 490.0 239.0 520.0 279.0 
face 1.0 401.0 210.0 428.0 243.0 
face 1.0 570.0 256.0 586.0 273.0 
face 1.0 596.0 246.0 618.0 276.0 
face 1.0 602.0 272.0 643.0 334.0 
face 1.0 723.0 244.0 743.0 270.0 
face 1.0 746.0 242.0 794.0 297.0 
face 1.0 801.0 228.0 868.0 328.0 
face 1.0 901.0 253.0 914.0 276.0 
face 1.0 918.0 260.0 931.0 280.0 
face 1.0 967.0 255.0 987.0 280.0 
face 1.0 1001.0 261.0 1023.0 292.0 
face 1.0 176.0 241.0 203.0 275.0 
face 1.0 153.0 204.0 170.0 228.0 
