face 1.0 62.0 285.0 85.0 312.0 
face 1.0 107.0 283.0 133.0 312.0 
face 1.0 170.0 287.0 195.0 314.0 
face 1.0 226.0 284.0 251.0 310.0 
face 1.0 287.0 296.0 311.0 320.0 
face 1.0 177.0 215.0 198.0 238.0 
face 1.0 235.0 223.0 255.0 248.0 
face 1.0 277.0 231.0 297.0 254.0 
face 1.0 330.0 230.0 349.0 253.0 
face 1.0 344.0 293.0 367.0 318.0 
face 1.0 405.0 312.0 428.0 337.0 
face 1.0 465.0 296.0 490.0 325.0 
face 1.0 518.0 297.0 542.0 325.0 
face 1.0 384.0 231.0 404.0 253.0 
face 1.0 440.0 228.0 462.0 254.0 
face 1.0 494.0 225.0 514.0 250.0 
face 1.0 555.0 231.0 577.0 254.0 
face 1.0 611.0 233.0 632.0 256.0 
face 1.0 653.0 230.0 675.0 257.0 
face 1.0 586.0 302.0 609.0 330.0 
face 1.0 646.0 301.0 670.0 330.0 
face 1.0 709.0 304.0 735.0 334.0 
face 1.0 781.0 306.0 807.0 334.0 
face 1.0 163.0 96.0 184.0 118.0 
face 1.0 211.0 54.0 229.0 76.0 
face 1.0 230.0 100.0 252.0 123.0 
face 1.0 252.0 80.0 271.0 101.0 
face 1.0 285.0 66.0 303.0 87.0 
face 1.0 295.0 104.0 315.0 127.0 
face 1.0 318.0 76.0 337.0 99.0 
face 1.0 346.0 57.0 364.0 80.0 
face 1.0 370.0 82.0 391.0 111.0 
face 1.0 389.0 70.0 407.0 94.0 
face 1.0 413.0 58.0 431.0 81.0 
face 1.0 435.0 87.0 455.0 111.0 
face 1.0 466.0 66.0 485.0 92.0 
face 1.0 499.0 93.0 521.0 116.0 
face 1.0 512.0 61.0 533.0 87.0 
face 1.0 539.0 69.0 560.0 93.0 
face 1.0 580.0 63.0 599.0 85.0 
face 1.0 581.0 100.0 602.0 127.0 
face 1.0 596.0 79.0 613.0 102.0 
face 1.0 622.0 94.0 643.0 116.0 
face 1.0 642.0 81.0 660.0 103.0 
face 1.0 659.0 75.0 676.0 96.0 
face 1.0 663.0 92.0 684.0 117.0 
face 1.0 689.0 79.0 708.0 101.0 
face 1.0 705.0 57.0 725.0 80.0 
face 1.0 716.0 92.0 737.0 113.0 
face 1.0 694.0 123.0 715.0 151.0 
face 1.0 718.0 122.0 742.0 150.0 
face 1.0 747.0 93.0 770.0 121.0 
face 1.0 742.0 71.0 763.0 95.0 
face 1.0 766.0 119.0 788.0 146.0 
face 1.0 789.0 95.0 809.0 119.0 
face 1.0 807.0 79.0 825.0 102.0 
face 1.0 805.0 117.0 828.0 142.0 
face 1.0 818.0 144.0 842.0 169.0 
face 1.0 831.0 101.0 852.0 125.0 
face 1.0 848.0 133.0 871.0 161.0 
face 1.0 877.0 137.0 900.0 160.0 
face 1.0 904.0 141.0 928.0 167.0 
face 1.0 931.0 153.0 962.0 186.0 
face 1.0 892.0 168.0 917.0 195.0 
face 1.0 849.0 193.0 876.0 220.0 
