face 1.0 156.0 1023.0 231.0 1079.0 
face 1.0 258.0 1008.0 305.0 1062.0 
face 1.0 421.0 988.0 485.0 1052.0 
face 1.0 535.0 995.0 584.0 1053.0 
face 1.0 649.0 988.0 710.0 1056.0 
face 1.0 399.0 165.0 466.0 240.0 
face 1.0 904.0 572.0 925.0 598.0 
face 1.0 961.0 570.0 981.0 596.0 
face 1.0 947.0 620.0 968.0 646.0 
face 1.0 1009.0 683.0 1023.0 707.0 
face 1.0 852.0 862.0 880.0 893.0 
face 1.0 754.0 866.0 783.0 895.0 
face 1.0 642.0 875.0 664.0 895.0 
face 1.0 803.0 773.0 824.0 799.0 
face 1.0 752.0 718.0 774.0 741.0 
face 1.0 706.0 666.0 726.0 695.0 
face 1.0 662.0 616.0 677.0 632.0 
face 1.0 592.0 614.0 613.0 635.0 
face 1.0 519.0 614.0 538.0 633.0 
face 1.0 622.0 659.0 644.0 686.0 
face 1.0 565.0 654.0 589.0 679.0 
face 1.0 483.0 658.0 506.0 678.0 
face 1.0 537.0 718.0 558.0 748.0 
face 1.0 602.0 718.0 627.0 746.0 
face 1.0 681.0 723.0 702.0 746.0 
face 1.0 727.0 759.0 755.0 788.0 
face 1.0 645.0 778.0 673.0 807.0 
face 1.0 565.0 771.0 591.0 798.0 
face 1.0 495.0 870.0 517.0 896.0 
face 1.0 395.0 766.0 418.0 794.0 
face 1.0 436.0 693.0 453.0 717.0 
face 1.0 360.0 648.0 380.0 673.0 
face 1.0 281.0 648.0 305.0 671.0 
face 1.0 327.0 765.0 348.0 790.0 
face 1.0 304.0 863.0 330.0 888.0 
face 1.0 164.0 768.0 190.0 796.0 
face 1.0 76.0 757.0 100.0 785.0 
face 1.0 89.0 636.0 113.0 664.0 
face 1.0 26.0 643.0 47.0 669.0 
face 1.0 130.0 531.0 148.0 552.0 
face 1.0 190.0 602.0 211.0 619.0 
face 1.0 161.0 480.0 180.0 504.0 
face 1.0 456.0 612.0 474.0 640.0 
face 1.0 560.0 901.0 580.0 922.0 
face 1.0 129.0 710.0 145.0 725.0 
face 1.0 55.0 742.0 71.0 768.0 
face 1.0 109.0 734.0 123.0 754.0 
face 1.0 98.0 689.0 120.0 713.0 
face 1.0 119.0 749.0 134.0 770.0 
face 1.0 71.0 714.0 81.0 730.0 
face 1.0 270.0 627.0 281.0 644.0 
face 1.0 213.0 693.0 226.0 707.0 
face 1.0 335.0 688.0 344.0 706.0 
