face 1.0 84.0 225.0 93.0 236.0 
face 1.0 100.0 227.0 108.0 237.0 
face 1.0 117.0 227.0 126.0 239.0 
face 1.0 139.0 225.0 146.0 234.0 
face 1.0 155.0 225.0 163.0 236.0 
face 1.0 175.0 223.0 184.0 235.0 
face 1.0 193.0 222.0 202.0 233.0 
face 1.0 78.0 243.0 88.0 255.0 
face 1.0 101.0 244.0 110.0 255.0 
face 1.0 117.0 245.0 126.0 257.0 
face 1.0 135.0 246.0 145.0 256.0 
face 1.0 155.0 243.0 165.0 256.0 
face 1.0 173.0 252.0 182.0 264.0 
face 1.0 185.0 250.0 194.0 260.0 
face 1.0 86.0 284.0 98.0 298.0 
face 1.0 103.0 283.0 113.0 294.0 
face 1.0 121.0 280.0 131.0 291.0 
face 1.0 134.0 275.0 144.0 289.0 
face 1.0 152.0 280.0 162.0 294.0 
face 1.0 174.0 276.0 183.0 287.0 
face 1.0 190.0 274.0 200.0 288.0 
face 1.0 61.0 271.0 70.0 283.0 
face 1.0 51.0 299.0 59.0 312.0 
face 1.0 75.0 303.0 86.0 317.0 
face 1.0 101.0 304.0 111.0 316.0 
face 1.0 130.0 303.0 140.0 315.0 
face 1.0 41.0 329.0 51.0 341.0 
face 1.0 54.0 330.0 65.0 343.0 
face 1.0 69.0 329.0 81.0 343.0 
face 1.0 93.0 328.0 105.0 344.0 
face 1.0 122.0 331.0 132.0 341.0 
face 1.0 27.0 367.0 38.0 378.0 
face 1.0 46.0 364.0 56.0 375.0 
face 1.0 66.0 366.0 75.0 376.0 
face 1.0 95.0 363.0 105.0 375.0 
face 1.0 30.0 391.0 39.0 404.0 
face 1.0 43.0 400.0 54.0 415.0 
face 1.0 80.0 392.0 92.0 406.0 
face 1.0 56.0 423.0 68.0 437.0 
face 1.0 86.0 426.0 98.0 441.0 
face 1.0 78.0 456.0 89.0 467.0 
face 1.0 121.0 453.0 132.0 465.0 
face 1.0 147.0 463.0 159.0 474.0 
face 1.0 111.0 421.0 124.0 435.0 
face 1.0 122.0 399.0 132.0 410.0 
face 1.0 108.0 397.0 117.0 408.0 
face 1.0 147.0 392.0 156.0 405.0 
face 1.0 157.0 396.0 169.0 409.0 
face 1.0 140.0 423.0 151.0 435.0 
face 1.0 169.0 425.0 181.0 436.0 
face 1.0 210.0 226.0 219.0 236.0 
face 1.0 231.0 222.0 240.0 234.0 
face 1.0 249.0 221.0 258.0 233.0 
face 1.0 266.0 219.0 276.0 232.0 
face 1.0 282.0 222.0 292.0 232.0 
face 1.0 201.0 248.0 209.0 258.0 
face 1.0 220.0 246.0 230.0 259.0 
face 1.0 239.0 247.0 248.0 259.0 
face 1.0 249.0 250.0 258.0 261.0 
face 1.0 211.0 276.0 221.0 285.0 
face 1.0 231.0 271.0 240.0 283.0 
face 1.0 248.0 270.0 259.0 282.0 
face 1.0 276.0 250.0 285.0 262.0 
face 1.0 293.0 252.0 301.0 263.0 
face 1.0 271.0 272.0 282.0 286.0 
face 1.0 292.0 271.0 303.0 286.0 
face 1.0 155.0 303.0 163.0 314.0 
face 1.0 171.0 303.0 180.0 314.0 
face 1.0 201.0 303.0 210.0 314.0 
face 1.0 218.0 300.0 227.0 313.0 
face 1.0 235.0 300.0 244.0 312.0 
face 1.0 152.0 330.0 161.0 342.0 
face 1.0 181.0 331.0 190.0 343.0 
face 1.0 210.0 328.0 220.0 340.0 
face 1.0 242.0 325.0 253.0 340.0 
face 1.0 112.0 357.0 122.0 371.0 
face 1.0 142.0 361.0 152.0 373.0 
face 1.0 166.0 358.0 175.0 371.0 
face 1.0 183.0 363.0 191.0 371.0 
face 1.0 203.0 356.0 214.0 371.0 
face 1.0 188.0 390.0 197.0 402.0 
face 1.0 198.0 396.0 209.0 411.0 
face 1.0 194.0 423.0 204.0 433.0 
face 1.0 222.0 422.0 233.0 436.0 
face 1.0 253.0 301.0 263.0 312.0 
face 1.0 273.0 297.0 282.0 310.0 
face 1.0 291.0 298.0 299.0 310.0 
face 1.0 306.0 299.0 315.0 309.0 
face 1.0 324.0 294.0 334.0 307.0 
face 1.0 269.0 324.0 280.0 338.0 
face 1.0 295.0 326.0 305.0 338.0 
face 1.0 335.0 323.0 346.0 337.0 
face 1.0 222.0 358.0 232.0 371.0 
face 1.0 239.0 358.0 249.0 370.0 
face 1.0 254.0 356.0 264.0 369.0 
face 1.0 267.0 357.0 278.0 369.0 
face 1.0 281.0 358.0 291.0 370.0 
face 1.0 304.0 357.0 317.0 367.0 
face 1.0 328.0 353.0 340.0 368.0 
face 1.0 226.0 387.0 238.0 400.0 
face 1.0 240.0 396.0 251.0 409.0 
face 1.0 259.0 387.0 268.0 397.0 
face 1.0 277.0 395.0 289.0 410.0 
face 1.0 249.0 421.0 260.0 433.0 
face 1.0 278.0 420.0 292.0 436.0 
face 1.0 313.0 399.0 323.0 413.0 
face 1.0 303.0 389.0 312.0 402.0 
face 1.0 338.0 386.0 348.0 397.0 
face 1.0 309.0 423.0 319.0 436.0 
face 1.0 337.0 428.0 347.0 440.0 
face 1.0 347.0 393.0 359.0 408.0 
face 1.0 368.0 389.0 380.0 400.0 
face 1.0 387.0 393.0 399.0 407.0 
face 1.0 395.0 419.0 407.0 433.0 
face 1.0 364.0 425.0 375.0 437.0 
face 1.0 337.0 456.0 347.0 467.0 
face 1.0 364.0 450.0 377.0 465.0 
face 1.0 406.0 449.0 418.0 465.0 
face 1.0 424.0 417.0 435.0 432.0 
face 1.0 412.0 387.0 421.0 399.0 
face 1.0 426.0 389.0 438.0 405.0 
face 1.0 450.0 384.0 460.0 397.0 
face 1.0 470.0 392.0 482.0 406.0 
face 1.0 451.0 424.0 461.0 436.0 
face 1.0 477.0 423.0 486.0 438.0 
face 1.0 442.0 452.0 453.0 464.0 
face 1.0 477.0 457.0 487.0 470.0 
face 1.0 187.0 461.0 197.0 473.0 
face 1.0 226.0 460.0 237.0 472.0 
face 1.0 259.0 456.0 268.0 467.0 
face 1.0 293.0 449.0 302.0 463.0 
face 1.0 301.0 225.0 311.0 236.0 
face 1.0 316.0 223.0 325.0 233.0 
face 1.0 336.0 223.0 345.0 233.0 
face 1.0 360.0 221.0 370.0 234.0 
face 1.0 377.0 221.0 386.0 233.0 
face 1.0 395.0 222.0 402.0 232.0 
face 1.0 308.0 250.0 318.0 261.0 
face 1.0 331.0 248.0 341.0 259.0 
face 1.0 356.0 247.0 366.0 258.0 
face 1.0 383.0 247.0 394.0 258.0 
face 1.0 308.0 272.0 319.0 286.0 
face 1.0 324.0 272.0 335.0 284.0 
face 1.0 345.0 271.0 356.0 283.0 
face 1.0 370.0 273.0 379.0 286.0 
face 1.0 390.0 272.0 399.0 285.0 
face 1.0 347.0 294.0 357.0 308.0 
face 1.0 362.0 293.0 373.0 308.0 
face 1.0 384.0 295.0 393.0 307.0 
face 1.0 355.0 326.0 366.0 339.0 
face 1.0 378.0 324.0 387.0 336.0 
face 1.0 395.0 324.0 405.0 335.0 
face 1.0 413.0 325.0 423.0 336.0 
face 1.0 433.0 324.0 442.0 337.0 
face 1.0 453.0 321.0 462.0 334.0 
face 1.0 351.0 354.0 361.0 367.0 
face 1.0 372.0 354.0 382.0 368.0 
face 1.0 392.0 354.0 401.0 365.0 
face 1.0 407.0 349.0 418.0 364.0 
face 1.0 428.0 360.0 438.0 373.0 
face 1.0 448.0 361.0 458.0 372.0 
face 1.0 467.0 356.0 478.0 368.0 
face 1.0 412.0 219.0 421.0 230.0 
face 1.0 429.0 218.0 436.0 229.0 
face 1.0 448.0 219.0 457.0 230.0 
face 1.0 466.0 218.0 475.0 230.0 
face 1.0 489.0 218.0 498.0 229.0 
face 1.0 507.0 216.0 515.0 228.0 
face 1.0 523.0 220.0 531.0 231.0 
face 1.0 540.0 219.0 549.0 230.0 
face 1.0 557.0 220.0 564.0 230.0 
face 1.0 571.0 221.0 580.0 232.0 
face 1.0 584.0 220.0 592.0 232.0 
face 1.0 410.0 248.0 421.0 259.0 
face 1.0 434.0 248.0 444.0 261.0 
face 1.0 456.0 240.0 466.0 254.0 
face 1.0 473.0 247.0 483.0 258.0 
face 1.0 493.0 240.0 502.0 250.0 
face 1.0 510.0 238.0 520.0 248.0 
face 1.0 532.0 240.0 540.0 250.0 
face 1.0 553.0 243.0 562.0 253.0 
face 1.0 574.0 244.0 582.0 254.0 
face 1.0 411.0 275.0 419.0 286.0 
face 1.0 427.0 272.0 437.0 283.0 
face 1.0 444.0 270.0 455.0 282.0 
face 1.0 465.0 271.0 473.0 280.0 
face 1.0 484.0 270.0 494.0 281.0 
face 1.0 501.0 267.0 510.0 277.0 
face 1.0 521.0 267.0 530.0 279.0 
face 1.0 538.0 267.0 547.0 280.0 
face 1.0 565.0 267.0 574.0 278.0 
face 1.0 410.0 294.0 419.0 305.0 
face 1.0 429.0 297.0 440.0 310.0 
face 1.0 450.0 293.0 461.0 306.0 
face 1.0 474.0 291.0 485.0 303.0 
face 1.0 496.0 302.0 508.0 315.0 
face 1.0 516.0 298.0 525.0 309.0 
face 1.0 532.0 297.0 541.0 308.0 
face 1.0 550.0 294.0 561.0 308.0 
face 1.0 573.0 299.0 582.0 311.0 
face 1.0 470.0 323.0 479.0 336.0 
face 1.0 488.0 319.0 499.0 332.0 
face 1.0 512.0 326.0 522.0 336.0 
face 1.0 528.0 324.0 538.0 336.0 
face 1.0 495.0 358.0 505.0 369.0 
face 1.0 530.0 349.0 539.0 358.0 
face 1.0 487.0 382.0 500.0 395.0 
face 1.0 507.0 394.0 519.0 406.0 
face 1.0 525.0 379.0 538.0 393.0 
face 1.0 549.0 328.0 558.0 338.0 
face 1.0 566.0 329.0 576.0 340.0 
face 1.0 553.0 349.0 563.0 360.0 
face 1.0 582.0 352.0 592.0 362.0 
face 1.0 563.0 384.0 575.0 396.0 
face 1.0 547.0 392.0 559.0 406.0 
face 1.0 509.0 414.0 521.0 426.0 
face 1.0 545.0 423.0 557.0 434.0 
face 1.0 512.0 454.0 523.0 468.0 
face 1.0 546.0 455.0 556.0 467.0 
face 1.0 580.0 451.0 591.0 465.0 
face 1.0 574.0 425.0 583.0 437.0 
face 1.0 584.0 393.0 597.0 408.0 
face 1.0 588.0 328.0 597.0 340.0 
face 1.0 609.0 325.0 619.0 338.0 
face 1.0 627.0 326.0 636.0 338.0 
face 1.0 632.0 347.0 643.0 362.0 
face 1.0 606.0 350.0 616.0 362.0 
face 1.0 608.0 377.0 619.0 389.0 
face 1.0 624.0 386.0 636.0 401.0 
face 1.0 640.0 379.0 650.0 391.0 
face 1.0 596.0 424.0 606.0 438.0 
face 1.0 621.0 420.0 630.0 433.0 
face 1.0 612.0 453.0 622.0 466.0 
face 1.0 649.0 422.0 658.0 434.0 
face 1.0 670.0 423.0 680.0 436.0 
face 1.0 693.0 420.0 704.0 436.0 
face 1.0 665.0 392.0 676.0 406.0 
face 1.0 678.0 387.0 687.0 400.0 
face 1.0 702.0 388.0 713.0 404.0 
face 1.0 652.0 350.0 662.0 363.0 
face 1.0 671.0 348.0 681.0 362.0 
face 1.0 692.0 350.0 704.0 362.0 
face 1.0 655.0 331.0 662.0 340.0 
face 1.0 670.0 328.0 681.0 339.0 
face 1.0 695.0 328.0 704.0 339.0 
face 1.0 597.0 297.0 606.0 309.0 
face 1.0 623.0 301.0 632.0 312.0 
face 1.0 638.0 299.0 647.0 312.0 
face 1.0 658.0 301.0 667.0 311.0 
face 1.0 686.0 303.0 696.0 316.0 
face 1.0 702.0 305.0 711.0 315.0 
face 1.0 654.0 456.0 666.0 469.0 
face 1.0 691.0 456.0 702.0 469.0 
face 1.0 721.0 453.0 732.0 464.0 
face 1.0 739.0 422.0 750.0 434.0 
face 1.0 764.0 426.0 776.0 440.0 
face 1.0 763.0 456.0 772.0 467.0 
face 1.0 784.0 421.0 794.0 432.0 
face 1.0 805.0 421.0 815.0 433.0 
face 1.0 795.0 452.0 805.0 463.0 
face 1.0 829.0 449.0 841.0 465.0 
face 1.0 855.0 455.0 866.0 470.0 
face 1.0 886.0 453.0 897.0 466.0 
face 1.0 825.0 417.0 835.0 430.0 
face 1.0 850.0 421.0 860.0 433.0 
face 1.0 876.0 418.0 888.0 432.0 
face 1.0 927.0 424.0 939.0 438.0 
face 1.0 958.0 447.0 970.0 463.0 
face 1.0 959.0 425.0 973.0 441.0 
face 1.0 918.0 453.0 927.0 465.0 
face 1.0 588.0 269.0 598.0 280.0 
face 1.0 593.0 241.0 603.0 253.0 
face 1.0 599.0 221.0 607.0 233.0 
face 1.0 619.0 220.0 627.0 230.0 
face 1.0 642.0 219.0 652.0 231.0 
face 1.0 619.0 243.0 628.0 256.0 
face 1.0 642.0 241.0 653.0 252.0 
face 1.0 664.0 244.0 673.0 255.0 
face 1.0 660.0 220.0 670.0 232.0 
face 1.0 679.0 222.0 689.0 234.0 
face 1.0 697.0 227.0 705.0 237.0 
face 1.0 679.0 246.0 688.0 257.0 
face 1.0 700.0 248.0 710.0 259.0 
face 1.0 695.0 269.0 704.0 280.0 
face 1.0 675.0 271.0 686.0 283.0 
face 1.0 608.0 271.0 617.0 282.0 
face 1.0 628.0 270.0 638.0 282.0 
face 1.0 647.0 271.0 658.0 284.0 
face 1.0 722.0 223.0 731.0 234.0 
face 1.0 745.0 224.0 753.0 235.0 
face 1.0 769.0 223.0 777.0 233.0 
face 1.0 786.0 225.0 794.0 235.0 
face 1.0 718.0 249.0 728.0 261.0 
face 1.0 734.0 245.0 743.0 256.0 
face 1.0 757.0 245.0 766.0 256.0 
face 1.0 774.0 245.0 783.0 256.0 
face 1.0 799.0 246.0 808.0 255.0 
face 1.0 804.0 230.0 811.0 240.0 
face 1.0 827.0 224.0 836.0 235.0 
face 1.0 852.0 227.0 861.0 237.0 
face 1.0 821.0 247.0 829.0 257.0 
face 1.0 839.0 252.0 847.0 263.0 
face 1.0 856.0 254.0 864.0 265.0 
face 1.0 874.0 255.0 883.0 265.0 
face 1.0 716.0 271.0 725.0 281.0 
face 1.0 736.0 275.0 746.0 285.0 
face 1.0 762.0 271.0 774.0 282.0 
face 1.0 790.0 275.0 797.0 284.0 
face 1.0 810.0 277.0 819.0 287.0 
face 1.0 827.0 276.0 837.0 289.0 
face 1.0 848.0 279.0 857.0 290.0 
face 1.0 868.0 280.0 877.0 290.0 
face 1.0 888.0 282.0 897.0 292.0 
face 1.0 886.0 300.0 896.0 312.0 
face 1.0 864.0 301.0 873.0 311.0 
face 1.0 843.0 300.0 852.0 309.0 
face 1.0 825.0 299.0 836.0 310.0 
face 1.0 803.0 300.0 813.0 310.0 
face 1.0 789.0 298.0 798.0 307.0 
face 1.0 766.0 297.0 776.0 308.0 
face 1.0 738.0 296.0 747.0 307.0 
face 1.0 719.0 306.0 728.0 317.0 
face 1.0 716.0 328.0 725.0 338.0 
face 1.0 730.0 328.0 739.0 338.0 
face 1.0 755.0 330.0 764.0 341.0 
face 1.0 771.0 329.0 780.0 341.0 
face 1.0 798.0 327.0 808.0 338.0 
face 1.0 822.0 328.0 831.0 339.0 
face 1.0 852.0 335.0 861.0 345.0 
face 1.0 880.0 334.0 889.0 344.0 
face 1.0 717.0 350.0 726.0 361.0 
face 1.0 743.0 353.0 754.0 366.0 
face 1.0 763.0 350.0 772.0 361.0 
face 1.0 779.0 354.0 789.0 366.0 
face 1.0 799.0 353.0 810.0 364.0 
face 1.0 822.0 356.0 833.0 368.0 
face 1.0 842.0 355.0 853.0 369.0 
face 1.0 865.0 360.0 875.0 371.0 
face 1.0 880.0 359.0 891.0 373.0 
face 1.0 716.0 388.0 726.0 400.0 
face 1.0 736.0 392.0 747.0 405.0 
face 1.0 749.0 382.0 758.0 394.0 
face 1.0 776.0 391.0 787.0 403.0 
face 1.0 791.0 387.0 802.0 399.0 
face 1.0 813.0 392.0 823.0 405.0 
face 1.0 825.0 390.0 834.0 402.0 
face 1.0 851.0 390.0 862.0 402.0 
face 1.0 864.0 389.0 874.0 401.0 
face 1.0 716.0 418.0 727.0 431.0 
face 1.0 879.0 230.0 886.0 239.0 
face 1.0 902.0 254.0 910.0 264.0 
face 1.0 917.0 274.0 926.0 284.0 
face 1.0 913.0 298.0 921.0 310.0 
face 1.0 904.0 331.0 913.0 342.0 
face 1.0 901.0 350.0 912.0 363.0 
face 1.0 944.0 352.0 953.0 363.0 
face 1.0 886.0 397.0 896.0 410.0 
face 1.0 901.0 395.0 912.0 407.0 
face 1.0 927.0 388.0 940.0 404.0 
face 1.0 82.0 363.0 92.0 376.0 
