face 1.0 822.0 75.0 882.0 137.0 
face 1.0 927.0 0.0 1003.0 53.0 
face 1.0 757.0 123.0 805.0 165.0 
face 1.0 659.0 117.0 721.0 178.0 
face 1.0 654.0 187.0 708.0 254.0 
face 1.0 521.0 238.0 576.0 309.0 
face 1.0 594.0 152.0 634.0 196.0 
face 1.0 525.0 157.0 565.0 213.0 
face 1.0 446.0 177.0 483.0 213.0 
face 1.0 416.0 260.0 468.0 329.0 
face 1.0 197.0 189.0 247.0 245.0 
face 1.0 297.0 155.0 337.0 197.0 
face 1.0 367.0 173.0 415.0 224.0 
face 1.0 110.0 154.0 159.0 205.0 
face 1.0 18.0 183.0 71.0 238.0 
face 1.0 182.0 150.0 224.0 193.0 
