face 1.0 176.0 411.0 208.0 440.0 
face 1.0 245.0 304.0 262.0 325.0 
face 1.0 282.0 319.0 299.0 338.0 
face 1.0 292.0 285.0 307.0 302.0 
face 1.0 403.0 295.0 415.0 306.0 
face 1.0 425.0 321.0 441.0 334.0 
face 1.0 354.0 362.0 383.0 390.0 
face 1.0 484.0 339.0 508.0 381.0 
face 1.0 472.0 299.0 489.0 319.0 
face 1.0 547.0 310.0 559.0 321.0 
face 1.0 580.0 314.0 598.0 336.0 
face 1.0 586.0 285.0 601.0 301.0 
face 1.0 669.0 278.0 680.0 295.0 
face 1.0 698.0 311.0 713.0 329.0 
face 1.0 739.0 277.0 749.0 291.0 
face 1.0 762.0 306.0 774.0 321.0 
face 1.0 841.0 355.0 867.0 380.0 
face 1.0 851.0 266.0 867.0 290.0 
face 1.0 883.0 279.0 897.0 296.0 
face 1.0 942.0 318.0 967.0 339.0 
face 1.0 729.0 383.0 749.0 399.0 
face 1.0 0.0 376.0 22.0 425.0 
