face 1.0 277.0 292.0 288.0 310.0 
face 1.0 425.0 314.0 470.0 377.0 
face 1.0 410.0 282.0 421.0 298.0 
face 1.0 433.0 277.0 442.0 288.0 
face 1.0 454.0 282.0 462.0 293.0 
face 1.0 503.0 303.0 519.0 324.0 
face 1.0 494.0 289.0 502.0 305.0 
face 1.0 485.0 270.0 494.0 282.0 
face 1.0 536.0 269.0 543.0 278.0 
face 1.0 538.0 296.0 552.0 313.0 
face 1.0 554.0 293.0 565.0 307.0 
face 1.0 578.0 276.0 588.0 289.0 
face 1.0 582.0 291.0 594.0 305.0 
face 1.0 613.0 293.0 627.0 311.0 
face 1.0 503.0 336.0 521.0 358.0 
face 1.0 473.0 264.0 479.0 272.0 
face 1.0 665.0 277.0 678.0 293.0 
face 1.0 504.0 269.0 514.0 280.0 
