face 1.0 118.0 333.0 141.0 362.0 
face 1.0 163.0 392.0 185.0 418.0 
face 1.0 230.0 356.0 251.0 381.0 
face 1.0 312.0 356.0 330.0 378.0 
face 1.0 374.0 357.0 392.0 377.0 
face 1.0 409.0 362.0 424.0 388.0 
face 1.0 478.0 367.0 494.0 389.0 
face 1.0 518.0 396.0 535.0 419.0 
face 1.0 356.0 404.0 374.0 428.0 
face 1.0 569.0 367.0 588.0 390.0 
face 1.0 637.0 345.0 654.0 368.0 
face 1.0 681.0 393.0 701.0 419.0 
face 1.0 729.0 353.0 749.0 377.0 
face 1.0 805.0 360.0 825.0 384.0 
face 1.0 867.0 407.0 890.0 437.0 
face 1.0 903.0 369.0 925.0 395.0 
