face 1.0 732.0 598.0 788.0 664.0 
face 1.0 902.0 191.0 952.0 242.0 
face 1.0 982.0 160.0 994.0 177.0 
face 1.0 967.0 179.0 981.0 197.0 
face 1.0 848.0 135.0 863.0 158.0 
face 1.0 806.0 164.0 821.0 187.0 
face 1.0 756.0 171.0 774.0 190.0 
face 1.0 975.0 162.0 990.0 180.0 
face 1.0 743.0 157.0 752.0 179.0 
face 1.0 715.0 155.0 729.0 175.0 
face 1.0 694.0 178.0 702.0 188.0 
face 1.0 654.0 160.0 670.0 178.0 
face 1.0 636.0 167.0 644.0 179.0 
face 1.0 511.0 192.0 516.0 199.0 
face 1.0 500.0 200.0 506.0 206.0 
face 1.0 492.0 204.0 497.0 209.0 
face 1.0 440.0 204.0 450.0 214.0 
face 1.0 383.0 161.0 391.0 180.0 
face 1.0 348.0 180.0 360.0 194.0 
face 1.0 357.0 229.0 374.0 255.0 
face 1.0 276.0 179.0 291.0 196.0 
face 1.0 293.0 166.0 308.0 186.0 
face 1.0 271.0 229.0 290.0 257.0 
face 1.0 256.0 224.0 280.0 246.0 
face 1.0 194.0 185.0 245.0 253.0 
face 1.0 67.0 205.0 92.0 233.0 
face 1.0 136.0 205.0 159.0 236.0 
face 1.0 47.0 185.0 53.0 197.0 
face 1.0 563.0 164.0 603.0 211.0 
face 1.0 772.0 176.0 783.0 188.0 
