face 1.0 104.0 150.0 147.0 201.0 
face 1.0 9.0 211.0 31.0 263.0 
face 1.0 311.0 188.0 353.0 241.0 
face 1.0 296.0 161.0 315.0 193.0 
face 1.0 321.0 122.0 334.0 150.0 
face 1.0 361.0 133.0 381.0 158.0 
face 1.0 399.0 152.0 422.0 179.0 
face 1.0 448.0 146.0 459.0 169.0 
face 1.0 406.0 205.0 430.0 247.0 
face 1.0 501.0 186.0 542.0 239.0 
face 1.0 509.0 128.0 528.0 153.0 
face 1.0 534.0 174.0 560.0 210.0 
face 1.0 638.0 143.0 665.0 172.0 
face 1.0 668.0 127.0 686.0 154.0 
face 1.0 739.0 130.0 760.0 159.0 
face 1.0 821.0 167.0 844.0 200.0 
face 1.0 923.0 181.0 940.0 211.0 
face 1.0 915.0 295.0 970.0 357.0 
face 1.0 646.0 209.0 678.0 280.0 
face 1.0 491.0 308.0 564.0 424.0 
face 1.0 773.0 187.0 807.0 233.0 
face 1.0 705.0 201.0 740.0 254.0 
