face 1.0 72.0 21.0 109.0 70.0 
face 1.0 168.0 36.0 201.0 83.0 
face 1.0 108.0 68.0 144.0 116.0 
face 1.0 128.0 121.0 171.0 182.0 
face 1.0 211.0 100.0 245.0 154.0 
face 1.0 233.0 78.0 269.0 124.0 
face 1.0 178.0 195.0 213.0 245.0 
face 1.0 259.0 147.0 299.0 201.0 
face 1.0 244.0 256.0 289.0 310.0 
face 1.0 302.0 133.0 338.0 181.0 
face 1.0 385.0 194.0 426.0 252.0 
face 1.0 462.0 230.0 493.0 279.0 
face 1.0 520.0 254.0 556.0 304.0 
face 1.0 516.0 59.0 544.0 102.0 
face 1.0 550.0 109.0 589.0 159.0 
face 1.0 612.0 94.0 653.0 153.0 
face 1.0 617.0 50.0 656.0 84.0 
face 1.0 665.0 56.0 700.0 108.0 
face 1.0 704.0 81.0 745.0 141.0 
face 1.0 791.0 75.0 829.0 130.0 
face 1.0 801.0 128.0 846.0 191.0 
face 1.0 905.0 110.0 948.0 164.0 
face 1.0 919.0 69.0 959.0 116.0 
