face 1.0 799.0 244.0 831.0 283.0 
face 1.0 732.0 223.0 767.0 259.0 
face 1.0 729.0 134.0 756.0 165.0 
face 1.0 664.0 122.0 695.0 158.0 
face 1.0 631.0 234.0 665.0 270.0 
face 1.0 637.0 180.0 665.0 213.0 
face 1.0 580.0 138.0 609.0 168.0 
face 1.0 614.0 113.0 641.0 144.0 
face 1.0 522.0 113.0 551.0 148.0 
face 1.0 533.0 169.0 568.0 203.0 
face 1.0 535.0 237.0 568.0 274.0 
face 1.0 481.0 120.0 511.0 157.0 
face 1.0 429.0 157.0 463.0 194.0 
face 1.0 425.0 249.0 458.0 289.0 
face 1.0 331.0 247.0 364.0 285.0 
face 1.0 358.0 157.0 389.0 191.0 
face 1.0 382.0 118.0 410.0 151.0 
face 1.0 416.0 100.0 445.0 131.0 
face 1.0 284.0 112.0 312.0 146.0 
face 1.0 294.0 171.0 325.0 204.0 
face 1.0 225.0 171.0 253.0 207.0 
face 1.0 188.0 103.0 222.0 142.0 
face 1.0 156.0 191.0 186.0 222.0 
face 1.0 157.0 246.0 187.0 284.0 
face 1.0 79.0 236.0 113.0 272.0 
face 1.0 241.0 238.0 273.0 275.0 
face 1.0 895.0 229.0 926.0 271.0 
face 1.0 869.0 173.0 900.0 208.0 
face 1.0 845.0 119.0 876.0 153.0 
face 1.0 791.0 109.0 820.0 140.0 
face 1.0 763.0 154.0 793.0 191.0 
