face 1.0 78.0 213.0 124.0 268.0 
face 1.0 160.0 203.0 197.0 250.0 
face 1.0 231.0 174.0 266.0 222.0 
face 1.0 301.0 203.0 334.0 243.0 
face 1.0 345.0 213.0 375.0 253.0 
face 1.0 410.0 209.0 441.0 241.0 
face 1.0 431.0 240.0 464.0 282.0 
face 1.0 466.0 203.0 495.0 237.0 
face 1.0 510.0 204.0 544.0 246.0 
face 1.0 549.0 192.0 576.0 231.0 
face 1.0 590.0 206.0 624.0 249.0 
face 1.0 618.0 182.0 645.0 214.0 
face 1.0 645.0 215.0 674.0 254.0 
face 1.0 701.0 193.0 731.0 235.0 
face 1.0 759.0 199.0 790.0 243.0 
face 1.0 838.0 192.0 874.0 239.0 
face 1.0 717.0 372.0 756.0 422.0 
face 1.0 637.0 312.0 671.0 357.0 
face 1.0 545.0 295.0 579.0 341.0 
face 1.0 469.0 381.0 503.0 422.0 
face 1.0 385.0 317.0 422.0 362.0 
face 1.0 297.0 326.0 333.0 369.0 
face 1.0 187.0 378.0 229.0 432.0 
