face 1.0 166.0 374.0 171.0 381.0 
face 1.0 461.0 357.0 470.0 376.0 
face 1.0 698.0 436.0 708.0 449.0 
face 1.0 675.0 399.0 682.0 410.0 
face 1.0 704.0 399.0 711.0 409.0 
face 1.0 620.0 394.0 629.0 407.0 
face 1.0 599.0 397.0 606.0 406.0 
face 1.0 633.0 400.0 639.0 409.0 
face 1.0 572.0 461.0 578.0 472.0 
face 1.0 823.0 395.0 831.0 407.0 
face 1.0 873.0 403.0 879.0 411.0 
face 1.0 905.0 408.0 912.0 418.0 
face 1.0 963.0 409.0 970.0 419.0 
face 1.0 957.0 396.0 966.0 407.0 
face 1.0 920.0 411.0 930.0 421.0 
