face 1.0 256.0 370.0 299.0 413.0 
face 1.0 134.0 226.0 177.0 269.0 
face 1.0 277.0 234.0 315.0 269.0 
face 1.0 306.0 205.0 336.0 239.0 
face 1.0 367.0 230.0 402.0 266.0 
face 1.0 473.0 187.0 501.0 216.0 
face 1.0 456.0 220.0 489.0 255.0 
face 1.0 405.0 213.0 435.0 247.0 
face 1.0 697.0 355.0 733.0 393.0 
face 1.0 574.0 272.0 606.0 308.0 
face 1.0 798.0 221.0 836.0 260.0 
face 1.0 732.0 216.0 766.0 251.0 
face 1.0 670.0 224.0 696.0 257.0 
face 1.0 628.0 213.0 657.0 247.0 
face 1.0 545.0 207.0 573.0 240.0 
face 1.0 912.0 212.0 947.0 249.0 
