face 1.0 848.0 236.0 867.0 259.0 
face 1.0 934.0 208.0 941.0 216.0 
face 1.0 724.0 231.0 739.0 253.0 
face 1.0 644.0 227.0 659.0 250.0 
face 1.0 649.0 223.0 672.0 251.0 
face 1.0 606.0 245.0 622.0 268.0 
face 1.0 579.0 234.0 605.0 266.0 
face 1.0 611.0 224.0 617.0 230.0 
face 1.0 488.0 247.0 517.0 278.0 
face 1.0 411.0 255.0 438.0 287.0 
face 1.0 354.0 289.0 384.0 320.0 
face 1.0 96.0 181.0 144.0 248.0 
face 1.0 187.0 259.0 220.0 285.0 
face 1.0 283.0 246.0 312.0 277.0 
face 1.0 0.0 319.0 17.0 351.0 
