face 1.0 387.0 504.0 486.0 601.0 
face 1.0 80.0 453.0 200.0 633.0 
face 1.0 164.0 239.0 168.0 244.0 
face 1.0 157.0 241.0 161.0 246.0 
face 1.0 142.0 240.0 147.0 246.0 
face 1.0 204.0 235.0 209.0 241.0 
face 1.0 233.0 237.0 238.0 242.0 
face 1.0 236.0 236.0 240.0 241.0 
face 1.0 256.0 237.0 262.0 243.0 
face 1.0 68.0 238.0 74.0 244.0 
face 1.0 282.0 235.0 287.0 242.0 
face 1.0 583.0 190.0 593.0 204.0 
face 1.0 620.0 203.0 638.0 222.0 
face 1.0 603.0 210.0 615.0 222.0 
face 1.0 634.0 193.0 643.0 205.0 
face 1.0 673.0 267.0 687.0 282.0 
face 1.0 545.0 224.0 558.0 240.0 
face 1.0 511.0 228.0 521.0 243.0 
face 1.0 421.0 239.0 435.0 255.0 
face 1.0 295.0 488.0 382.0 554.0 
face 1.0 222.0 494.0 296.0 533.0 
