face 1.0 137.0 322.0 177.0 374.0 
face 1.0 175.0 378.0 204.0 419.0 
face 1.0 75.0 412.0 109.0 456.0 
face 1.0 242.0 354.0 279.0 400.0 
face 1.0 360.0 282.0 393.0 328.0 
face 1.0 406.0 242.0 445.0 285.0 
face 1.0 306.0 197.0 348.0 246.0 
face 1.0 215.0 213.0 256.0 266.0 
face 1.0 409.0 364.0 453.0 425.0 
face 1.0 517.0 254.0 552.0 306.0 
face 1.0 613.0 198.0 652.0 244.0 
face 1.0 634.0 329.0 670.0 369.0 
face 1.0 737.0 346.0 769.0 380.0 
face 1.0 765.0 266.0 799.0 311.0 
face 1.0 855.0 203.0 895.0 256.0 
face 1.0 860.0 439.0 891.0 477.0 
face 1.0 808.0 427.0 839.0 468.0 
face 1.0 635.0 440.0 672.0 489.0 
face 1.0 520.0 393.0 553.0 429.0 
face 1.0 567.0 310.0 596.0 340.0 
