face 1.0 7.0 245.0 21.0 275.0 
face 1.0 28.0 203.0 53.0 236.0 
face 1.0 87.0 243.0 115.0 279.0 
face 1.0 118.0 200.0 140.0 232.0 
face 1.0 158.0 210.0 187.0 245.0 
face 1.0 206.0 196.0 231.0 227.0 
face 1.0 261.0 221.0 284.0 247.0 
face 1.0 211.0 269.0 242.0 302.0 
face 1.0 160.0 264.0 192.0 303.0 
face 1.0 41.0 263.0 72.0 306.0 
face 1.0 281.0 261.0 308.0 296.0 
face 1.0 295.0 227.0 322.0 262.0 
face 1.0 330.0 199.0 353.0 232.0 
face 1.0 355.0 228.0 383.0 263.0 
face 1.0 393.0 201.0 419.0 231.0 
face 1.0 409.0 235.0 436.0 271.0 
face 1.0 459.0 233.0 486.0 267.0 
face 1.0 458.0 206.0 480.0 238.0 
face 1.0 500.0 210.0 521.0 239.0 
face 1.0 243.0 401.0 274.0 443.0 
face 1.0 131.0 415.0 166.0 462.0 
face 1.0 20.0 435.0 54.0 480.0 
face 1.0 530.0 217.0 534.0 224.0 
face 1.0 559.0 206.0 582.0 234.0 
face 1.0 613.0 213.0 634.0 237.0 
face 1.0 637.0 227.0 660.0 256.0 
face 1.0 682.0 239.0 703.0 266.0 
face 1.0 689.0 219.0 710.0 245.0 
face 1.0 707.0 246.0 733.0 277.0 
face 1.0 730.0 233.0 753.0 264.0 
face 1.0 766.0 203.0 788.0 231.0 
face 1.0 781.0 239.0 800.0 263.0 
face 1.0 797.0 231.0 821.0 266.0 
face 1.0 764.0 261.0 786.0 287.0 
face 1.0 859.0 224.0 883.0 252.0 
face 1.0 860.0 249.0 888.0 285.0 
face 1.0 894.0 239.0 917.0 272.0 
face 1.0 944.0 218.0 948.0 225.0 
face 1.0 933.0 259.0 960.0 294.0 
face 1.0 971.0 389.0 1004.0 428.0 
face 1.0 873.0 389.0 903.0 423.0 
face 1.0 759.0 373.0 785.0 407.0 
face 1.0 680.0 322.0 706.0 356.0 
face 1.0 615.0 286.0 644.0 320.0 
face 1.0 606.0 323.0 632.0 357.0 
face 1.0 659.0 390.0 688.0 421.0 
face 1.0 590.0 424.0 619.0 458.0 
face 1.0 544.0 334.0 575.0 375.0 
face 1.0 564.0 320.0 584.0 352.0 
face 1.0 485.0 364.0 518.0 407.0 
face 1.0 388.0 433.0 429.0 476.0 
face 1.0 351.0 421.0 382.0 459.0 
