face 1.0 182.0 288.0 222.0 341.0 
face 1.0 302.0 299.0 336.0 343.0 
face 1.0 71.0 140.0 104.0 182.0 
face 1.0 132.0 107.0 165.0 153.0 
face 1.0 220.0 125.0 255.0 168.0 
face 1.0 282.0 116.0 314.0 156.0 
face 1.0 348.0 125.0 381.0 168.0 
face 1.0 406.0 101.0 438.0 143.0 
face 1.0 470.0 126.0 502.0 163.0 
face 1.0 523.0 99.0 552.0 136.0 
face 1.0 594.0 112.0 626.0 151.0 
face 1.0 640.0 112.0 671.0 155.0 
face 1.0 703.0 126.0 732.0 159.0 
face 1.0 838.0 166.0 866.0 207.0 
face 1.0 803.0 117.0 834.0 156.0 
face 1.0 931.0 132.0 962.0 173.0 
face 1.0 872.0 279.0 906.0 322.0 
face 1.0 770.0 279.0 802.0 327.0 
face 1.0 652.0 213.0 686.0 267.0 
face 1.0 419.0 221.0 454.0 270.0 
face 1.0 538.0 222.0 574.0 268.0 
