face 1.0 36.0 355.0 57.0 387.0 
face 1.0 30.0 339.0 47.0 367.0 
face 1.0 57.0 354.0 86.0 392.0 
face 1.0 115.0 350.0 140.0 377.0 
face 1.0 154.0 355.0 174.0 384.0 
face 1.0 177.0 371.0 200.0 403.0 
face 1.0 212.0 365.0 233.0 395.0 
face 1.0 206.0 346.0 225.0 374.0 
face 1.0 219.0 446.0 245.0 481.0 
face 1.0 262.0 356.0 285.0 386.0 
face 1.0 308.0 346.0 330.0 378.0 
face 1.0 295.0 476.0 323.0 511.0 
face 1.0 363.0 350.0 384.0 382.0 
face 1.0 391.0 360.0 410.0 386.0 
face 1.0 413.0 365.0 436.0 396.0 
face 1.0 444.0 360.0 463.0 387.0 
face 1.0 493.0 363.0 517.0 393.0 
face 1.0 453.0 498.0 479.0 535.0 
face 1.0 592.0 479.0 614.0 511.0 
face 1.0 655.0 474.0 681.0 510.0 
face 1.0 518.0 361.0 538.0 391.0 
face 1.0 559.0 363.0 585.0 398.0 
face 1.0 597.0 373.0 622.0 404.0 
face 1.0 623.0 341.0 647.0 372.0 
face 1.0 634.0 321.0 658.0 351.0 
face 1.0 658.0 340.0 684.0 369.0 
face 1.0 738.0 333.0 762.0 364.0 
face 1.0 773.0 333.0 796.0 367.0 
face 1.0 805.0 325.0 828.0 352.0 
face 1.0 801.0 362.0 826.0 399.0 
face 1.0 829.0 336.0 856.0 371.0 
face 1.0 878.0 321.0 904.0 354.0 
face 1.0 930.0 345.0 956.0 378.0 
face 1.0 959.0 352.0 984.0 384.0 
