face 1.0 171.0 218.0 230.0 284.0 
face 1.0 253.0 222.0 299.0 280.0 
face 1.0 396.0 212.0 444.0 280.0 
face 1.0 515.0 216.0 558.0 281.0 
face 1.0 571.0 186.0 610.0 236.0 
face 1.0 674.0 242.0 717.0 297.0 
face 1.0 751.0 239.0 790.0 288.0 
face 1.0 815.0 253.0 857.0 310.0 
face 1.0 919.0 250.0 964.0 303.0 
face 1.0 686.0 127.0 699.0 148.0 
face 1.0 696.0 98.0 701.0 108.0 
face 1.0 686.0 82.0 692.0 93.0 
face 1.0 672.0 78.0 678.0 88.0 
face 1.0 653.0 86.0 660.0 96.0 
face 1.0 639.0 79.0 645.0 90.0 
face 1.0 619.0 76.0 627.0 88.0 
face 1.0 598.0 113.0 605.0 125.0 
face 1.0 591.0 115.0 597.0 127.0 
face 1.0 605.0 81.0 613.0 89.0 
face 1.0 592.0 87.0 598.0 97.0 
face 1.0 572.0 82.0 580.0 94.0 
face 1.0 459.0 69.0 466.0 82.0 
face 1.0 447.0 69.0 452.0 81.0 
face 1.0 431.0 67.0 438.0 77.0 
face 1.0 413.0 65.0 422.0 74.0 
face 1.0 308.0 75.0 315.0 88.0 
face 1.0 517.0 69.0 523.0 78.0 
face 1.0 534.0 87.0 542.0 95.0 
face 1.0 397.0 65.0 406.0 75.0 
face 1.0 356.0 80.0 365.0 95.0 
face 1.0 313.0 104.0 322.0 117.0 
face 1.0 374.0 73.0 384.0 87.0 
face 1.0 618.0 99.0 625.0 109.0 
