face 1.0 682.0 451.0 697.0 473.0 
face 1.0 627.0 132.0 715.0 257.0 
face 1.0 846.0 283.0 863.0 300.0 
face 1.0 902.0 324.0 919.0 341.0 
face 1.0 806.0 409.0 829.0 434.0 
face 1.0 835.0 464.0 855.0 496.0 
face 1.0 299.0 144.0 474.0 392.0 
face 1.0 72.0 310.0 89.0 332.0 
face 1.0 132.0 311.0 149.0 329.0 
face 1.0 161.0 421.0 178.0 443.0 
face 1.0 161.0 492.0 176.0 506.0 
face 1.0 258.0 447.0 273.0 463.0 
face 1.0 235.0 474.0 257.0 503.0 
face 1.0 389.0 412.0 408.0 443.0 
face 1.0 604.0 410.0 623.0 433.0 
face 1.0 650.0 466.0 670.0 495.0 
