face 1.0 383.0 255.0 628.0 605.0 
face 1.0 23.0 461.0 42.0 485.0 
face 1.0 220.0 459.0 234.0 481.0 
face 1.0 173.0 421.0 190.0 449.0 
face 1.0 13.0 442.0 26.0 462.0 
face 1.0 285.0 403.0 320.0 452.0 
face 1.0 239.0 413.0 257.0 441.0 
face 1.0 124.0 87.0 140.0 104.0 
face 1.0 879.0 428.0 903.0 459.0 
face 1.0 882.0 332.0 899.0 352.0 
face 1.0 996.0 370.0 1014.0 392.0 
face 1.0 555.0 71.0 563.0 83.0 
face 1.0 575.0 74.0 584.0 84.0 
face 1.0 597.0 62.0 607.0 76.0 
face 1.0 627.0 42.0 638.0 54.0 
face 1.0 650.0 39.0 659.0 52.0 
face 1.0 678.0 29.0 690.0 41.0 
face 1.0 755.0 6.0 763.0 17.0 
