face 1.0 125.0 366.0 140.0 390.0 
face 1.0 189.0 353.0 204.0 377.0 
face 1.0 210.0 369.0 223.0 391.0 
face 1.0 220.0 149.0 232.0 165.0 
face 1.0 295.0 143.0 310.0 163.0 
face 1.0 296.0 360.0 312.0 382.0 
face 1.0 377.0 150.0 390.0 167.0 
face 1.0 463.0 141.0 476.0 159.0 
face 1.0 475.0 350.0 492.0 379.0 
face 1.0 578.0 340.0 591.0 368.0 
face 1.0 627.0 324.0 644.0 351.0 
face 1.0 660.0 336.0 674.0 358.0 
face 1.0 724.0 344.0 739.0 364.0 
face 1.0 815.0 316.0 837.0 348.0 
face 1.0 958.0 334.0 973.0 354.0 
