face 1.0 0.0 22.0 26.0 68.0 
face 1.0 118.0 0.0 155.0 19.0 
face 1.0 237.0 23.0 272.0 72.0 
face 1.0 0.0 135.0 16.0 172.0 
face 1.0 13.0 239.0 35.0 269.0 
face 1.0 120.0 270.0 178.0 333.0 
face 1.0 225.0 190.0 251.0 230.0 
face 1.0 267.0 190.0 319.0 260.0 
face 1.0 316.0 136.0 342.0 175.0 
face 1.0 325.0 30.0 357.0 71.0 
face 1.0 450.0 0.0 485.0 19.0 
face 1.0 568.0 23.0 606.0 74.0 
face 1.0 656.0 26.0 694.0 72.0 
face 1.0 645.0 148.0 674.0 185.0 
face 1.0 492.0 171.0 544.0 232.0 
face 1.0 547.0 199.0 579.0 243.0 
face 1.0 638.0 239.0 690.0 312.0 
face 1.0 742.0 286.0 820.0 381.0 
face 1.0 914.0 219.0 954.0 268.0 
face 1.0 946.0 16.0 994.0 74.0 
