face 1.0 960.0 264.0 985.0 294.0 
face 1.0 924.0 270.0 957.0 305.0 
face 1.0 864.0 265.0 888.0 291.0 
face 1.0 807.0 285.0 836.0 315.0 
face 1.0 773.0 268.0 799.0 297.0 
face 1.0 751.0 259.0 772.0 285.0 
face 1.0 703.0 277.0 733.0 312.0 
face 1.0 710.0 237.0 732.0 266.0 
face 1.0 742.0 223.0 761.0 244.0 
face 1.0 793.0 214.0 810.0 234.0 
face 1.0 886.0 238.0 906.0 260.0 
face 1.0 840.0 257.0 862.0 284.0 
face 1.0 1014.0 222.0 1024.0 244.0 
face 1.0 979.0 212.0 993.0 233.0 
face 1.0 977.0 187.0 986.0 199.0 
face 1.0 936.0 167.0 951.0 184.0 
face 1.0 890.0 172.0 907.0 193.0 
face 1.0 708.0 214.0 722.0 230.0 
face 1.0 670.0 268.0 695.0 296.0 
face 1.0 1012.0 242.0 1023.0 261.0 
face 1.0 864.0 197.0 875.0 211.0 
face 1.0 662.0 244.0 687.0 270.0 
face 1.0 663.0 185.0 678.0 202.0 
face 1.0 608.0 287.0 637.0 320.0 
face 1.0 579.0 264.0 607.0 292.0 
face 1.0 629.0 244.0 651.0 268.0 
face 1.0 610.0 238.0 628.0 259.0 
face 1.0 598.0 221.0 617.0 242.0 
face 1.0 625.0 211.0 640.0 227.0 
face 1.0 492.0 276.0 523.0 311.0 
face 1.0 469.0 241.0 495.0 270.0 
face 1.0 532.0 223.0 550.0 244.0 
face 1.0 574.0 204.0 589.0 222.0 
face 1.0 518.0 208.0 535.0 227.0 
face 1.0 496.0 186.0 507.0 200.0 
face 1.0 608.0 157.0 615.0 165.0 
face 1.0 598.0 154.0 605.0 164.0 
face 1.0 612.0 180.0 620.0 189.0 
face 1.0 633.0 191.0 644.0 206.0 
face 1.0 383.0 298.0 409.0 328.0 
face 1.0 408.0 230.0 427.0 259.0 
face 1.0 495.0 227.0 512.0 250.0 
face 1.0 276.0 276.0 309.0 310.0 
face 1.0 315.0 254.0 340.0 282.0 
face 1.0 409.0 188.0 418.0 200.0 
face 1.0 145.0 278.0 177.0 317.0 
face 1.0 19.0 287.0 53.0 322.0 
face 1.0 51.0 252.0 81.0 287.0 
face 1.0 92.0 256.0 119.0 286.0 
face 1.0 134.0 240.0 157.0 268.0 
face 1.0 189.0 266.0 214.0 296.0 
face 1.0 210.0 252.0 234.0 283.0 
face 1.0 260.0 240.0 287.0 269.0 
face 1.0 287.0 214.0 304.0 234.0 
face 1.0 322.0 199.0 335.0 216.0 
face 1.0 52.0 201.0 68.0 218.0 
face 1.0 27.0 210.0 41.0 227.0 
face 1.0 0.0 198.0 12.0 215.0 
face 1.0 102.0 167.0 118.0 187.0 
face 1.0 471.0 156.0 477.0 164.0 
face 1.0 266.0 196.0 281.0 216.0 
face 1.0 195.0 230.0 217.0 255.0 
face 1.0 815.0 186.0 823.0 198.0 
face 1.0 754.0 149.0 765.0 162.0 
face 1.0 835.0 200.0 847.0 210.0 
face 1.0 538.0 153.0 546.0 163.0 
face 1.0 526.0 152.0 534.0 161.0 
face 1.0 428.0 150.0 434.0 156.0 
face 1.0 505.0 148.0 512.0 158.0 
face 1.0 135.0 198.0 149.0 214.0 
face 1.0 193.0 183.0 202.0 195.0 
face 1.0 30.0 191.0 38.0 201.0 
face 1.0 339.0 245.0 359.0 265.0 
face 1.0 227.0 203.0 244.0 220.0 
face 1.0 357.0 209.0 372.0 224.0 
face 1.0 376.0 192.0 388.0 202.0 
face 1.0 618.0 200.0 628.0 216.0 
