face 1.0 371.0 738.0 377.0 745.0 
face 1.0 429.0 697.0 436.0 706.0 
face 1.0 530.0 702.0 537.0 710.0 
face 1.0 499.0 645.0 507.0 654.0 
face 1.0 515.0 623.0 521.0 630.0 
face 1.0 418.0 644.0 424.0 650.0 
face 1.0 412.0 647.0 417.0 653.0 
face 1.0 331.0 681.0 339.0 690.0 
face 1.0 419.0 622.0 426.0 630.0 
face 1.0 412.0 622.0 417.0 628.0 
face 1.0 351.0 608.0 357.0 615.0 
face 1.0 304.0 600.0 310.0 608.0 
face 1.0 246.0 563.0 253.0 570.0 
face 1.0 253.0 530.0 258.0 537.0 
face 1.0 314.0 537.0 320.0 544.0 
face 1.0 377.0 511.0 381.0 518.0 
face 1.0 376.0 559.0 382.0 566.0 
face 1.0 369.0 481.0 375.0 486.0 
face 1.0 330.0 504.0 335.0 509.0 
face 1.0 343.0 482.0 348.0 486.0 
face 1.0 350.0 484.0 355.0 490.0 
face 1.0 321.0 480.0 326.0 485.0 
face 1.0 250.0 445.0 255.0 450.0 
face 1.0 175.0 437.0 181.0 443.0 
face 1.0 211.0 435.0 216.0 440.0 
face 1.0 268.0 459.0 274.0 464.0 
face 1.0 292.0 469.0 297.0 478.0 
face 1.0 302.0 447.0 307.0 453.0 
face 1.0 291.0 448.0 295.0 454.0 
face 1.0 309.0 476.0 314.0 482.0 
face 1.0 314.0 471.0 318.0 477.0 
face 1.0 309.0 465.0 313.0 471.0 
face 1.0 312.0 466.0 316.0 472.0 
face 1.0 320.0 465.0 325.0 471.0 
face 1.0 365.0 426.0 369.0 431.0 
face 1.0 371.0 434.0 376.0 440.0 
face 1.0 327.0 412.0 332.0 417.0 
face 1.0 317.0 409.0 322.0 413.0 
face 1.0 322.0 407.0 326.0 411.0 
face 1.0 324.0 402.0 328.0 407.0 
face 1.0 343.0 399.0 347.0 403.0 
face 1.0 337.0 394.0 340.0 398.0 
face 1.0 315.0 392.0 319.0 396.0 
face 1.0 312.0 398.0 317.0 402.0 
face 1.0 289.0 339.0 293.0 343.0 
face 1.0 293.0 334.0 298.0 338.0 
face 1.0 246.0 337.0 250.0 342.0 
face 1.0 242.0 318.0 246.0 322.0 
face 1.0 254.0 412.0 259.0 417.0 
face 1.0 259.0 406.0 262.0 411.0 
face 1.0 209.0 394.0 214.0 398.0 
face 1.0 205.0 394.0 209.0 399.0 
face 1.0 155.0 382.0 160.0 388.0 
face 1.0 201.0 380.0 205.0 384.0 
face 1.0 239.0 377.0 243.0 381.0 
face 1.0 245.0 382.0 250.0 387.0 
face 1.0 250.0 393.0 254.0 398.0 
face 1.0 216.0 365.0 220.0 370.0 
face 1.0 219.0 361.0 224.0 367.0 
face 1.0 192.0 379.0 196.0 384.0 
face 1.0 196.0 370.0 201.0 375.0 
face 1.0 181.0 363.0 187.0 368.0 
face 1.0 212.0 353.0 216.0 358.0 
face 1.0 216.0 338.0 221.0 343.0 
face 1.0 216.0 330.0 219.0 334.0 
face 1.0 181.0 348.0 185.0 353.0 
face 1.0 175.0 342.0 181.0 347.0 
face 1.0 182.0 338.0 188.0 344.0 
face 1.0 533.0 533.0 539.0 542.0 
face 1.0 474.0 535.0 481.0 545.0 
