face 1.0 684.0 421.0 703.0 444.0 
face 1.0 622.0 349.0 626.0 355.0 
face 1.0 602.0 353.0 606.0 360.0 
face 1.0 577.0 350.0 584.0 357.0 
face 1.0 696.0 352.0 701.0 358.0 
face 1.0 714.0 351.0 719.0 357.0 
face 1.0 733.0 350.0 738.0 357.0 
face 1.0 723.0 348.0 728.0 354.0 
face 1.0 340.0 352.0 346.0 359.0 
face 1.0 390.0 352.0 395.0 358.0 
face 1.0 378.0 352.0 382.0 357.0 
face 1.0 355.0 349.0 359.0 355.0 
face 1.0 73.0 362.0 80.0 370.0 
face 1.0 91.0 361.0 96.0 367.0 
face 1.0 124.0 353.0 130.0 360.0 
face 1.0 52.0 365.0 58.0 372.0 
face 1.0 212.0 360.0 216.0 366.0 
face 1.0 639.0 66.0 652.0 82.0 
face 1.0 598.0 126.0 607.0 135.0 
face 1.0 952.0 341.0 961.0 352.0 
face 1.0 868.0 344.0 873.0 351.0 
face 1.0 149.0 350.0 156.0 363.0 
face 1.0 797.0 408.0 809.0 422.0 
