face 1.0 207.0 467.0 222.0 481.0 
face 1.0 171.0 418.0 184.0 433.0 
face 1.0 240.0 401.0 252.0 413.0 
face 1.0 303.0 283.0 315.0 297.0 
face 1.0 571.0 352.0 582.0 365.0 
face 1.0 628.0 286.0 637.0 295.0 
face 1.0 550.0 217.0 560.0 229.0 
face 1.0 486.0 227.0 496.0 236.0 
face 1.0 163.0 172.0 173.0 182.0 
face 1.0 106.0 192.0 114.0 198.0 
face 1.0 441.0 171.0 449.0 182.0 
face 1.0 378.0 185.0 385.0 193.0 
face 1.0 411.0 165.0 420.0 176.0 
face 1.0 359.0 122.0 368.0 131.0 
face 1.0 296.0 134.0 305.0 142.0 
face 1.0 946.0 346.0 959.0 361.0 
face 1.0 889.0 223.0 900.0 236.0 
face 1.0 843.0 227.0 854.0 240.0 
face 1.0 826.0 134.0 838.0 149.0 
face 1.0 681.0 92.0 689.0 103.0 
face 1.0 629.0 100.0 641.0 114.0 
face 1.0 860.0 31.0 868.0 39.0 
face 1.0 168.0 227.0 177.0 238.0 
face 1.0 173.0 29.0 182.0 36.0 
face 1.0 87.0 70.0 93.0 77.0 
face 1.0 367.0 29.0 374.0 36.0 
face 1.0 572.0 25.0 578.0 33.0 
face 1.0 624.0 16.0 632.0 24.0 
face 1.0 584.0 74.0 593.0 85.0 
face 1.0 524.0 81.0 533.0 90.0 
