face 1.0 624.0 563.0 706.0 679.0 
face 1.0 115.0 190.0 134.0 213.0 
face 1.0 647.0 265.0 667.0 289.0 
face 1.0 623.0 213.0 634.0 227.0 
face 1.0 659.0 192.0 666.0 202.0 
face 1.0 732.0 191.0 739.0 202.0 
face 1.0 596.0 238.0 607.0 254.0 
face 1.0 910.0 176.0 918.0 187.0 
face 1.0 985.0 183.0 993.0 195.0 
face 1.0 994.0 168.0 1001.0 179.0 
face 1.0 926.0 191.0 933.0 201.0 
face 1.0 82.0 271.0 95.0 291.0 
face 1.0 187.0 271.0 201.0 283.0 
face 1.0 506.0 211.0 516.0 223.0 
face 1.0 428.0 197.0 434.0 206.0 
face 1.0 436.0 196.0 442.0 205.0 
face 1.0 358.0 203.0 366.0 211.0 
face 1.0 151.0 358.0 165.0 396.0 
face 1.0 613.0 196.0 622.0 206.0 
