face 1.0 930.0 297.0 994.0 377.0 
face 1.0 894.0 212.0 940.0 265.0 
face 1.0 724.0 231.0 764.0 286.0 
face 1.0 648.0 200.0 681.0 234.0 
face 1.0 537.0 193.0 571.0 236.0 
face 1.0 555.0 162.0 581.0 187.0 
face 1.0 770.0 121.0 783.0 141.0 
face 1.0 494.0 193.0 515.0 219.0 
face 1.0 454.0 161.0 471.0 180.0 
face 1.0 399.0 177.0 424.0 208.0 
face 1.0 294.0 237.0 382.0 323.0 
face 1.0 226.0 168.0 248.0 190.0 
face 1.0 190.0 163.0 214.0 187.0 
face 1.0 116.0 164.0 143.0 194.0 
face 1.0 48.0 171.0 78.0 198.0 
face 1.0 0.0 154.0 19.0 175.0 
