face 1.0 259.0 118.0 296.0 169.0 
face 1.0 410.0 144.0 446.0 196.0 
face 1.0 315.0 77.0 351.0 113.0 
face 1.0 203.0 52.0 222.0 80.0 
face 1.0 267.0 77.0 283.0 99.0 
face 1.0 239.0 86.0 254.0 102.0 
face 1.0 224.0 67.0 240.0 86.0 
face 1.0 240.0 58.0 255.0 77.0 
face 1.0 253.0 67.0 266.0 84.0 
face 1.0 184.0 69.0 200.0 90.0 
face 1.0 169.0 57.0 180.0 75.0 
face 1.0 127.0 95.0 140.0 115.0 
face 1.0 147.0 71.0 159.0 88.0 
face 1.0 141.0 52.0 154.0 68.0 
face 1.0 90.0 73.0 109.0 95.0 
face 1.0 6.0 79.0 21.0 100.0 
face 1.0 364.0 48.0 381.0 70.0 
face 1.0 392.0 42.0 408.0 60.0 
face 1.0 414.0 63.0 427.0 89.0 
face 1.0 431.0 81.0 444.0 100.0 
face 1.0 444.0 51.0 460.0 73.0 
face 1.0 462.0 56.0 476.0 76.0 
face 1.0 489.0 61.0 507.0 82.0 
face 1.0 533.0 64.0 546.0 80.0 
face 1.0 537.0 44.0 553.0 66.0 
face 1.0 472.0 29.0 486.0 47.0 
face 1.0 491.0 24.0 505.0 38.0 
face 1.0 344.0 38.0 357.0 53.0 
face 1.0 557.0 32.0 568.0 49.0 
face 1.0 565.0 26.0 581.0 48.0 
face 1.0 568.0 76.0 584.0 96.0 
face 1.0 594.0 79.0 607.0 95.0 
face 1.0 640.0 78.0 656.0 98.0 
face 1.0 624.0 72.0 638.0 91.0 
face 1.0 610.0 62.0 623.0 81.0 
face 1.0 570.0 51.0 584.0 67.0 
face 1.0 587.0 51.0 598.0 65.0 
face 1.0 556.0 56.0 567.0 74.0 
face 1.0 530.0 40.0 542.0 55.0 
face 1.0 601.0 21.0 617.0 41.0 
face 1.0 616.0 29.0 631.0 49.0 
face 1.0 638.0 44.0 651.0 63.0 
face 1.0 656.0 67.0 669.0 81.0 
face 1.0 654.0 21.0 669.0 41.0 
face 1.0 686.0 23.0 701.0 43.0 
face 1.0 701.0 32.0 715.0 49.0 
face 1.0 701.0 1.0 716.0 20.0 
face 1.0 727.0 91.0 768.0 142.0 
face 1.0 614.0 146.0 654.0 197.0 
face 1.0 771.0 1.0 785.0 16.0 
face 1.0 758.0 1.0 768.0 8.0 
face 1.0 988.0 34.0 1003.0 54.0 
face 1.0 990.0 2.0 1005.0 17.0 
face 1.0 863.0 37.0 880.0 56.0 
face 1.0 851.0 20.0 867.0 38.0 
face 1.0 812.0 31.0 825.0 50.0 
face 1.0 791.0 36.0 802.0 53.0 
face 1.0 972.0 19.0 985.0 38.0 
face 1.0 874.0 18.0 887.0 31.0 
face 1.0 889.0 33.0 902.0 52.0 
face 1.0 917.0 34.0 930.0 53.0 
face 1.0 750.0 42.0 768.0 62.0 
face 1.0 22.0 76.0 38.0 99.0 
face 1.0 656.0 39.0 669.0 54.0 
face 1.0 699.0 44.0 712.0 61.0 
face 1.0 721.0 14.0 737.0 31.0 
face 1.0 721.0 43.0 738.0 64.0 
