face 1.0 15.0 252.0 27.0 268.0 
face 1.0 42.0 261.0 50.0 274.0 
face 1.0 79.0 344.0 96.0 373.0 
face 1.0 304.0 297.0 314.0 317.0 
face 1.0 370.0 302.0 385.0 328.0 
face 1.0 384.0 281.0 393.0 294.0 
face 1.0 453.0 296.0 463.0 313.0 
face 1.0 539.0 234.0 543.0 242.0 
face 1.0 150.0 277.0 156.0 285.0 
face 1.0 294.0 271.0 301.0 278.0 
face 1.0 287.0 272.0 292.0 278.0 
face 1.0 271.0 276.0 275.0 280.0 
face 1.0 393.0 267.0 397.0 272.0 
face 1.0 324.0 270.0 327.0 274.0 
face 1.0 343.0 268.0 347.0 272.0 
face 1.0 332.0 269.0 337.0 274.0 
face 1.0 405.0 267.0 410.0 271.0 
face 1.0 630.0 264.0 637.0 276.0 
face 1.0 681.0 262.0 689.0 272.0 
face 1.0 827.0 262.0 834.0 273.0 
face 1.0 910.0 268.0 919.0 281.0 
face 1.0 863.0 282.0 875.0 303.0 
face 1.0 947.0 269.0 953.0 284.0 
face 1.0 957.0 267.0 967.0 283.0 
face 1.0 199.0 267.0 203.0 272.0 
