face 1.0 0.0 230.0 30.0 289.0 
face 1.0 25.0 244.0 53.0 304.0 
face 1.0 89.0 261.0 127.0 312.0 
face 1.0 138.0 260.0 176.0 315.0 
face 1.0 186.0 281.0 223.0 325.0 
face 1.0 348.0 250.0 385.0 305.0 
face 1.0 393.0 242.0 434.0 293.0 
face 1.0 431.0 258.0 460.0 316.0 
face 1.0 447.0 254.0 472.0 313.0 
face 1.0 465.0 258.0 493.0 306.0 
face 1.0 497.0 279.0 515.0 321.0 
face 1.0 511.0 286.0 528.0 325.0 
face 1.0 545.0 300.0 568.0 335.0 
face 1.0 570.0 311.0 590.0 347.0 
face 1.0 607.0 317.0 625.0 348.0 
face 1.0 639.0 322.0 656.0 351.0 
face 1.0 648.0 320.0 660.0 349.0 
face 1.0 32.0 303.0 58.0 348.0 
face 1.0 272.0 46.0 327.0 122.0 
