face 1.0 225.0 546.0 232.0 562.0 
face 1.0 230.0 531.0 240.0 544.0 
face 1.0 237.0 519.0 247.0 530.0 
face 1.0 255.0 499.0 264.0 514.0 
face 1.0 273.0 487.0 281.0 499.0 
face 1.0 292.0 474.0 301.0 485.0 
face 1.0 323.0 460.0 330.0 472.0 
face 1.0 344.0 448.0 352.0 457.0 
face 1.0 110.0 509.0 121.0 524.0 
face 1.0 117.0 492.0 124.0 505.0 
face 1.0 126.0 477.0 134.0 488.0 
face 1.0 141.0 466.0 149.0 479.0 
face 1.0 158.0 454.0 166.0 466.0 
face 1.0 177.0 439.0 186.0 453.0 
face 1.0 195.0 425.0 203.0 438.0 
face 1.0 239.0 412.0 247.0 423.0 
face 1.0 262.0 401.0 271.0 412.0 
face 1.0 287.0 396.0 295.0 407.0 
face 1.0 79.0 470.0 87.0 482.0 
face 1.0 93.0 453.0 101.0 464.0 
face 1.0 109.0 446.0 118.0 458.0 
face 1.0 140.0 430.0 150.0 442.0 
face 1.0 150.0 423.0 157.0 434.0 
face 1.0 193.0 400.0 202.0 411.0 
face 1.0 221.0 393.0 228.0 402.0 
face 1.0 245.0 382.0 253.0 390.0 
face 1.0 269.0 376.0 278.0 388.0 
face 1.0 311.0 387.0 319.0 395.0 
face 1.0 339.0 375.0 347.0 385.0 
face 1.0 322.0 363.0 330.0 372.0 
face 1.0 299.0 367.0 306.0 377.0 
face 1.0 77.0 410.0 86.0 423.0 
face 1.0 101.0 406.0 108.0 416.0 
face 1.0 153.0 382.0 160.0 393.0 
face 1.0 182.0 377.0 189.0 388.0 
face 1.0 200.0 367.0 210.0 378.0 
face 1.0 229.0 359.0 238.0 368.0 
face 1.0 261.0 351.0 270.0 362.0 
face 1.0 316.0 346.0 322.0 354.0 
face 1.0 151.0 359.0 156.0 367.0 
face 1.0 127.0 370.0 136.0 381.0 
face 1.0 102.0 381.0 111.0 394.0 
face 1.0 78.0 387.0 85.0 396.0 
face 1.0 59.0 397.0 66.0 408.0 
face 1.0 343.0 338.0 350.0 347.0 
face 1.0 282.0 345.0 290.0 355.0 
face 1.0 371.0 378.0 380.0 389.0 
face 1.0 367.0 443.0 376.0 452.0 
face 1.0 556.0 315.0 565.0 325.0 
face 1.0 569.0 313.0 578.0 322.0 
face 1.0 568.0 337.0 577.0 348.0 
face 1.0 549.0 352.0 558.0 362.0 
face 1.0 537.0 339.0 545.0 349.0 
face 1.0 581.0 350.0 589.0 362.0 
face 1.0 601.0 339.0 608.0 349.0 
face 1.0 616.0 351.0 625.0 363.0 
face 1.0 611.0 309.0 620.0 320.0 
face 1.0 628.0 330.0 637.0 342.0 
face 1.0 644.0 346.0 655.0 358.0 
face 1.0 641.0 312.0 649.0 322.0 
face 1.0 672.0 313.0 679.0 322.0 
face 1.0 690.0 333.0 698.0 346.0 
face 1.0 700.0 307.0 709.0 323.0 
face 1.0 733.0 309.0 741.0 322.0 
face 1.0 721.0 339.0 729.0 349.0 
face 1.0 775.0 387.0 784.0 397.0 
face 1.0 771.0 356.0 780.0 367.0 
face 1.0 800.0 357.0 809.0 369.0 
face 1.0 825.0 360.0 834.0 372.0 
face 1.0 816.0 344.0 823.0 357.0 
face 1.0 784.0 344.0 793.0 355.0 
face 1.0 757.0 300.0 768.0 311.0 
face 1.0 788.0 304.0 796.0 314.0 
face 1.0 822.0 306.0 832.0 316.0 
face 1.0 850.0 306.0 860.0 319.0 
face 1.0 859.0 325.0 867.0 336.0 
face 1.0 847.0 347.0 854.0 358.0 
face 1.0 862.0 367.0 870.0 380.0 
face 1.0 877.0 358.0 885.0 370.0 
face 1.0 891.0 377.0 899.0 388.0 
face 1.0 904.0 360.0 913.0 372.0 
face 1.0 919.0 381.0 928.0 394.0 
face 1.0 937.0 365.0 947.0 377.0 
face 1.0 743.0 382.0 754.0 395.0 
face 1.0 761.0 441.0 768.0 451.0 
face 1.0 820.0 453.0 829.0 465.0 
face 1.0 805.0 390.0 814.0 401.0 
face 1.0 834.0 426.0 841.0 436.0 
face 1.0 882.0 435.0 891.0 446.0 
face 1.0 866.0 458.0 878.0 471.0 
face 1.0 704.0 346.0 715.0 359.0 
face 1.0 662.0 329.0 670.0 341.0 
face 1.0 677.0 346.0 688.0 361.0 
face 1.0 38.0 723.0 53.0 739.0 
face 1.0 17.0 719.0 31.0 741.0 
face 1.0 55.0 427.0 63.0 437.0 
