face 1.0 471.0 427.0 483.0 443.0 
face 1.0 495.0 433.0 506.0 447.0 
face 1.0 518.0 426.0 527.0 441.0 
face 1.0 151.0 465.0 161.0 481.0 
face 1.0 173.0 472.0 184.0 485.0 
face 1.0 199.0 466.0 209.0 481.0 
face 1.0 233.0 460.0 243.0 475.0 
face 1.0 276.0 474.0 285.0 490.0 
face 1.0 0.0 525.0 15.0 555.0 
face 1.0 758.0 452.0 769.0 468.0 
face 1.0 813.0 458.0 827.0 477.0 
face 1.0 842.0 459.0 852.0 475.0 
face 1.0 881.0 524.0 892.0 545.0 
face 1.0 954.0 550.0 973.0 593.0 
face 1.0 326.0 505.0 335.0 520.0 
face 1.0 637.0 446.0 644.0 464.0 
face 1.0 509.0 260.0 516.0 269.0 
