face 1.0 11.0 116.0 35.0 148.0 
face 1.0 21.0 144.0 51.0 186.0 
face 1.0 87.0 133.0 114.0 169.0 
face 1.0 61.0 93.0 75.0 115.0 
face 1.0 145.0 163.0 172.0 199.0 
face 1.0 130.0 125.0 150.0 153.0 
face 1.0 169.0 108.0 190.0 139.0 
face 1.0 202.0 116.0 227.0 152.0 
face 1.0 250.0 103.0 271.0 132.0 
face 1.0 274.0 134.0 297.0 160.0 
face 1.0 299.0 143.0 318.0 169.0 
face 1.0 117.0 87.0 130.0 104.0 
face 1.0 72.0 76.0 86.0 93.0 
face 1.0 81.0 64.0 91.0 82.0 
face 1.0 86.0 118.0 111.0 145.0 
face 1.0 53.0 118.0 62.0 133.0 
face 1.0 124.0 66.0 140.0 86.0 
face 1.0 183.0 80.0 198.0 99.0 
face 1.0 154.0 93.0 168.0 109.0 
face 1.0 298.0 81.0 311.0 99.0 
face 1.0 353.0 142.0 379.0 175.0 
face 1.0 363.0 124.0 381.0 147.0 
face 1.0 316.0 112.0 335.0 138.0 
face 1.0 379.0 114.0 396.0 138.0 
face 1.0 404.0 99.0 418.0 119.0 
face 1.0 468.0 121.0 486.0 146.0 
face 1.0 508.0 115.0 531.0 144.0 
face 1.0 521.0 123.0 537.0 148.0 
face 1.0 563.0 124.0 576.0 143.0 
face 1.0 533.0 81.0 545.0 99.0 
face 1.0 581.0 103.0 594.0 118.0 
face 1.0 586.0 128.0 602.0 153.0 
face 1.0 556.0 174.0 583.0 213.0 
face 1.0 501.0 105.0 516.0 124.0 
face 1.0 626.0 131.0 643.0 155.0 
face 1.0 659.0 123.0 678.0 149.0 
face 1.0 685.0 135.0 702.0 157.0 
face 1.0 701.0 125.0 720.0 153.0 
face 1.0 701.0 150.0 726.0 182.0 
face 1.0 714.0 167.0 739.0 202.0 
face 1.0 765.0 129.0 783.0 155.0 
face 1.0 785.0 142.0 805.0 167.0 
face 1.0 784.0 192.0 809.0 230.0 
face 1.0 858.0 107.0 870.0 124.0 
face 1.0 867.0 139.0 884.0 162.0 
face 1.0 891.0 125.0 904.0 143.0 
face 1.0 904.0 130.0 918.0 144.0 
face 1.0 939.0 127.0 951.0 142.0 
face 1.0 965.0 122.0 978.0 142.0 
face 1.0 933.0 155.0 946.0 171.0 
face 1.0 984.0 148.0 1001.0 171.0 
face 1.0 1003.0 148.0 1018.0 167.0 
face 1.0 1000.0 170.0 1016.0 192.0 
face 1.0 1015.0 165.0 1024.0 187.0 
face 1.0 947.0 196.0 965.0 219.0 
face 1.0 953.0 210.0 973.0 235.0 
face 1.0 967.0 221.0 987.0 244.0 
face 1.0 991.0 206.0 1006.0 226.0 
face 1.0 927.0 246.0 949.0 284.0 
face 1.0 969.0 151.0 979.0 167.0 
face 1.0 785.0 289.0 813.0 328.0 
