face 1.0 80.0 304.0 91.0 320.0 
face 1.0 137.0 307.0 147.0 321.0 
face 1.0 186.0 314.0 195.0 329.0 
face 1.0 239.0 306.0 250.0 319.0 
face 1.0 325.0 296.0 336.0 311.0 
face 1.0 374.0 288.0 386.0 305.0 
face 1.0 398.0 290.0 410.0 306.0 
face 1.0 454.0 283.0 465.0 301.0 
face 1.0 557.0 277.0 570.0 294.0 
face 1.0 668.0 289.0 682.0 306.0 
face 1.0 716.0 286.0 728.0 303.0 
face 1.0 796.0 287.0 810.0 307.0 
face 1.0 830.0 311.0 843.0 330.0 
face 1.0 876.0 298.0 890.0 318.0 
face 1.0 926.0 298.0 938.0 316.0 
face 1.0 86.0 468.0 127.0 529.0 
face 1.0 377.0 393.0 397.0 436.0 
