face 1.0 929.0 380.0 1024.0 528.0 
face 1.0 645.0 298.0 747.0 442.0 
face 1.0 520.0 318.0 613.0 436.0 
face 1.0 395.0 301.0 483.0 407.0 
face 1.0 254.0 245.0 324.0 329.0 
face 1.0 354.0 268.0 425.0 359.0 
face 1.0 197.0 231.0 258.0 314.0 
face 1.0 151.0 224.0 196.0 300.0 
face 1.0 23.0 219.0 85.0 295.0 
face 1.0 9.0 130.0 46.0 177.0 
face 1.0 92.0 122.0 125.0 170.0 
face 1.0 151.0 50.0 186.0 91.0 
face 1.0 247.0 148.0 289.0 198.0 
face 1.0 301.0 149.0 344.0 206.0 
face 1.0 331.0 139.0 387.0 206.0 
face 1.0 455.0 134.0 505.0 204.0 
face 1.0 475.0 157.0 532.0 238.0 
face 1.0 631.0 157.0 689.0 222.0 
face 1.0 692.0 188.0 745.0 252.0 
face 1.0 854.0 239.0 926.0 329.0 
face 1.0 957.0 153.0 1023.0 267.0 
face 1.0 268.0 53.0 302.0 101.0 
face 1.0 292.0 30.0 319.0 74.0 
face 1.0 517.0 82.0 558.0 132.0 
face 1.0 669.0 73.0 706.0 122.0 
face 1.0 722.0 72.0 769.0 137.0 
face 1.0 765.0 49.0 807.0 124.0 
face 1.0 525.0 21.0 559.0 59.0 
face 1.0 579.0 2.0 612.0 41.0 
face 1.0 750.0 217.0 821.0 300.0 
