face 1.0 16.0 27.0 99.0 325.0 
face 1.0 317.0 22.0 426.0 156.0 
face 1.0 647.0 84.0 742.0 203.0 
face 1.0 89.0 109.0 105.0 129.0 
face 1.0 91.0 139.0 117.0 169.0 
face 1.0 161.0 69.0 170.0 82.0 
face 1.0 122.0 124.0 140.0 147.0 
face 1.0 150.0 124.0 166.0 142.0 
face 1.0 171.0 142.0 189.0 165.0 
face 1.0 208.0 127.0 222.0 143.0 
face 1.0 204.0 109.0 217.0 123.0 
face 1.0 162.0 104.0 177.0 122.0 
face 1.0 221.0 117.0 233.0 134.0 
face 1.0 228.0 106.0 240.0 121.0 
face 1.0 417.0 114.0 430.0 132.0 
face 1.0 444.0 116.0 455.0 133.0 
face 1.0 480.0 120.0 494.0 138.0 
face 1.0 490.0 128.0 508.0 149.0 
face 1.0 506.0 115.0 519.0 131.0 
face 1.0 527.0 115.0 540.0 130.0 
face 1.0 557.0 130.0 570.0 148.0 
face 1.0 569.0 115.0 583.0 132.0 
face 1.0 573.0 138.0 588.0 158.0 
face 1.0 541.0 153.0 564.0 184.0 
face 1.0 597.0 123.0 613.0 142.0 
face 1.0 605.0 144.0 626.0 171.0 
face 1.0 630.0 150.0 651.0 177.0 
face 1.0 942.0 175.0 966.0 204.0 
face 1.0 627.0 109.0 640.0 127.0 
face 1.0 194.0 128.0 208.0 149.0 
face 1.0 112.0 145.0 127.0 164.0 
