face 1.0 54.0 313.0 89.0 356.0 
face 1.0 183.0 311.0 214.0 352.0 
face 1.0 292.0 318.0 321.0 359.0 
face 1.0 369.0 364.0 400.0 398.0 
face 1.0 642.0 476.0 685.0 530.0 
face 1.0 763.0 463.0 803.0 520.0 
face 1.0 891.0 507.0 936.0 555.0 
face 1.0 1008.0 546.0 1024.0 588.0 
face 1.0 905.0 663.0 990.0 745.0 
face 1.0 513.0 324.0 540.0 363.0 
face 1.0 562.0 330.0 589.0 365.0 
face 1.0 640.0 325.0 670.0 358.0 
face 1.0 724.0 300.0 748.0 336.0 
face 1.0 822.0 319.0 852.0 363.0 
face 1.0 925.0 351.0 955.0 388.0 
face 1.0 997.0 360.0 1024.0 405.0 
face 1.0 10.0 365.0 46.0 410.0 
face 1.0 155.0 365.0 189.0 407.0 
face 1.0 253.0 384.0 286.0 425.0 
face 1.0 364.0 410.0 401.0 453.0 
face 1.0 492.0 401.0 523.0 441.0 
face 1.0 549.0 436.0 580.0 472.0 
face 1.0 763.0 364.0 789.0 396.0 
face 1.0 870.0 375.0 899.0 412.0 
face 1.0 704.0 427.0 737.0 464.0 
face 1.0 632.0 442.0 661.0 477.0 
face 1.0 855.0 421.0 889.0 462.0 
face 1.0 962.0 422.0 997.0 461.0 
face 1.0 938.0 487.0 976.0 527.0 
face 1.0 804.0 464.0 829.0 502.0 
face 1.0 38.0 419.0 73.0 460.0 
face 1.0 66.0 456.0 110.0 509.0 
face 1.0 198.0 429.0 239.0 485.0 
face 1.0 45.0 516.0 87.0 567.0 
face 1.0 134.0 549.0 176.0 602.0 
face 1.0 248.0 501.0 290.0 556.0 
face 1.0 325.0 480.0 362.0 528.0 
face 1.0 389.0 527.0 431.0 580.0 
face 1.0 462.0 459.0 496.0 497.0 
face 1.0 512.0 521.0 560.0 582.0 
