face 1.0 776.0 469.0 795.0 497.0 
face 1.0 795.0 372.0 809.0 391.0 
face 1.0 722.0 313.0 738.0 331.0 
face 1.0 687.0 395.0 699.0 414.0 
face 1.0 969.0 294.0 982.0 305.0 
face 1.0 807.0 335.0 816.0 348.0 
face 1.0 791.0 330.0 802.0 343.0 
face 1.0 742.0 333.0 752.0 347.0 
face 1.0 848.0 312.0 857.0 323.0 
face 1.0 938.0 278.0 949.0 291.0 
face 1.0 970.0 272.0 980.0 282.0 
face 1.0 611.0 474.0 631.0 499.0 
face 1.0 521.0 613.0 558.0 658.0 
face 1.0 338.0 627.0 376.0 679.0 
face 1.0 464.0 363.0 475.0 374.0 
face 1.0 289.0 416.0 302.0 438.0 
face 1.0 215.0 404.0 232.0 427.0 
face 1.0 183.0 382.0 197.0 408.0 
face 1.0 171.0 375.0 183.0 388.0 
face 1.0 287.0 394.0 301.0 411.0 
face 1.0 324.0 352.0 333.0 362.0 
face 1.0 405.0 402.0 416.0 415.0 
face 1.0 400.0 390.0 412.0 406.0 
face 1.0 125.0 390.0 137.0 409.0 
face 1.0 88.0 407.0 95.0 416.0 
