face 1.0 982.0 587.0 994.0 600.0 
face 1.0 894.0 610.0 906.0 625.0 
face 1.0 904.0 565.0 911.0 578.0 
face 1.0 928.0 564.0 939.0 576.0 
face 1.0 869.0 576.0 879.0 586.0 
face 1.0 824.0 574.0 834.0 588.0 
face 1.0 852.0 557.0 862.0 570.0 
face 1.0 950.0 525.0 958.0 536.0 
face 1.0 909.0 521.0 915.0 532.0 
face 1.0 818.0 530.0 825.0 540.0 
face 1.0 791.0 552.0 800.0 559.0 
face 1.0 769.0 624.0 780.0 637.0 
face 1.0 752.0 626.0 762.0 640.0 
face 1.0 758.0 570.0 767.0 583.0 
face 1.0 616.0 607.0 626.0 620.0 
face 1.0 665.0 563.0 671.0 575.0 
face 1.0 871.0 534.0 879.0 545.0 
face 1.0 279.0 506.0 295.0 528.0 
face 1.0 249.0 660.0 277.0 676.0 
face 1.0 590.0 565.0 596.0 573.0 
face 1.0 904.0 490.0 911.0 498.0 
face 1.0 868.0 526.0 876.0 536.0 
