face 1.0 937.0 372.0 975.0 427.0 
face 1.0 896.0 477.0 938.0 539.0 
face 1.0 870.0 371.0 892.0 397.0 
face 1.0 837.0 340.0 854.0 359.0 
face 1.0 992.0 345.0 1007.0 360.0 
face 1.0 928.0 339.0 938.0 358.0 
face 1.0 739.0 377.0 758.0 398.0 
face 1.0 772.0 334.0 788.0 355.0 
face 1.0 710.0 341.0 727.0 360.0 
face 1.0 682.0 354.0 693.0 372.0 
face 1.0 605.0 339.0 618.0 351.0 
face 1.0 566.0 335.0 577.0 348.0 
face 1.0 554.0 385.0 587.0 428.0 
face 1.0 511.0 393.0 532.0 426.0 
face 1.0 480.0 399.0 508.0 434.0 
face 1.0 471.0 361.0 491.0 387.0 
face 1.0 520.0 339.0 536.0 358.0 
face 1.0 519.0 323.0 532.0 341.0 
face 1.0 668.0 341.0 682.0 356.0 
face 1.0 653.0 348.0 667.0 362.0 
face 1.0 596.0 358.0 611.0 376.0 
face 1.0 407.0 393.0 425.0 418.0 
face 1.0 368.0 390.0 396.0 434.0 
face 1.0 346.0 380.0 363.0 405.0 
face 1.0 437.0 330.0 451.0 347.0 
face 1.0 452.0 347.0 468.0 367.0 
face 1.0 614.0 268.0 624.0 280.0 
face 1.0 483.0 262.0 494.0 274.0 
face 1.0 408.0 290.0 421.0 304.0 
face 1.0 399.0 327.0 410.0 342.0 
face 1.0 393.0 298.0 405.0 310.0 
face 1.0 543.0 279.0 552.0 292.0 
face 1.0 308.0 385.0 334.0 423.0 
face 1.0 249.0 304.0 270.0 330.0 
face 1.0 233.0 298.0 247.0 322.0 
face 1.0 262.0 260.0 274.0 278.0 
face 1.0 300.0 257.0 313.0 271.0 
face 1.0 335.0 270.0 345.0 284.0 
face 1.0 370.0 273.0 380.0 288.0 
face 1.0 332.0 331.0 346.0 350.0 
face 1.0 211.0 274.0 222.0 290.0 
face 1.0 189.0 263.0 200.0 280.0 
face 1.0 170.0 269.0 181.0 283.0 
face 1.0 142.0 256.0 155.0 277.0 
face 1.0 108.0 258.0 121.0 273.0 
face 1.0 192.0 367.0 208.0 384.0 
face 1.0 50.0 264.0 61.0 281.0 
face 1.0 39.0 345.0 55.0 368.0 
face 1.0 458.0 497.0 485.0 528.0 
face 1.0 327.0 505.0 363.0 560.0 
face 1.0 297.0 531.0 335.0 586.0 
face 1.0 259.0 537.0 285.0 579.0 
face 1.0 166.0 402.0 192.0 437.0 
face 1.0 142.0 407.0 162.0 434.0 
face 1.0 131.0 395.0 148.0 419.0 
face 1.0 78.0 419.0 100.0 450.0 
face 1.0 51.0 380.0 70.0 410.0 
face 1.0 22.0 340.0 36.0 358.0 
face 1.0 579.0 259.0 592.0 276.0 
