face 1.0 758.0 394.0 788.0 436.0 
face 1.0 726.0 316.0 743.0 341.0 
face 1.0 806.0 276.0 827.0 303.0 
face 1.0 893.0 353.0 942.0 410.0 
face 1.0 733.0 287.0 748.0 306.0 
face 1.0 594.0 300.0 615.0 329.0 
face 1.0 894.0 275.0 909.0 294.0 
face 1.0 882.0 246.0 890.0 257.0 
face 1.0 798.0 235.0 808.0 245.0 
face 1.0 839.0 219.0 846.0 226.0 
face 1.0 943.0 221.0 952.0 230.0 
face 1.0 712.0 257.0 724.0 271.0 
face 1.0 744.0 242.0 755.0 255.0 
face 1.0 644.0 186.0 664.0 215.0 
face 1.0 531.0 269.0 555.0 300.0 
face 1.0 561.0 347.0 582.0 379.0 
face 1.0 569.0 198.0 578.0 209.0 
face 1.0 530.0 215.0 544.0 230.0 
face 1.0 508.0 215.0 519.0 226.0 
face 1.0 457.0 237.0 469.0 252.0 
face 1.0 431.0 196.0 441.0 208.0 
face 1.0 478.0 287.0 488.0 297.0 
face 1.0 488.0 309.0 501.0 325.0 
face 1.0 364.0 188.0 378.0 201.0 
face 1.0 279.0 192.0 297.0 211.0 
face 1.0 308.0 207.0 323.0 226.0 
face 1.0 279.0 211.0 310.0 260.0 
face 1.0 148.0 325.0 171.0 355.0 
face 1.0 394.0 505.0 444.0 559.0 
face 1.0 416.0 446.0 466.0 489.0 
face 1.0 65.0 417.0 101.0 458.0 
face 1.0 96.0 391.0 121.0 431.0 
face 1.0 0.0 601.0 52.0 686.0 
face 1.0 286.0 526.0 337.0 605.0 
face 1.0 544.0 469.0 603.0 567.0 
face 1.0 576.0 174.0 583.0 181.0 
face 1.0 847.0 251.0 853.0 258.0 
face 1.0 772.0 210.0 778.0 216.0 
face 1.0 229.0 291.0 249.0 319.0 
face 1.0 814.0 230.0 822.0 242.0 
