face 1.0 998.0 331.0 1016.0 356.0 
face 1.0 981.0 271.0 995.0 297.0 
face 1.0 1010.0 205.0 1024.0 224.0 
face 1.0 871.0 257.0 891.0 282.0 
face 1.0 897.0 204.0 917.0 228.0 
face 1.0 954.0 151.0 971.0 168.0 
face 1.0 986.0 63.0 1002.0 81.0 
face 1.0 851.0 65.0 868.0 84.0 
face 1.0 872.0 149.0 890.0 172.0 
face 1.0 783.0 147.0 801.0 170.0 
face 1.0 784.0 202.0 803.0 224.0 
face 1.0 852.0 330.0 869.0 354.0 
face 1.0 889.0 439.0 902.0 460.0 
face 1.0 867.0 415.0 883.0 437.0 
face 1.0 742.0 415.0 759.0 439.0 
face 1.0 718.0 441.0 728.0 461.0 
face 1.0 755.0 263.0 773.0 285.0 
face 1.0 727.0 321.0 747.0 346.0 
face 1.0 670.0 258.0 687.0 280.0 
face 1.0 671.0 209.0 688.0 233.0 
face 1.0 694.0 145.0 711.0 169.0 
face 1.0 720.0 59.0 736.0 82.0 
face 1.0 592.0 70.0 609.0 89.0 
face 1.0 588.0 145.0 605.0 168.0 
face 1.0 560.0 204.0 578.0 224.0 
face 1.0 504.0 139.0 523.0 161.0 
face 1.0 465.0 68.0 482.0 91.0 
face 1.0 399.0 149.0 416.0 172.0 
face 1.0 474.0 202.0 492.0 231.0 
face 1.0 336.0 207.0 352.0 224.0 
face 1.0 346.0 82.0 361.0 100.0 
face 1.0 591.0 328.0 609.0 349.0 
face 1.0 581.0 269.0 599.0 288.0 
face 1.0 471.0 264.0 489.0 283.0 
face 1.0 504.0 343.0 517.0 362.0 
face 1.0 472.0 321.0 490.0 344.0 
face 1.0 331.0 264.0 350.0 286.0 
face 1.0 362.0 337.0 381.0 359.0 
face 1.0 305.0 398.0 324.0 422.0 
face 1.0 226.0 328.0 247.0 353.0 
face 1.0 208.0 268.0 227.0 290.0 
face 1.0 122.0 333.0 140.0 356.0 
face 1.0 88.0 287.0 103.0 304.0 
face 1.0 153.0 403.0 170.0 423.0 
face 1.0 94.0 427.0 110.0 452.0 
face 1.0 265.0 431.0 278.0 455.0 
face 1.0 204.0 92.0 218.0 110.0 
face 1.0 216.0 159.0 229.0 169.0 
face 1.0 131.0 86.0 149.0 108.0 
face 1.0 105.0 56.0 120.0 72.0 
face 1.0 103.0 109.0 117.0 124.0 
face 1.0 70.0 100.0 85.0 115.0 
face 1.0 64.0 75.0 79.0 93.0 
face 1.0 34.0 80.0 48.0 99.0 
face 1.0 14.0 80.0 28.0 96.0 
face 1.0 19.0 98.0 32.0 114.0 
face 1.0 12.0 112.0 20.0 128.0 
face 1.0 55.0 8.0 69.0 25.0 
face 1.0 79.0 118.0 91.0 132.0 
face 1.0 9.0 351.0 28.0 375.0 
face 1.0 163.0 623.0 171.0 641.0 
