face 1.0 890.0 350.0 937.0 409.0 
face 1.0 925.0 296.0 963.0 342.0 
face 1.0 971.0 484.0 1024.0 547.0 
face 1.0 743.0 329.0 798.0 399.0 
face 1.0 809.0 270.0 847.0 320.0 
face 1.0 627.0 246.0 661.0 303.0 
face 1.0 640.0 182.0 656.0 204.0 
face 1.0 663.0 170.0 677.0 194.0 
face 1.0 664.0 154.0 675.0 169.0 
face 1.0 761.0 172.0 780.0 204.0 
face 1.0 827.0 218.0 845.0 249.0 
face 1.0 869.0 193.0 891.0 225.0 
face 1.0 639.0 424.0 702.0 495.0 
face 1.0 580.0 311.0 625.0 372.0 
face 1.0 508.0 179.0 527.0 210.0 
face 1.0 509.0 162.0 523.0 180.0 
face 1.0 595.0 164.0 607.0 183.0 
face 1.0 658.0 115.0 676.0 134.0 
face 1.0 480.0 200.0 503.0 232.0 
face 1.0 401.0 200.0 425.0 227.0 
face 1.0 435.0 256.0 473.0 309.0 
face 1.0 387.0 221.0 413.0 254.0 
face 1.0 443.0 108.0 460.0 128.0 
face 1.0 465.0 251.0 486.0 287.0 
face 1.0 303.0 296.0 332.0 336.0 
face 1.0 196.0 248.0 229.0 293.0 
face 1.0 225.0 307.0 274.0 373.0 
face 1.0 190.0 324.0 223.0 368.0 
face 1.0 228.0 203.0 250.0 228.0 
face 1.0 211.0 169.0 232.0 193.0 
face 1.0 289.0 158.0 304.0 179.0 
face 1.0 376.0 149.0 392.0 169.0 
face 1.0 360.0 186.0 379.0 212.0 
face 1.0 492.0 327.0 550.0 411.0 
face 1.0 441.0 362.0 502.0 458.0 
face 1.0 455.0 169.0 470.0 187.0 
face 1.0 170.0 201.0 192.0 230.0 
face 1.0 287.0 463.0 357.0 527.0 
face 1.0 75.0 319.0 126.0 380.0 
face 1.0 2.0 539.0 114.0 586.0 
face 1.0 102.0 257.0 131.0 288.0 
face 1.0 32.0 267.0 58.0 304.0 
face 1.0 21.0 216.0 47.0 240.0 
face 1.0 542.0 196.0 561.0 225.0 
