face 1.0 914.0 198.0 952.0 263.0 
face 1.0 944.0 191.0 986.0 248.0 
face 1.0 850.0 207.0 874.0 244.0 
face 1.0 805.0 185.0 846.0 250.0 
face 1.0 735.0 180.0 784.0 260.0 
face 1.0 664.0 165.0 715.0 240.0 
face 1.0 577.0 190.0 603.0 238.0 
face 1.0 528.0 230.0 583.0 290.0 
face 1.0 358.0 234.0 415.0 312.0 
face 1.0 449.0 237.0 488.0 309.0 
face 1.0 453.0 185.0 489.0 226.0 
face 1.0 306.0 181.0 347.0 229.0 
face 1.0 275.0 239.0 327.0 322.0 
face 1.0 243.0 131.0 279.0 183.0 
face 1.0 180.0 164.0 220.0 231.0 
face 1.0 146.0 276.0 217.0 358.0 
face 1.0 55.0 182.0 84.0 225.0 
face 1.0 13.0 192.0 54.0 255.0 
