face 1.0 858.0 301.0 891.0 342.0 
face 1.0 801.0 298.0 837.0 340.0 
face 1.0 733.0 198.0 748.0 222.0 
face 1.0 759.0 214.0 784.0 239.0 
face 1.0 757.0 248.0 787.0 283.0 
face 1.0 696.0 410.0 727.0 446.0 
face 1.0 669.0 393.0 699.0 426.0 
face 1.0 596.0 318.0 621.0 345.0 
face 1.0 637.0 323.0 657.0 351.0 
face 1.0 522.0 271.0 557.0 318.0 
face 1.0 449.0 302.0 477.0 342.0 
face 1.0 320.0 213.0 346.0 247.0 
face 1.0 403.0 304.0 436.0 342.0 
face 1.0 155.0 309.0 188.0 346.0 
face 1.0 126.0 318.0 157.0 355.0 
face 1.0 183.0 473.0 203.0 507.0 
face 1.0 280.0 414.0 302.0 453.0 
face 1.0 698.0 117.0 708.0 128.0 
