face 1.0 248.0 342.0 278.0 373.0 
face 1.0 290.0 286.0 308.0 304.0 
face 1.0 119.0 308.0 139.0 323.0 
face 1.0 405.0 333.0 431.0 349.0 
face 1.0 374.0 240.0 387.0 258.0 
face 1.0 469.0 267.0 486.0 277.0 
face 1.0 438.0 233.0 446.0 243.0 
face 1.0 476.0 218.0 485.0 229.0 
face 1.0 510.0 224.0 518.0 235.0 
face 1.0 609.0 305.0 628.0 315.0 
face 1.0 674.0 316.0 694.0 327.0 
face 1.0 719.0 268.0 739.0 278.0 
face 1.0 753.0 246.0 762.0 256.0 
face 1.0 680.0 232.0 688.0 243.0 
face 1.0 687.0 228.0 696.0 239.0 
face 1.0 717.0 235.0 723.0 247.0 
face 1.0 644.0 222.0 655.0 234.0 
face 1.0 610.0 229.0 619.0 241.0 
face 1.0 840.0 237.0 851.0 251.0 
face 1.0 914.0 269.0 926.0 283.0 
face 1.0 922.0 252.0 955.0 275.0 
face 1.0 575.0 220.0 584.0 231.0 
face 1.0 545.0 225.0 554.0 237.0 
face 1.0 191.0 190.0 198.0 198.0 
face 1.0 138.0 198.0 144.0 208.0 
