face 1.0 838.0 501.0 855.0 545.0 
face 1.0 939.0 428.0 975.0 468.0 
face 1.0 878.0 469.0 932.0 511.0 
face 1.0 786.0 411.0 822.0 452.0 
face 1.0 777.0 354.0 808.0 396.0 
face 1.0 858.0 343.0 892.0 383.0 
face 1.0 677.0 360.0 711.0 410.0 
face 1.0 595.0 415.0 630.0 461.0 
face 1.0 580.0 319.0 616.0 360.0 
face 1.0 750.0 304.0 778.0 340.0 
face 1.0 650.0 278.0 680.0 318.0 
face 1.0 497.0 404.0 530.0 449.0 
face 1.0 471.0 346.0 497.0 387.0 
face 1.0 394.0 378.0 426.0 419.0 
face 1.0 413.0 337.0 449.0 372.0 
face 1.0 438.0 308.0 466.0 345.0 
face 1.0 384.0 278.0 408.0 309.0 
face 1.0 531.0 310.0 559.0 349.0 
face 1.0 491.0 283.0 517.0 317.0 
face 1.0 440.0 277.0 466.0 311.0 
face 1.0 324.0 351.0 357.0 385.0 
face 1.0 250.0 394.0 277.0 424.0 
face 1.0 277.0 309.0 300.0 340.0 
face 1.0 317.0 297.0 350.0 333.0 
face 1.0 307.0 260.0 329.0 286.0 
face 1.0 375.0 258.0 394.0 285.0 
face 1.0 230.0 257.0 255.0 286.0 
face 1.0 179.0 314.0 210.0 347.0 
face 1.0 145.0 311.0 179.0 353.0 
face 1.0 79.0 361.0 110.0 392.0 
face 1.0 7.0 385.0 40.0 420.0 
face 1.0 0.0 312.0 15.0 355.0 
face 1.0 5.0 296.0 22.0 323.0 
face 1.0 4.0 257.0 25.0 286.0 
face 1.0 26.0 252.0 46.0 285.0 
face 1.0 25.0 205.0 51.0 232.0 
face 1.0 87.0 214.0 110.0 239.0 
face 1.0 25.0 289.0 59.0 316.0 
face 1.0 75.0 324.0 108.0 358.0 
face 1.0 99.0 296.0 130.0 330.0 
face 1.0 172.0 287.0 195.0 312.0 
face 1.0 119.0 257.0 143.0 283.0 
face 1.0 176.0 243.0 198.0 270.0 
face 1.0 68.0 218.0 86.0 240.0 
face 1.0 150.0 211.0 172.0 230.0 
face 1.0 196.0 230.0 218.0 258.0 
face 1.0 235.0 198.0 266.0 229.0 
face 1.0 220.0 182.0 239.0 203.0 
face 1.0 271.0 216.0 297.0 248.0 
face 1.0 328.0 206.0 347.0 234.0 
face 1.0 73.0 190.0 95.0 216.0 
face 1.0 102.0 183.0 119.0 205.0 
face 1.0 33.0 163.0 53.0 186.0 
face 1.0 1.0 185.0 14.0 201.0 
face 1.0 21.0 131.0 33.0 148.0 
face 1.0 11.0 116.0 23.0 131.0 
face 1.0 30.0 107.0 43.0 123.0 
face 1.0 35.0 118.0 51.0 136.0 
face 1.0 74.0 153.0 87.0 170.0 
face 1.0 82.0 123.0 94.0 136.0 
face 1.0 128.0 131.0 142.0 150.0 
face 1.0 131.0 153.0 152.0 175.0 
face 1.0 135.0 109.0 147.0 125.0 
face 1.0 145.0 85.0 157.0 102.0 
face 1.0 164.0 109.0 174.0 123.0 
face 1.0 171.0 117.0 191.0 135.0 
face 1.0 189.0 151.0 209.0 172.0 
face 1.0 228.0 95.0 242.0 113.0 
face 1.0 243.0 147.0 261.0 172.0 
face 1.0 229.0 143.0 242.0 161.0 
face 1.0 246.0 124.0 259.0 140.0 
face 1.0 249.0 106.0 261.0 121.0 
face 1.0 250.0 91.0 262.0 107.0 
face 1.0 272.0 117.0 286.0 133.0 
face 1.0 265.0 146.0 281.0 168.0 
face 1.0 308.0 150.0 325.0 172.0 
face 1.0 304.0 101.0 315.0 116.0 
face 1.0 305.0 78.0 317.0 92.0 
face 1.0 333.0 98.0 342.0 110.0 
face 1.0 341.0 95.0 353.0 109.0 
face 1.0 359.0 101.0 370.0 115.0 
face 1.0 302.0 133.0 313.0 149.0 
face 1.0 323.0 160.0 337.0 177.0 
face 1.0 362.0 197.0 384.0 229.0 
face 1.0 378.0 178.0 398.0 204.0 
face 1.0 388.0 123.0 402.0 142.0 
face 1.0 376.0 93.0 387.0 109.0 
face 1.0 226.0 123.0 236.0 136.0 
face 1.0 363.0 137.0 381.0 160.0 
face 1.0 323.0 130.0 337.0 149.0 
face 1.0 339.0 116.0 352.0 131.0 
face 1.0 323.0 115.0 336.0 131.0 
face 1.0 395.0 99.0 409.0 113.0 
face 1.0 389.0 78.0 401.0 91.0 
face 1.0 402.0 153.0 420.0 174.0 
face 1.0 400.0 209.0 417.0 232.0 
face 1.0 202.0 82.0 214.0 97.0 
face 1.0 278.0 137.0 291.0 153.0 
face 1.0 358.0 127.0 371.0 141.0 
face 1.0 339.0 73.0 350.0 88.0 
face 1.0 349.0 72.0 362.0 87.0 
face 1.0 426.0 98.0 439.0 115.0 
face 1.0 408.0 84.0 414.0 101.0 
face 1.0 417.0 69.0 428.0 83.0 
face 1.0 445.0 132.0 460.0 151.0 
face 1.0 477.0 133.0 490.0 150.0 
face 1.0 445.0 92.0 454.0 107.0 
face 1.0 453.0 82.0 464.0 94.0 
face 1.0 475.0 80.0 486.0 93.0 
face 1.0 422.0 148.0 437.0 166.0 
face 1.0 456.0 166.0 472.0 188.0 
face 1.0 485.0 159.0 505.0 183.0 
face 1.0 509.0 116.0 521.0 134.0 
face 1.0 464.0 226.0 485.0 251.0 
face 1.0 499.0 200.0 518.0 228.0 
face 1.0 530.0 237.0 552.0 266.0 
face 1.0 585.0 252.0 614.0 288.0 
face 1.0 531.0 192.0 553.0 222.0 
face 1.0 567.0 187.0 587.0 215.0 
face 1.0 556.0 183.0 571.0 204.0 
face 1.0 587.0 206.0 608.0 230.0 
face 1.0 523.0 128.0 536.0 147.0 
face 1.0 528.0 144.0 546.0 164.0 
face 1.0 560.0 142.0 579.0 165.0 
face 1.0 501.0 88.0 513.0 105.0 
face 1.0 517.0 75.0 529.0 92.0 
face 1.0 593.0 98.0 604.0 114.0 
face 1.0 574.0 76.0 587.0 92.0 
face 1.0 614.0 97.0 627.0 116.0 
face 1.0 614.0 71.0 624.0 84.0 
face 1.0 622.0 120.0 637.0 137.0 
face 1.0 543.0 114.0 556.0 129.0 
face 1.0 537.0 60.0 546.0 73.0 
face 1.0 647.0 142.0 665.0 163.0 
face 1.0 643.0 171.0 661.0 193.0 
face 1.0 645.0 127.0 662.0 147.0 
face 1.0 638.0 103.0 652.0 118.0 
face 1.0 640.0 82.0 653.0 98.0 
face 1.0 662.0 66.0 672.0 81.0 
face 1.0 666.0 131.0 675.0 146.0 
face 1.0 625.0 199.0 641.0 227.0 
face 1.0 636.0 195.0 659.0 228.0 
face 1.0 625.0 235.0 650.0 271.0 
face 1.0 661.0 189.0 683.0 215.0 
face 1.0 669.0 212.0 688.0 239.0 
face 1.0 740.0 190.0 763.0 216.0 
face 1.0 719.0 157.0 741.0 182.0 
face 1.0 781.0 201.0 795.0 222.0 
face 1.0 801.0 201.0 821.0 226.0 
face 1.0 795.0 233.0 816.0 257.0 
face 1.0 828.0 242.0 852.0 272.0 
face 1.0 677.0 128.0 692.0 145.0 
face 1.0 679.0 94.0 690.0 111.0 
face 1.0 698.0 78.0 710.0 92.0 
face 1.0 733.0 143.0 752.0 169.0 
face 1.0 730.0 111.0 743.0 128.0 
face 1.0 760.0 136.0 777.0 153.0 
face 1.0 765.0 150.0 778.0 176.0 
face 1.0 796.0 137.0 811.0 157.0 
face 1.0 837.0 137.0 855.0 160.0 
face 1.0 828.0 178.0 845.0 202.0 
face 1.0 844.0 121.0 861.0 141.0 
face 1.0 827.0 113.0 842.0 130.0 
face 1.0 745.0 69.0 757.0 82.0 
face 1.0 859.0 256.0 884.0 291.0 
face 1.0 881.0 273.0 911.0 313.0 
face 1.0 872.0 237.0 900.0 268.0 
face 1.0 871.0 183.0 888.0 204.0 
face 1.0 891.0 172.0 917.0 208.0 
face 1.0 923.0 290.0 947.0 320.0 
face 1.0 790.0 108.0 800.0 121.0 
face 1.0 867.0 153.0 882.0 171.0 
face 1.0 885.0 145.0 903.0 167.0 
face 1.0 905.0 145.0 926.0 173.0 
face 1.0 973.0 190.0 998.0 220.0 
face 1.0 948.0 163.0 965.0 182.0 
face 1.0 966.0 163.0 982.0 184.0 
face 1.0 925.0 108.0 940.0 125.0 
face 1.0 901.0 98.0 914.0 114.0 
face 1.0 959.0 112.0 972.0 127.0 
face 1.0 989.0 106.0 1001.0 122.0 
face 1.0 1008.0 134.0 1023.0 157.0 
face 1.0 1004.0 231.0 1023.0 267.0 
face 1.0 789.0 82.0 802.0 98.0 
face 1.0 780.0 103.0 790.0 118.0 
face 1.0 867.0 83.0 877.0 97.0 
face 1.0 711.0 343.0 726.0 372.0 
face 1.0 706.0 127.0 722.0 145.0 
face 1.0 834.0 66.0 847.0 85.0 
face 1.0 851.0 65.0 862.0 79.0 
face 1.0 970.0 86.0 982.0 104.0 
face 1.0 1001.0 81.0 1013.0 96.0 
face 1.0 912.0 78.0 924.0 94.0 
face 1.0 934.0 91.0 943.0 104.0 
face 1.0 477.0 110.0 493.0 131.0 
face 1.0 455.0 118.0 470.0 136.0 
