face 1.0 433.0 285.0 445.0 307.0 
face 1.0 572.0 298.0 587.0 324.0 
face 1.0 611.0 290.0 620.0 311.0 
face 1.0 491.0 302.0 497.0 315.0 
face 1.0 672.0 226.0 789.0 401.0 
face 1.0 605.0 419.0 623.0 449.0 
face 1.0 586.0 420.0 605.0 451.0 
face 1.0 150.0 622.0 258.0 759.0 
face 1.0 310.0 391.0 341.0 423.0 
face 1.0 281.0 386.0 292.0 422.0 
face 1.0 658.0 358.0 673.0 379.0 
face 1.0 650.0 304.0 657.0 317.0 
face 1.0 159.0 276.0 167.0 285.0 
face 1.0 356.0 307.0 366.0 323.0 
face 1.0 450.0 310.0 460.0 323.0 
face 1.0 508.0 309.0 516.0 322.0 
face 1.0 497.0 300.0 507.0 311.0 
