face 1.0 193.0 131.0 207.0 154.0 
face 1.0 268.0 111.0 285.0 134.0 
face 1.0 301.0 92.0 316.0 110.0 
face 1.0 348.0 103.0 361.0 120.0 
face 1.0 390.0 112.0 405.0 126.0 
face 1.0 431.0 120.0 444.0 135.0 
face 1.0 465.0 105.0 480.0 121.0 
face 1.0 509.0 107.0 524.0 123.0 
face 1.0 554.0 99.0 568.0 112.0 
face 1.0 621.0 110.0 637.0 126.0 
face 1.0 664.0 120.0 678.0 137.0 
face 1.0 732.0 109.0 747.0 126.0 
face 1.0 713.0 88.0 727.0 104.0 
face 1.0 775.0 128.0 786.0 149.0 
face 1.0 805.0 84.0 820.0 99.0 
face 1.0 839.0 81.0 852.0 105.0 
face 1.0 886.0 98.0 906.0 118.0 
face 1.0 947.0 68.0 964.0 88.0 
