face 1.0 386.0 316.0 416.0 348.0 
face 1.0 465.0 307.0 495.0 341.0 
face 1.0 382.0 225.0 413.0 268.0 
face 1.0 396.0 187.0 427.0 223.0 
face 1.0 484.0 210.0 517.0 249.0 
face 1.0 534.0 182.0 565.0 215.0 
face 1.0 584.0 229.0 612.0 263.0 
face 1.0 654.0 221.0 684.0 254.0 
face 1.0 698.0 199.0 729.0 233.0 
face 1.0 563.0 280.0 595.0 314.0 
face 1.0 677.0 262.0 709.0 296.0 
face 1.0 550.0 364.0 579.0 396.0 
face 1.0 652.0 366.0 681.0 398.0 
face 1.0 743.0 250.0 773.0 288.0 
face 1.0 790.0 193.0 822.0 235.0 
face 1.0 775.0 278.0 810.0 312.0 
face 1.0 842.0 257.0 873.0 293.0 
face 1.0 174.0 183.0 205.0 222.0 
face 1.0 116.0 269.0 149.0 297.0 
face 1.0 214.0 238.0 252.0 277.0 
face 1.0 279.0 221.0 313.0 262.0 
face 1.0 135.0 392.0 171.0 436.0 
face 1.0 238.0 338.0 268.0 370.0 
face 1.0 350.0 233.0 387.0 278.0 
