face 1.0 87.0 335.0 123.0 372.0 
face 1.0 123.0 299.0 156.0 340.0 
face 1.0 166.0 299.0 199.0 336.0 
face 1.0 219.0 337.0 249.0 377.0 
face 1.0 251.0 310.0 284.0 347.0 
face 1.0 327.0 289.0 354.0 323.0 
face 1.0 361.0 335.0 388.0 369.0 
face 1.0 437.0 309.0 464.0 341.0 
face 1.0 470.0 319.0 498.0 356.0 
face 1.0 550.0 343.0 575.0 371.0 
face 1.0 553.0 378.0 590.0 424.0 
face 1.0 262.0 401.0 297.0 443.0 
face 1.0 352.0 449.0 387.0 490.0 
face 1.0 456.0 400.0 486.0 437.0 
face 1.0 592.0 412.0 627.0 456.0 
face 1.0 702.0 405.0 733.0 444.0 
face 1.0 635.0 342.0 661.0 371.0 
face 1.0 663.0 310.0 690.0 343.0 
face 1.0 745.0 389.0 772.0 423.0 
face 1.0 772.0 347.0 800.0 377.0 
face 1.0 830.0 346.0 863.0 384.0 
face 1.0 791.0 410.0 830.0 452.0 
face 1.0 898.0 336.0 932.0 375.0 
