face 1.0 110.0 951.0 134.0 978.0 
face 1.0 351.0 1028.0 379.0 1060.0 
face 1.0 254.0 1025.0 279.0 1059.0 
face 1.0 163.0 1032.0 191.0 1066.0 
face 1.0 869.0 313.0 912.0 363.0 
face 1.0 801.0 290.0 840.0 337.0 
face 1.0 755.0 352.0 795.0 399.0 
face 1.0 688.0 280.0 732.0 324.0 
face 1.0 748.0 234.0 785.0 273.0 
face 1.0 682.0 243.0 723.0 285.0 
face 1.0 641.0 240.0 676.0 284.0 
face 1.0 609.0 217.0 644.0 255.0 
face 1.0 679.0 187.0 703.0 214.0 
face 1.0 714.0 186.0 743.0 226.0 
face 1.0 663.0 144.0 697.0 181.0 
face 1.0 564.0 276.0 600.0 320.0 
face 1.0 587.0 344.0 624.0 389.0 
face 1.0 476.0 270.0 514.0 319.0 
face 1.0 508.0 206.0 544.0 247.0 
face 1.0 538.0 213.0 566.0 252.0 
face 1.0 436.0 158.0 470.0 198.0 
face 1.0 423.0 270.0 463.0 311.0 
face 1.0 403.0 231.0 432.0 269.0 
face 1.0 362.0 230.0 393.0 261.0 
face 1.0 359.0 279.0 396.0 320.0 
face 1.0 370.0 349.0 412.0 397.0 
face 1.0 277.0 296.0 313.0 339.0 
face 1.0 310.0 258.0 343.0 297.0 
face 1.0 284.0 216.0 315.0 251.0 
face 1.0 305.0 147.0 337.0 186.0 
face 1.0 214.0 311.0 255.0 357.0 
face 1.0 191.0 229.0 226.0 271.0 
face 1.0 144.0 276.0 178.0 318.0 
face 1.0 103.0 275.0 145.0 324.0 
face 1.0 238.0 492.0 276.0 543.0 
face 1.0 168.0 498.0 205.0 536.0 
face 1.0 109.0 493.0 146.0 537.0 
face 1.0 573.0 490.0 613.0 541.0 
face 1.0 854.0 849.0 881.0 883.0 
face 1.0 827.0 847.0 852.0 877.0 
face 1.0 810.0 903.0 834.0 935.0 
face 1.0 743.0 894.0 766.0 924.0 
face 1.0 772.0 885.0 787.0 909.0 
face 1.0 735.0 846.0 760.0 878.0 
face 1.0 676.0 870.0 705.0 900.0 
face 1.0 652.0 853.0 675.0 884.0 
face 1.0 608.0 848.0 633.0 879.0 
face 1.0 568.0 880.0 597.0 908.0 
face 1.0 555.0 829.0 580.0 858.0 
face 1.0 818.0 1042.0 845.0 1075.0 
face 1.0 739.0 1048.0 766.0 1079.0 
face 1.0 644.0 1035.0 672.0 1072.0 
face 1.0 506.0 949.0 525.0 974.0 
face 1.0 506.0 1016.0 539.0 1048.0 
face 1.0 449.0 1028.0 477.0 1064.0 
face 1.0 496.0 842.0 521.0 874.0 
face 1.0 458.0 831.0 480.0 864.0 
face 1.0 429.0 843.0 454.0 875.0 
face 1.0 396.0 876.0 419.0 906.0 
face 1.0 355.0 850.0 382.0 884.0 
face 1.0 306.0 826.0 332.0 856.0 
face 1.0 309.0 870.0 338.0 900.0 
face 1.0 263.0 876.0 290.0 907.0 
face 1.0 233.0 867.0 254.0 896.0 
face 1.0 205.0 865.0 233.0 896.0 
face 1.0 134.0 874.0 156.0 903.0 
face 1.0 88.0 864.0 116.0 892.0 
