face 1.0 902.0 492.0 988.0 593.0 
face 1.0 545.0 176.0 644.0 308.0 
face 1.0 846.0 363.0 860.0 379.0 
face 1.0 352.0 348.0 359.0 355.0 
face 1.0 433.0 350.0 441.0 360.0 
face 1.0 390.0 362.0 417.0 395.0 
face 1.0 516.0 508.0 625.0 647.0 
face 1.0 114.0 633.0 194.0 726.0 
face 1.0 60.0 314.0 70.0 328.0 
face 1.0 305.0 346.0 309.0 352.0 
face 1.0 253.0 344.0 259.0 353.0 
face 1.0 234.0 335.0 240.0 345.0 
face 1.0 190.0 333.0 195.0 340.0 
face 1.0 170.0 335.0 176.0 343.0 
face 1.0 85.0 169.0 100.0 191.0 
face 1.0 93.0 168.0 111.0 193.0 
