face 1.0 47.0 280.0 84.0 323.0 
face 1.0 129.0 235.0 165.0 278.0 
face 1.0 31.0 236.0 66.0 270.0 
face 1.0 190.0 251.0 225.0 294.0 
face 1.0 252.0 238.0 287.0 280.0 
face 1.0 318.0 271.0 346.0 308.0 
face 1.0 331.0 244.0 360.0 278.0 
face 1.0 383.0 330.0 411.0 368.0 
face 1.0 394.0 241.0 424.0 279.0 
face 1.0 458.0 252.0 486.0 289.0 
face 1.0 499.0 227.0 531.0 266.0 
face 1.0 572.0 240.0 602.0 274.0 
face 1.0 655.0 218.0 684.0 255.0 
face 1.0 707.0 209.0 738.0 247.0 
face 1.0 551.0 318.0 579.0 345.0 
face 1.0 574.0 349.0 601.0 381.0 
face 1.0 576.0 492.0 609.0 528.0 
face 1.0 744.0 556.0 776.0 588.0 
face 1.0 1.0 542.0 34.0 587.0 
face 1.0 139.0 554.0 181.0 597.0 
face 1.0 278.0 533.0 319.0 579.0 
face 1.0 339.0 557.0 372.0 591.0 
face 1.0 639.0 579.0 672.0 606.0 
face 1.0 460.0 514.0 494.0 548.0 
face 1.0 757.0 256.0 786.0 290.0 
face 1.0 779.0 217.0 811.0 251.0 
face 1.0 812.0 229.0 845.0 267.0 
face 1.0 895.0 234.0 930.0 275.0 
face 1.0 971.0 250.0 1007.0 285.0 
