face 1.0 106.0 112.0 145.0 152.0 
face 1.0 189.0 170.0 230.0 213.0 
face 1.0 240.0 129.0 273.0 169.0 
face 1.0 305.0 180.0 343.0 221.0 
face 1.0 335.0 135.0 369.0 176.0 
face 1.0 366.0 210.0 394.0 237.0 
face 1.0 416.0 141.0 450.0 183.0 
face 1.0 447.0 170.0 482.0 213.0 
face 1.0 540.0 173.0 571.0 213.0 
face 1.0 517.0 137.0 548.0 178.0 
face 1.0 443.0 251.0 480.0 290.0 
face 1.0 627.0 173.0 662.0 215.0 
face 1.0 624.0 132.0 655.0 172.0 
face 1.0 717.0 142.0 750.0 185.0 
face 1.0 724.0 241.0 751.0 268.0 
face 1.0 763.0 190.0 799.0 233.0 
face 1.0 838.0 155.0 873.0 196.0 
face 1.0 866.0 207.0 905.0 255.0 
face 1.0 645.0 311.0 678.0 346.0 
face 1.0 559.0 312.0 593.0 351.0 
face 1.0 631.0 389.0 660.0 423.0 
face 1.0 241.0 222.0 279.0 267.0 
face 1.0 171.0 295.0 196.0 320.0 
