face 1.0 38.0 66.0 79.0 115.0 
face 1.0 135.0 93.0 172.0 134.0 
face 1.0 229.0 66.0 265.0 110.0 
face 1.0 384.0 30.0 420.0 77.0 
face 1.0 492.0 52.0 529.0 98.0 
face 1.0 555.0 76.0 592.0 115.0 
face 1.0 637.0 77.0 675.0 121.0 
face 1.0 732.0 82.0 775.0 128.0 
face 1.0 845.0 101.0 885.0 149.0 
face 1.0 971.0 60.0 1018.0 116.0 
face 1.0 894.0 293.0 945.0 353.0 
face 1.0 784.0 274.0 827.0 330.0 
face 1.0 667.0 260.0 709.0 318.0 
face 1.0 562.0 247.0 601.0 292.0 
face 1.0 203.0 213.0 255.0 275.0 
face 1.0 72.0 271.0 116.0 322.0 
