face 1.0 48.0 142.0 104.0 196.0 
face 1.0 276.0 31.0 317.0 75.0 
face 1.0 249.0 179.0 290.0 222.0 
face 1.0 318.0 165.0 363.0 215.0 
face 1.0 489.0 175.0 539.0 230.0 
face 1.0 655.0 129.0 705.0 187.0 
face 1.0 340.0 287.0 390.0 337.0 
face 1.0 464.0 325.0 523.0 407.0 
face 1.0 308.0 331.0 374.0 405.0 
face 1.0 176.0 437.0 231.0 498.0 
face 1.0 173.0 312.0 224.0 368.0 
face 1.0 150.0 235.0 196.0 277.0 
face 1.0 5.0 377.0 67.0 438.0 
face 1.0 617.0 395.0 687.0 485.0 
face 1.0 758.0 494.0 833.0 570.0 
face 1.0 859.0 490.0 900.0 529.0 
face 1.0 720.0 340.0 778.0 399.0 
face 1.0 541.0 171.0 582.0 219.0 
face 1.0 613.0 327.0 661.0 373.0 
face 1.0 754.0 286.0 807.0 339.0 
face 1.0 800.0 60.0 843.0 105.0 
face 1.0 984.0 211.0 1006.0 247.0 
face 1.0 888.0 315.0 938.0 370.0 
