face 1.0 127.0 246.0 177.0 306.0 
face 1.0 183.0 241.0 222.0 288.0 
face 1.0 238.0 301.0 278.0 338.0 
face 1.0 270.0 331.0 316.0 378.0 
face 1.0 351.0 320.0 383.0 351.0 
face 1.0 354.0 267.0 400.0 305.0 
face 1.0 431.0 261.0 475.0 316.0 
face 1.0 503.0 284.0 542.0 327.0 
face 1.0 623.0 273.0 665.0 322.0 
face 1.0 673.0 259.0 709.0 302.0 
face 1.0 779.0 270.0 812.0 301.0 
face 1.0 744.0 239.0 785.0 285.0 
face 1.0 931.0 245.0 975.0 288.0 
face 1.0 414.0 365.0 461.0 408.0 
face 1.0 605.0 439.0 646.0 481.0 
face 1.0 703.0 501.0 743.0 543.0 
face 1.0 729.0 360.0 771.0 407.0 
face 1.0 211.0 498.0 255.0 543.0 
face 1.0 243.0 561.0 289.0 608.0 
face 1.0 120.0 316.0 167.0 371.0 
