face 1.0 247.0 268.0 289.0 322.0 
face 1.0 686.0 232.0 696.0 245.0 
face 1.0 751.0 229.0 761.0 243.0 
face 1.0 860.0 345.0 868.0 354.0 
face 1.0 867.0 349.0 877.0 357.0 
face 1.0 883.0 344.0 890.0 353.0 
face 1.0 903.0 347.0 911.0 358.0 
face 1.0 899.0 350.0 903.0 356.0 
face 1.0 920.0 353.0 927.0 362.0 
face 1.0 926.0 349.0 932.0 354.0 
face 1.0 968.0 332.0 982.0 349.0 
face 1.0 964.0 336.0 972.0 349.0 
face 1.0 997.0 346.0 1016.0 366.0 
face 1.0 688.0 107.0 697.0 118.0 
face 1.0 711.0 116.0 718.0 125.0 
face 1.0 656.0 97.0 663.0 106.0 
face 1.0 767.0 114.0 774.0 123.0 
face 1.0 789.0 99.0 798.0 110.0 
