face 1.0 62.0 286.0 72.0 299.0 
face 1.0 89.0 271.0 102.0 286.0 
face 1.0 30.0 210.0 40.0 224.0 
face 1.0 47.0 215.0 57.0 226.0 
face 1.0 61.0 210.0 68.0 219.0 
face 1.0 80.0 215.0 90.0 224.0 
face 1.0 98.0 210.0 105.0 218.0 
face 1.0 122.0 209.0 129.0 219.0 
face 1.0 127.0 231.0 136.0 242.0 
face 1.0 137.0 211.0 146.0 223.0 
face 1.0 149.0 211.0 155.0 220.0 
face 1.0 172.0 214.0 182.0 228.0 
face 1.0 192.0 214.0 202.0 225.0 
face 1.0 210.0 204.0 218.0 215.0 
face 1.0 225.0 210.0 233.0 218.0 
face 1.0 233.0 224.0 242.0 235.0 
face 1.0 255.0 207.0 263.0 215.0 
face 1.0 259.0 218.0 267.0 227.0 
face 1.0 283.0 204.0 292.0 215.0 
face 1.0 288.0 211.0 299.0 225.0 
face 1.0 300.0 208.0 310.0 219.0 
face 1.0 336.0 209.0 343.0 217.0 
face 1.0 351.0 217.0 360.0 225.0 
face 1.0 364.0 209.0 372.0 218.0 
face 1.0 367.0 217.0 376.0 230.0 
face 1.0 376.0 207.0 384.0 217.0 
face 1.0 383.0 220.0 392.0 232.0 
face 1.0 310.0 264.0 319.0 273.0 
face 1.0 396.0 223.0 403.0 230.0 
face 1.0 404.0 219.0 411.0 230.0 
face 1.0 446.0 213.0 455.0 226.0 
face 1.0 426.0 277.0 437.0 286.0 
face 1.0 478.0 215.0 488.0 227.0 
face 1.0 486.0 222.0 492.0 230.0 
face 1.0 493.0 217.0 500.0 227.0 
face 1.0 519.0 219.0 528.0 230.0 
face 1.0 546.0 228.0 555.0 239.0 
face 1.0 581.0 216.0 589.0 226.0 
face 1.0 597.0 226.0 604.0 236.0 
face 1.0 630.0 224.0 639.0 234.0 
face 1.0 636.0 244.0 657.0 269.0 
face 1.0 681.0 228.0 690.0 239.0 
face 1.0 682.0 276.0 690.0 285.0 
face 1.0 691.0 216.0 700.0 226.0 
face 1.0 708.0 223.0 717.0 233.0 
face 1.0 718.0 220.0 728.0 231.0 
face 1.0 763.0 295.0 773.0 307.0 
face 1.0 743.0 214.0 754.0 228.0 
face 1.0 780.0 215.0 788.0 228.0 
face 1.0 821.0 219.0 830.0 232.0 
face 1.0 838.0 227.0 848.0 238.0 
face 1.0 859.0 222.0 869.0 234.0 
face 1.0 872.0 226.0 882.0 239.0 
face 1.0 896.0 226.0 905.0 236.0 
face 1.0 913.0 230.0 923.0 246.0 
face 1.0 947.0 226.0 955.0 237.0 
face 1.0 968.0 219.0 979.0 231.0 
face 1.0 996.0 238.0 1007.0 249.0 
face 1.0 837.0 275.0 851.0 286.0 
face 1.0 896.0 276.0 918.0 301.0 
face 1.0 3.0 193.0 15.0 205.0 
face 1.0 899.0 241.0 908.0 251.0 
face 1.0 409.0 207.0 415.0 215.0 
