face 1.0 170.0 248.0 177.0 257.0 
face 1.0 193.0 243.0 201.0 253.0 
face 1.0 214.0 226.0 220.0 234.0 
face 1.0 207.0 259.0 218.0 275.0 
face 1.0 259.0 266.0 272.0 277.0 
face 1.0 233.0 240.0 242.0 252.0 
face 1.0 269.0 281.0 279.0 295.0 
face 1.0 295.0 263.0 309.0 280.0 
face 1.0 289.0 235.0 297.0 246.0 
face 1.0 304.0 229.0 311.0 240.0 
face 1.0 336.0 228.0 343.0 237.0 
face 1.0 361.0 266.0 373.0 281.0 
face 1.0 334.0 255.0 345.0 270.0 
face 1.0 351.0 247.0 359.0 260.0 
face 1.0 381.0 238.0 388.0 249.0 
face 1.0 400.0 254.0 410.0 266.0 
face 1.0 429.0 287.0 442.0 305.0 
face 1.0 403.0 325.0 418.0 349.0 
face 1.0 341.0 290.0 352.0 302.0 
face 1.0 417.0 235.0 425.0 246.0 
face 1.0 434.0 226.0 441.0 237.0 
face 1.0 458.0 235.0 464.0 247.0 
face 1.0 482.0 234.0 490.0 244.0 
face 1.0 471.0 249.0 480.0 258.0 
face 1.0 462.0 265.0 474.0 276.0 
face 1.0 566.0 266.0 576.0 280.0 
face 1.0 594.0 257.0 603.0 270.0 
face 1.0 621.0 260.0 632.0 269.0 
face 1.0 660.0 332.0 673.0 350.0 
face 1.0 661.0 279.0 672.0 293.0 
face 1.0 703.0 291.0 714.0 309.0 
face 1.0 709.0 240.0 716.0 250.0 
face 1.0 742.0 246.0 749.0 256.0 
face 1.0 633.0 221.0 638.0 227.0 
face 1.0 793.0 210.0 853.0 317.0 
face 1.0 784.0 278.0 789.0 285.0 
face 1.0 774.0 302.0 780.0 309.0 
face 1.0 763.0 260.0 768.0 267.0 
face 1.0 774.0 270.0 777.0 274.0 
face 1.0 16.0 358.0 26.0 397.0 
face 1.0 17.0 348.0 35.0 374.0 
face 1.0 56.0 356.0 73.0 384.0 
face 1.0 73.0 348.0 91.0 372.0 
face 1.0 96.0 326.0 112.0 340.0 
face 1.0 54.0 298.0 66.0 314.0 
face 1.0 76.0 275.0 84.0 286.0 
face 1.0 98.0 283.0 109.0 296.0 
face 1.0 124.0 272.0 133.0 286.0 
face 1.0 141.0 259.0 150.0 271.0 
face 1.0 125.0 261.0 132.0 269.0 
face 1.0 171.0 265.0 181.0 279.0 
face 1.0 179.0 286.0 189.0 298.0 
face 1.0 187.0 284.0 198.0 297.0 
face 1.0 165.0 330.0 180.0 346.0 
face 1.0 170.0 372.0 190.0 399.0 
face 1.0 223.0 337.0 239.0 363.0 
face 1.0 236.0 335.0 250.0 361.0 
face 1.0 253.0 356.0 268.0 382.0 
face 1.0 162.0 248.0 168.0 258.0 
face 1.0 502.0 170.0 507.0 176.0 
face 1.0 664.0 239.0 671.0 249.0 
face 1.0 767.0 281.0 771.0 288.0 
face 1.0 657.0 259.0 664.0 266.0 
face 1.0 479.0 264.0 487.0 274.0 
face 1.0 447.0 256.0 455.0 269.0 
face 1.0 289.0 295.0 302.0 313.0 
face 1.0 219.0 299.0 228.0 314.0 
