face 1.0 83.0 237.0 148.0 333.0 
face 1.0 179.0 212.0 238.0 298.0 
face 1.0 349.0 205.0 387.0 265.0 
face 1.0 129.0 101.0 157.0 143.0 
face 1.0 470.0 195.0 513.0 262.0 
face 1.0 563.0 193.0 595.0 252.0 
face 1.0 594.0 181.0 642.0 254.0 
face 1.0 685.0 212.0 722.0 267.0 
face 1.0 720.0 211.0 753.0 270.0 
face 1.0 785.0 194.0 818.0 245.0 
face 1.0 841.0 185.0 860.0 216.0 
face 1.0 810.0 198.0 826.0 235.0 
face 1.0 882.0 191.0 899.0 219.0 
face 1.0 917.0 181.0 941.0 211.0 
face 1.0 941.0 188.0 962.0 210.0 
face 1.0 958.0 181.0 981.0 211.0 
face 1.0 997.0 188.0 1020.0 213.0 
