face 1.0 206.0 440.0 239.0 483.0 
face 1.0 32.0 493.0 60.0 555.0 
face 1.0 172.0 390.0 187.0 415.0 
face 1.0 130.0 377.0 144.0 395.0 
face 1.0 207.0 382.0 223.0 406.0 
face 1.0 268.0 388.0 279.0 406.0 
face 1.0 277.0 378.0 291.0 400.0 
face 1.0 376.0 403.0 394.0 431.0 
face 1.0 394.0 450.0 411.0 497.0 
face 1.0 550.0 405.0 559.0 428.0 
face 1.0 622.0 436.0 648.0 479.0 
face 1.0 716.0 457.0 739.0 495.0 
face 1.0 818.0 427.0 840.0 458.0 
face 1.0 793.0 381.0 802.0 397.0 
face 1.0 801.0 347.0 812.0 362.0 
face 1.0 955.0 358.0 969.0 372.0 
face 1.0 990.0 404.0 1004.0 428.0 
face 1.0 962.0 328.0 970.0 338.0 
