face 1.0 978.0 210.0 983.0 218.0 
face 1.0 942.0 200.0 947.0 207.0 
face 1.0 881.0 178.0 890.0 194.0 
face 1.0 829.0 196.0 839.0 209.0 
face 1.0 805.0 192.0 814.0 205.0 
face 1.0 758.0 188.0 767.0 199.0 
face 1.0 740.0 191.0 748.0 204.0 
face 1.0 709.0 198.0 719.0 210.0 
face 1.0 570.0 195.0 575.0 204.0 
face 1.0 563.0 189.0 570.0 197.0 
face 1.0 551.0 185.0 557.0 196.0 
face 1.0 541.0 192.0 549.0 202.0 
face 1.0 517.0 190.0 526.0 201.0 
face 1.0 495.0 195.0 501.0 202.0 
face 1.0 421.0 193.0 428.0 204.0 
face 1.0 390.0 188.0 395.0 198.0 
face 1.0 355.0 181.0 364.0 192.0 
face 1.0 324.0 195.0 331.0 206.0 
face 1.0 229.0 188.0 236.0 198.0 
face 1.0 190.0 197.0 200.0 209.0 
face 1.0 159.0 201.0 168.0 211.0 
face 1.0 171.0 195.0 180.0 203.0 
face 1.0 114.0 196.0 123.0 210.0 
face 1.0 102.0 180.0 112.0 195.0 
face 1.0 68.0 198.0 79.0 210.0 
face 1.0 294.0 193.0 310.0 210.0 
face 1.0 242.0 245.0 249.0 254.0 
face 1.0 488.0 194.0 493.0 203.0 
