face 1.0 30.0 317.0 39.0 327.0 
face 1.0 266.0 361.0 276.0 375.0 
face 1.0 304.0 317.0 312.0 326.0 
face 1.0 261.0 272.0 268.0 279.0 
face 1.0 322.0 266.0 329.0 274.0 
face 1.0 350.0 380.0 364.0 395.0 
face 1.0 209.0 492.0 246.0 542.0 
face 1.0 312.0 491.0 337.0 530.0 
face 1.0 332.0 439.0 352.0 461.0 
face 1.0 353.0 448.0 369.0 472.0 
face 1.0 394.0 272.0 400.0 278.0 
face 1.0 411.0 269.0 416.0 275.0 
face 1.0 451.0 268.0 458.0 275.0 
face 1.0 526.0 348.0 537.0 362.0 
face 1.0 881.0 456.0 896.0 479.0 
face 1.0 914.0 399.0 926.0 417.0 
face 1.0 910.0 420.0 922.0 437.0 
face 1.0 932.0 421.0 951.0 442.0 
face 1.0 886.0 376.0 895.0 388.0 
face 1.0 972.0 496.0 991.0 519.0 
face 1.0 1006.0 484.0 1021.0 506.0 
face 1.0 709.0 195.0 715.0 201.0 
face 1.0 625.0 207.0 633.0 214.0 
face 1.0 429.0 204.0 435.0 212.0 
face 1.0 579.0 212.0 585.0 217.0 
face 1.0 276.0 425.0 291.0 449.0 
face 1.0 197.0 276.0 207.0 288.0 
