face 1.0 116.0 286.0 131.0 307.0 
face 1.0 28.0 184.0 36.0 194.0 
face 1.0 315.0 228.0 325.0 240.0 
face 1.0 0.0 347.0 12.0 368.0 
face 1.0 0.0 395.0 9.0 420.0 
face 1.0 131.0 282.0 145.0 300.0 
face 1.0 141.0 264.0 155.0 279.0 
face 1.0 158.0 240.0 171.0 254.0 
face 1.0 92.0 258.0 108.0 276.0 
face 1.0 46.0 286.0 62.0 307.0 
face 1.0 214.0 292.0 230.0 311.0 
face 1.0 203.0 315.0 218.0 340.0 
face 1.0 181.0 337.0 201.0 364.0 
face 1.0 15.0 303.0 33.0 319.0 
face 1.0 18.0 327.0 37.0 346.0 
face 1.0 256.0 339.0 273.0 364.0 
face 1.0 258.0 307.0 275.0 333.0 
face 1.0 308.0 324.0 327.0 347.0 
face 1.0 309.0 279.0 324.0 299.0 
face 1.0 8.0 207.0 18.0 219.0 
face 1.0 25.0 197.0 33.0 207.0 
face 1.0 35.0 198.0 44.0 209.0 
face 1.0 32.0 210.0 43.0 221.0 
face 1.0 51.0 206.0 60.0 218.0 
face 1.0 75.0 204.0 82.0 213.0 
face 1.0 92.0 200.0 101.0 209.0 
face 1.0 130.0 204.0 137.0 216.0 
face 1.0 100.0 216.0 109.0 228.0 
face 1.0 76.0 222.0 83.0 232.0 
face 1.0 175.0 191.0 183.0 205.0 
face 1.0 266.0 264.0 278.0 281.0 
face 1.0 230.0 243.0 244.0 264.0 
face 1.0 116.0 201.0 123.0 209.0 
face 1.0 154.0 198.0 162.0 208.0 
face 1.0 183.0 255.0 194.0 270.0 
face 1.0 196.0 192.0 204.0 205.0 
face 1.0 218.0 246.0 228.0 260.0 
face 1.0 106.0 255.0 115.0 270.0 
face 1.0 96.0 230.0 103.0 240.0 
face 1.0 123.0 335.0 145.0 361.0 
face 1.0 198.0 248.0 211.0 265.0 
face 1.0 262.0 233.0 273.0 245.0 
face 1.0 288.0 246.0 303.0 264.0 
face 1.0 60.0 260.0 72.0 274.0 
face 1.0 59.0 350.0 78.0 373.0 
face 1.0 22.0 236.0 34.0 250.0 
face 1.0 52.0 234.0 63.0 247.0 
face 1.0 67.0 229.0 78.0 242.0 
face 1.0 26.0 260.0 41.0 277.0 
