face 1.0 128.0 514.0 143.0 530.0 
face 1.0 308.0 425.0 339.0 461.0 
face 1.0 73.0 568.0 92.0 594.0 
face 1.0 407.0 267.0 439.0 305.0 
face 1.0 548.0 128.0 577.0 165.0 
face 1.0 514.0 280.0 555.0 332.0 
face 1.0 687.0 267.0 720.0 309.0 
face 1.0 560.0 398.0 599.0 452.0 
face 1.0 763.0 417.0 797.0 457.0 
face 1.0 665.0 504.0 680.0 520.0 
face 1.0 419.0 592.0 434.0 605.0 
face 1.0 921.0 479.0 934.0 496.0 
face 1.0 978.0 505.0 995.0 529.0 
face 1.0 1004.0 524.0 1018.0 538.0 
face 1.0 959.0 491.0 974.0 512.0 
face 1.0 996.0 504.0 1011.0 525.0 
face 1.0 0.0 496.0 16.0 522.0 
face 1.0 54.0 491.0 67.0 508.0 
face 1.0 20.0 466.0 32.0 482.0 
