face 1.0 140.0 318.0 164.0 347.0 
face 1.0 161.0 282.0 182.0 304.0 
face 1.0 149.0 404.0 238.0 509.0 
face 1.0 236.0 278.0 265.0 312.0 
face 1.0 261.0 275.0 296.0 311.0 
face 1.0 308.0 394.0 342.0 434.0 
face 1.0 353.0 293.0 394.0 351.0 
face 1.0 517.0 300.0 553.0 334.0 
face 1.0 490.0 289.0 514.0 312.0 
face 1.0 461.0 273.0 471.0 284.0 
face 1.0 662.0 281.0 699.0 326.0 
face 1.0 744.0 226.0 801.0 298.0 
face 1.0 986.0 269.0 1024.0 315.0 
face 1.0 882.0 241.0 912.0 284.0 
face 1.0 59.0 364.0 98.0 410.0 
