face 1.0 660.0 494.0 668.0 510.0 
face 1.0 764.0 556.0 780.0 578.0 
face 1.0 698.0 579.0 707.0 592.0 
face 1.0 9.0 544.0 27.0 567.0 
face 1.0 109.0 474.0 119.0 487.0 
face 1.0 64.0 478.0 75.0 493.0 
face 1.0 46.0 408.0 58.0 424.0 
face 1.0 103.0 410.0 111.0 421.0 
face 1.0 419.0 445.0 427.0 455.0 
face 1.0 300.0 596.0 311.0 612.0 
face 1.0 397.0 440.0 404.0 448.0 
face 1.0 392.0 429.0 400.0 438.0 
face 1.0 400.0 482.0 407.0 491.0 
face 1.0 412.0 465.0 418.0 474.0 
face 1.0 244.0 430.0 250.0 439.0 
face 1.0 152.0 565.0 168.0 584.0 
face 1.0 23.0 449.0 32.0 461.0 
face 1.0 330.0 429.0 336.0 440.0 
face 1.0 337.0 425.0 346.0 438.0 
face 1.0 368.0 480.0 377.0 493.0 
face 1.0 376.0 475.0 385.0 485.0 
face 1.0 479.0 464.0 486.0 478.0 
face 1.0 34.0 566.0 43.0 589.0 
face 1.0 56.0 563.0 73.0 586.0 
face 1.0 149.0 424.0 161.0 437.0 
face 1.0 200.0 495.0 213.0 511.0 
face 1.0 191.0 512.0 200.0 526.0 
face 1.0 199.0 541.0 211.0 556.0 
face 1.0 277.0 623.0 290.0 643.0 
face 1.0 731.0 584.0 746.0 604.0 
face 1.0 792.0 535.0 807.0 551.0 
face 1.0 746.0 608.0 757.0 628.0 
face 1.0 140.0 493.0 153.0 509.0 
face 1.0 133.0 550.0 146.0 565.0 
face 1.0 256.0 514.0 265.0 527.0 
face 1.0 289.0 504.0 298.0 517.0 
face 1.0 344.0 497.0 353.0 510.0 
face 1.0 295.0 470.0 302.0 482.0 
face 1.0 277.0 480.0 284.0 490.0 
face 1.0 344.0 471.0 352.0 481.0 
face 1.0 307.0 446.0 319.0 460.0 
face 1.0 354.0 451.0 366.0 463.0 
face 1.0 392.0 484.0 400.0 495.0 
face 1.0 221.0 512.0 230.0 527.0 
face 1.0 295.0 497.0 305.0 512.0 
face 1.0 860.0 511.0 872.0 527.0 
face 1.0 705.0 479.0 712.0 489.0 
face 1.0 764.0 447.0 771.0 458.0 
face 1.0 842.0 449.0 849.0 459.0 
face 1.0 896.0 459.0 906.0 472.0 
face 1.0 798.0 649.0 814.0 670.0 
face 1.0 899.0 658.0 915.0 679.0 
face 1.0 921.0 537.0 934.0 549.0 
face 1.0 974.0 503.0 983.0 516.0 
face 1.0 951.0 523.0 961.0 541.0 
face 1.0 872.0 463.0 880.0 474.0 
face 1.0 864.0 495.0 873.0 509.0 
face 1.0 895.0 486.0 904.0 500.0 
face 1.0 960.0 534.0 970.0 554.0 
face 1.0 959.0 643.0 974.0 667.0 
face 1.0 1002.0 454.0 1010.0 465.0 
face 1.0 987.0 474.0 997.0 488.0 
face 1.0 907.0 489.0 916.0 501.0 
face 1.0 54.0 448.0 63.0 464.0 
face 1.0 219.0 454.0 228.0 469.0 
face 1.0 206.0 436.0 215.0 448.0 
face 1.0 245.0 464.0 254.0 476.0 
face 1.0 177.0 493.0 186.0 504.0 
face 1.0 629.0 444.0 639.0 457.0 
face 1.0 662.0 458.0 673.0 471.0 
face 1.0 684.0 460.0 693.0 472.0 
face 1.0 689.0 507.0 700.0 522.0 
face 1.0 715.0 511.0 726.0 524.0 
face 1.0 764.0 556.0 778.0 576.0 
face 1.0 717.0 581.0 730.0 600.0 
face 1.0 8.0 478.0 16.0 494.0 
face 1.0 10.0 476.0 20.0 491.0 
face 1.0 63.0 506.0 71.0 520.0 
face 1.0 56.0 507.0 65.0 522.0 
face 1.0 27.0 471.0 40.0 478.0 
face 1.0 83.0 477.0 93.0 488.0 
face 1.0 167.0 557.0 176.0 574.0 
face 1.0 335.0 523.0 349.0 537.0 
face 1.0 243.0 558.0 252.0 578.0 
face 1.0 247.0 584.0 260.0 601.0 
face 1.0 263.0 559.0 273.0 575.0 
face 1.0 262.0 452.0 269.0 461.0 
face 1.0 506.0 442.0 513.0 453.0 
face 1.0 26.0 669.0 50.0 679.0 
face 1.0 20.0 632.0 33.0 652.0 
face 1.0 71.0 590.0 87.0 614.0 
face 1.0 134.0 588.0 148.0 606.0 
face 1.0 127.0 618.0 136.0 635.0 
face 1.0 27.0 495.0 40.0 511.0 
face 1.0 39.0 481.0 51.0 494.0 
face 1.0 46.0 469.0 56.0 481.0 
face 1.0 209.0 596.0 223.0 615.0 
face 1.0 383.0 502.0 393.0 512.0 
face 1.0 255.0 483.0 264.0 497.0 
face 1.0 4.0 412.0 12.0 423.0 
face 1.0 34.0 450.0 40.0 461.0 
face 1.0 83.0 414.0 92.0 426.0 
face 1.0 192.0 431.0 206.0 445.0 
face 1.0 219.0 454.0 228.0 469.0 
face 1.0 206.0 436.0 215.0 449.0 
face 1.0 248.0 464.0 255.0 476.0 
face 1.0 162.0 628.0 185.0 652.0 
face 1.0 203.0 626.0 229.0 654.0 
face 1.0 111.0 413.0 120.0 423.0 
face 1.0 925.0 588.0 938.0 609.0 
face 1.0 104.0 538.0 116.0 555.0 
face 1.0 960.0 441.0 967.0 452.0 
face 1.0 699.0 551.0 709.0 566.0 
face 1.0 235.0 536.0 249.0 549.0 
face 1.0 139.0 475.0 150.0 487.0 
face 1.0 157.0 451.0 165.0 463.0 
