face 1.0 104.0 1332.0 120.0 1352.0 
face 1.0 79.0 1327.0 91.0 1342.0 
face 1.0 44.0 1323.0 56.0 1337.0 
face 1.0 42.0 1338.0 55.0 1353.0 
face 1.0 35.0 1353.0 51.0 1366.0 
face 1.0 31.0 1337.0 39.0 1352.0 
face 1.0 141.0 1279.0 155.0 1295.0 
face 1.0 78.0 1276.0 90.0 1291.0 
face 1.0 39.0 1282.0 53.0 1300.0 
face 1.0 39.0 1269.0 52.0 1280.0 
face 1.0 62.0 1269.0 74.0 1285.0 
face 1.0 79.0 1255.0 89.0 1266.0 
face 1.0 160.0 1268.0 172.0 1283.0 
face 1.0 114.0 1256.0 124.0 1271.0 
face 1.0 113.0 1234.0 124.0 1247.0 
face 1.0 101.0 1244.0 113.0 1257.0 
face 1.0 81.0 1228.0 92.0 1243.0 
face 1.0 64.0 1228.0 77.0 1245.0 
face 1.0 50.0 1238.0 60.0 1248.0 
face 1.0 50.0 1212.0 62.0 1227.0 
face 1.0 206.0 1281.0 214.0 1296.0 
face 1.0 127.0 1228.0 137.0 1242.0 
face 1.0 175.0 1226.0 187.0 1238.0 
face 1.0 160.0 1243.0 171.0 1255.0 
face 1.0 18.0 1167.0 32.0 1181.0 
face 1.0 10.0 1190.0 17.0 1206.0 
face 1.0 97.0 1169.0 112.0 1184.0 
face 1.0 124.0 1186.0 133.0 1198.0 
face 1.0 142.0 1175.0 153.0 1189.0 
face 1.0 20.0 1106.0 30.0 1119.0 
face 1.0 145.0 1151.0 158.0 1165.0 
face 1.0 108.0 1115.0 121.0 1129.0 
face 1.0 43.0 1095.0 53.0 1108.0 
face 1.0 41.0 1072.0 49.0 1082.0 
face 1.0 54.0 1061.0 62.0 1070.0 
face 1.0 16.0 1053.0 23.0 1061.0 
face 1.0 12.0 1051.0 17.0 1063.0 
face 1.0 24.0 1044.0 33.0 1053.0 
face 1.0 92.0 1093.0 102.0 1104.0 
face 1.0 95.0 1071.0 104.0 1083.0 
face 1.0 82.0 1053.0 90.0 1063.0 
face 1.0 94.0 1047.0 102.0 1058.0 
face 1.0 112.0 1057.0 122.0 1067.0 
face 1.0 118.0 1052.0 126.0 1061.0 
face 1.0 121.0 1050.0 130.0 1059.0 
face 1.0 129.0 1076.0 138.0 1087.0 
face 1.0 138.0 1065.0 147.0 1076.0 
face 1.0 127.0 1099.0 137.0 1111.0 
face 1.0 160.0 1088.0 170.0 1101.0 
face 1.0 151.0 1119.0 160.0 1131.0 
face 1.0 181.0 1138.0 190.0 1151.0 
face 1.0 195.0 1137.0 204.0 1149.0 
face 1.0 200.0 1130.0 212.0 1142.0 
face 1.0 168.0 1203.0 180.0 1219.0 
face 1.0 193.0 1155.0 202.0 1167.0 
face 1.0 220.0 1123.0 229.0 1134.0 
face 1.0 175.0 1113.0 185.0 1125.0 
face 1.0 179.0 1111.0 187.0 1120.0 
face 1.0 197.0 1086.0 206.0 1098.0 
face 1.0 164.0 1070.0 172.0 1080.0 
face 1.0 179.0 1069.0 188.0 1080.0 
face 1.0 193.0 1069.0 204.0 1081.0 
face 1.0 166.0 1051.0 176.0 1063.0 
face 1.0 173.0 1040.0 183.0 1054.0 
face 1.0 204.0 1066.0 214.0 1079.0 
face 1.0 209.0 1057.0 219.0 1070.0 
face 1.0 200.0 1047.0 210.0 1058.0 
face 1.0 229.0 1055.0 240.0 1067.0 
face 1.0 226.0 1041.0 234.0 1053.0 
face 1.0 211.0 1038.0 221.0 1048.0 
face 1.0 237.0 1032.0 246.0 1042.0 
face 1.0 240.0 1050.0 250.0 1062.0 
face 1.0 247.0 1044.0 258.0 1057.0 
face 1.0 260.0 1036.0 270.0 1047.0 
face 1.0 160.0 1189.0 176.0 1205.0 
face 1.0 43.0 972.0 51.0 981.0 
face 1.0 59.0 967.0 69.0 978.0 
face 1.0 65.0 968.0 74.0 976.0 
face 1.0 74.0 962.0 81.0 970.0 
face 1.0 75.0 1029.0 82.0 1037.0 
face 1.0 103.0 1018.0 112.0 1031.0 
face 1.0 118.0 1014.0 126.0 1023.0 
face 1.0 132.0 1011.0 140.0 1020.0 
face 1.0 153.0 1020.0 161.0 1030.0 
face 1.0 104.0 995.0 113.0 1006.0 
face 1.0 192.0 1032.0 200.0 1042.0 
face 1.0 208.0 1017.0 216.0 1028.0 
face 1.0 182.0 1024.0 190.0 1034.0 
face 1.0 219.0 1018.0 225.0 1028.0 
face 1.0 238.0 1017.0 247.0 1025.0 
face 1.0 256.0 1010.0 264.0 1020.0 
face 1.0 258.0 992.0 266.0 1000.0 
face 1.0 208.0 984.0 217.0 993.0 
face 1.0 220.0 979.0 227.0 988.0 
face 1.0 183.0 997.0 188.0 1007.0 
face 1.0 104.0 953.0 114.0 962.0 
face 1.0 200.0 970.0 207.0 977.0 
face 1.0 32.0 828.0 38.0 835.0 
face 1.0 35.0 797.0 40.0 804.0 
face 1.0 259.0 962.0 265.0 972.0 
face 1.0 264.0 964.0 272.0 971.0 
face 1.0 233.0 953.0 242.0 963.0 
face 1.0 254.0 946.0 262.0 954.0 
face 1.0 259.0 950.0 264.0 956.0 
face 1.0 272.0 954.0 281.0 962.0 
face 1.0 230.0 935.0 238.0 943.0 
face 1.0 241.0 937.0 248.0 944.0 
face 1.0 230.0 941.0 234.0 946.0 
face 1.0 204.0 938.0 212.0 946.0 
face 1.0 193.0 958.0 201.0 968.0 
face 1.0 193.0 911.0 198.0 922.0 
face 1.0 201.0 914.0 209.0 921.0 
face 1.0 257.0 920.0 265.0 929.0 
face 1.0 311.0 931.0 321.0 944.0 
face 1.0 268.0 903.0 274.0 910.0 
face 1.0 259.0 903.0 265.0 910.0 
face 1.0 286.0 897.0 294.0 907.0 
face 1.0 279.0 884.0 286.0 894.0 
face 1.0 260.0 870.0 268.0 878.0 
face 1.0 290.0 875.0 296.0 881.0 
face 1.0 210.0 870.0 216.0 878.0 
face 1.0 144.0 872.0 152.0 879.0 
face 1.0 304.0 864.0 311.0 871.0 
face 1.0 279.0 854.0 285.0 860.0 
face 1.0 228.0 842.0 235.0 848.0 
face 1.0 264.0 836.0 271.0 844.0 
face 1.0 277.0 832.0 286.0 841.0 
face 1.0 301.0 850.0 309.0 858.0 
face 1.0 310.0 847.0 318.0 853.0 
face 1.0 328.0 830.0 335.0 838.0 
face 1.0 343.0 832.0 349.0 837.0 
face 1.0 308.0 821.0 315.0 829.0 
face 1.0 297.0 819.0 305.0 825.0 
face 1.0 267.0 826.0 272.0 832.0 
face 1.0 255.0 821.0 261.0 828.0 
face 1.0 246.0 820.0 252.0 826.0 
face 1.0 224.0 821.0 232.0 827.0 
face 1.0 179.0 821.0 184.0 829.0 
face 1.0 215.0 848.0 223.0 856.0 
face 1.0 200.0 858.0 208.0 864.0 
face 1.0 289.0 826.0 295.0 833.0 
face 1.0 281.0 818.0 287.0 826.0 
face 1.0 288.0 815.0 294.0 822.0 
face 1.0 298.0 809.0 305.0 815.0 
face 1.0 305.0 808.0 311.0 815.0 
face 1.0 312.0 801.0 319.0 809.0 
face 1.0 286.0 807.0 293.0 814.0 
face 1.0 280.0 811.0 287.0 817.0 
face 1.0 260.0 808.0 265.0 815.0 
face 1.0 264.0 801.0 270.0 806.0 
face 1.0 258.0 796.0 264.0 802.0 
face 1.0 216.0 788.0 222.0 796.0 
face 1.0 277.0 794.0 284.0 802.0 
face 1.0 296.0 793.0 303.0 800.0 
face 1.0 290.0 794.0 296.0 801.0 
face 1.0 324.0 790.0 330.0 796.0 
face 1.0 330.0 781.0 336.0 791.0 
face 1.0 290.0 784.0 295.0 789.0 
face 1.0 233.0 761.0 240.0 769.0 
face 1.0 218.0 771.0 227.0 778.0 
face 1.0 228.0 757.0 234.0 767.0 
face 1.0 258.0 758.0 265.0 764.0 
face 1.0 328.0 820.0 335.0 826.0 
face 1.0 538.0 1287.0 551.0 1302.0 
face 1.0 308.0 1321.0 317.0 1335.0 
face 1.0 386.0 1299.0 396.0 1313.0 
face 1.0 552.0 1326.0 562.0 1342.0 
face 1.0 900.0 1325.0 917.0 1345.0 
face 1.0 875.0 1331.0 889.0 1348.0 
face 1.0 797.0 1348.0 809.0 1363.0 
face 1.0 772.0 1319.0 785.0 1334.0 
face 1.0 800.0 1288.0 813.0 1306.0 
face 1.0 753.0 1317.0 767.0 1330.0 
face 1.0 725.0 1343.0 736.0 1357.0 
face 1.0 698.0 1347.0 714.0 1364.0 
face 1.0 668.0 1349.0 679.0 1362.0 
face 1.0 626.0 1338.0 637.0 1353.0 
face 1.0 661.0 1333.0 674.0 1346.0 
face 1.0 697.0 1320.0 711.0 1338.0 
face 1.0 703.0 1292.0 716.0 1309.0 
face 1.0 670.0 1289.0 680.0 1308.0 
face 1.0 656.0 1308.0 667.0 1320.0 
face 1.0 769.0 1281.0 782.0 1297.0 
face 1.0 726.0 1277.0 738.0 1292.0 
face 1.0 683.0 1273.0 695.0 1286.0 
face 1.0 638.0 1260.0 651.0 1277.0 
face 1.0 664.0 1264.0 676.0 1277.0 
face 1.0 602.0 1269.0 614.0 1282.0 
face 1.0 630.0 1235.0 643.0 1253.0 
face 1.0 627.0 1234.0 636.0 1247.0 
face 1.0 660.0 1255.0 669.0 1267.0 
face 1.0 715.0 1256.0 727.0 1268.0 
face 1.0 750.0 1265.0 761.0 1278.0 
face 1.0 774.0 1222.0 786.0 1241.0 
face 1.0 710.0 1219.0 720.0 1233.0 
face 1.0 672.0 1226.0 680.0 1241.0 
face 1.0 614.0 1228.0 625.0 1241.0 
face 1.0 592.0 1208.0 605.0 1222.0 
face 1.0 573.0 1203.0 586.0 1216.0 
face 1.0 626.0 1196.0 638.0 1210.0 
face 1.0 653.0 1195.0 665.0 1212.0 
face 1.0 677.0 1208.0 686.0 1221.0 
face 1.0 699.0 1195.0 709.0 1206.0 
face 1.0 742.0 1194.0 754.0 1207.0 
face 1.0 764.0 1196.0 776.0 1214.0 
face 1.0 728.0 1178.0 740.0 1194.0 
face 1.0 642.0 1175.0 653.0 1190.0 
face 1.0 594.0 1164.0 607.0 1179.0 
face 1.0 645.0 1154.0 655.0 1166.0 
face 1.0 666.0 1159.0 674.0 1174.0 
face 1.0 722.0 1168.0 733.0 1182.0 
face 1.0 668.0 1140.0 677.0 1152.0 
face 1.0 720.0 1121.0 730.0 1134.0 
face 1.0 733.0 1107.0 740.0 1116.0 
face 1.0 752.0 1096.0 760.0 1107.0 
face 1.0 686.0 1102.0 698.0 1118.0 
face 1.0 705.0 1103.0 712.0 1111.0 
face 1.0 696.0 1075.0 705.0 1090.0 
face 1.0 680.0 1073.0 691.0 1086.0 
face 1.0 657.0 1063.0 666.0 1072.0 
face 1.0 636.0 1071.0 646.0 1081.0 
face 1.0 608.0 1080.0 618.0 1089.0 
face 1.0 638.0 1110.0 647.0 1120.0 
face 1.0 594.0 1080.0 603.0 1092.0 
face 1.0 687.0 1050.0 698.0 1062.0 
face 1.0 646.0 1044.0 657.0 1058.0 
face 1.0 607.0 1043.0 617.0 1056.0 
face 1.0 590.0 1055.0 597.0 1063.0 
face 1.0 628.0 1026.0 638.0 1034.0 
face 1.0 574.0 1024.0 583.0 1032.0 
face 1.0 571.0 1004.0 580.0 1012.0 
face 1.0 586.0 1006.0 594.0 1016.0 
face 1.0 604.0 1006.0 613.0 1016.0 
face 1.0 624.0 1012.0 634.0 1023.0 
face 1.0 690.0 1022.0 698.0 1034.0 
face 1.0 701.0 1011.0 708.0 1019.0 
face 1.0 689.0 1000.0 697.0 1012.0 
face 1.0 645.0 998.0 656.0 1011.0 
face 1.0 606.0 994.0 613.0 1002.0 
face 1.0 620.0 979.0 629.0 989.0 
face 1.0 633.0 982.0 640.0 991.0 
face 1.0 597.0 987.0 606.0 998.0 
face 1.0 576.0 985.0 582.0 992.0 
face 1.0 557.0 980.0 566.0 988.0 
face 1.0 571.0 972.0 579.0 982.0 
face 1.0 580.0 955.0 587.0 963.0 
face 1.0 601.0 951.0 610.0 960.0 
face 1.0 614.0 962.0 622.0 970.0 
face 1.0 642.0 943.0 649.0 950.0 
face 1.0 665.0 945.0 673.0 953.0 
face 1.0 617.0 939.0 624.0 949.0 
face 1.0 630.0 928.0 638.0 937.0 
face 1.0 607.0 936.0 616.0 944.0 
face 1.0 591.0 922.0 599.0 930.0 
face 1.0 598.0 906.0 606.0 915.0 
face 1.0 610.0 911.0 617.0 918.0 
face 1.0 627.0 915.0 634.0 923.0 
face 1.0 633.0 916.0 639.0 923.0 
face 1.0 653.0 921.0 660.0 928.0 
face 1.0 640.0 922.0 647.0 931.0 
face 1.0 655.0 931.0 661.0 937.0 
face 1.0 594.0 886.0 601.0 893.0 
face 1.0 623.0 895.0 630.0 904.0 
face 1.0 631.0 900.0 639.0 909.0 
face 1.0 648.0 890.0 654.0 897.0 
face 1.0 639.0 887.0 646.0 894.0 
face 1.0 535.0 914.0 542.0 922.0 
face 1.0 543.0 865.0 551.0 874.0 
face 1.0 574.0 868.0 580.0 878.0 
face 1.0 589.0 867.0 594.0 874.0 
face 1.0 608.0 874.0 614.0 883.0 
face 1.0 600.0 877.0 607.0 883.0 
face 1.0 597.0 872.0 603.0 878.0 
face 1.0 635.0 870.0 641.0 878.0 
face 1.0 609.0 864.0 615.0 870.0 
face 1.0 584.0 832.0 591.0 841.0 
face 1.0 345.0 752.0 349.0 757.0 
face 1.0 352.0 747.0 356.0 752.0 
face 1.0 858.0 1225.0 870.0 1238.0 
face 1.0 898.0 1203.0 912.0 1224.0 
face 1.0 945.0 1155.0 956.0 1169.0 
face 1.0 986.0 1162.0 996.0 1175.0 
face 1.0 917.0 1137.0 928.0 1150.0 
face 1.0 872.0 1174.0 881.0 1187.0 
face 1.0 835.0 1091.0 847.0 1107.0 
face 1.0 827.0 1090.0 839.0 1102.0 
face 1.0 822.0 1063.0 831.0 1074.0 
face 1.0 838.0 1055.0 848.0 1068.0 
face 1.0 973.0 1047.0 983.0 1062.0 
face 1.0 888.0 1027.0 896.0 1038.0 
face 1.0 923.0 991.0 932.0 1002.0 
face 1.0 792.0 1013.0 803.0 1026.0 
face 1.0 811.0 1010.0 822.0 1022.0 
face 1.0 828.0 1003.0 837.0 1015.0 
face 1.0 845.0 975.0 853.0 986.0 
face 1.0 844.0 961.0 852.0 969.0 
face 1.0 829.0 950.0 837.0 960.0 
face 1.0 820.0 944.0 828.0 952.0 
face 1.0 872.0 906.0 880.0 915.0 
face 1.0 797.0 971.0 805.0 980.0 
face 1.0 789.0 964.0 796.0 973.0 
face 1.0 768.0 955.0 775.0 964.0 
face 1.0 789.0 950.0 796.0 959.0 
face 1.0 770.0 941.0 777.0 951.0 
face 1.0 747.0 951.0 755.0 960.0 
face 1.0 755.0 925.0 763.0 934.0 
face 1.0 748.0 914.0 755.0 924.0 
face 1.0 775.0 903.0 781.0 911.0 
face 1.0 801.0 874.0 807.0 881.0 
face 1.0 826.0 869.0 831.0 877.0 
face 1.0 741.0 903.0 747.0 910.0 
face 1.0 728.0 898.0 736.0 908.0 
face 1.0 712.0 897.0 718.0 905.0 
face 1.0 712.0 884.0 719.0 892.0 
face 1.0 733.0 878.0 739.0 886.0 
face 1.0 704.0 886.0 710.0 893.0 
face 1.0 721.0 869.0 727.0 877.0 
face 1.0 715.0 860.0 721.0 865.0 
face 1.0 698.0 844.0 705.0 852.0 
face 1.0 671.0 858.0 677.0 866.0 
face 1.0 726.0 833.0 732.0 841.0 
face 1.0 690.0 841.0 695.0 849.0 
face 1.0 683.0 859.0 689.0 866.0 
face 1.0 678.0 853.0 684.0 858.0 
face 1.0 671.0 848.0 676.0 854.0 
face 1.0 677.0 826.0 682.0 833.0 
face 1.0 637.0 843.0 643.0 849.0 
face 1.0 628.0 812.0 634.0 819.0 
face 1.0 647.0 816.0 652.0 821.0 
face 1.0 661.0 824.0 666.0 829.0 
face 1.0 694.0 826.0 700.0 833.0 
face 1.0 690.0 821.0 695.0 828.0 
face 1.0 693.0 808.0 699.0 815.0 
face 1.0 678.0 805.0 684.0 814.0 
face 1.0 663.0 793.0 669.0 800.0 
face 1.0 692.0 798.0 698.0 805.0 
face 1.0 704.0 788.0 709.0 793.0 
face 1.0 639.0 832.0 644.0 838.0 
face 1.0 644.0 831.0 649.0 837.0 
face 1.0 651.0 831.0 657.0 836.0 
face 1.0 654.0 822.0 659.0 829.0 
face 1.0 699.0 829.0 704.0 835.0 
face 1.0 704.0 814.0 709.0 821.0 
face 1.0 664.0 810.0 670.0 815.0 
face 1.0 620.0 789.0 625.0 795.0 
face 1.0 637.0 776.0 643.0 783.0 
face 1.0 587.0 771.0 591.0 776.0 
face 1.0 648.0 779.0 653.0 785.0 
face 1.0 675.0 775.0 679.0 780.0 
face 1.0 686.0 789.0 692.0 794.0 
face 1.0 646.0 760.0 651.0 765.0 
face 1.0 642.0 769.0 648.0 774.0 
face 1.0 365.0 995.0 374.0 1006.0 
face 1.0 453.0 1009.0 460.0 1019.0 
face 1.0 526.0 1003.0 535.0 1011.0 
face 1.0 441.0 970.0 449.0 977.0 
face 1.0 510.0 812.0 515.0 818.0 
face 1.0 508.0 803.0 513.0 809.0 
face 1.0 497.0 807.0 501.0 813.0 
face 1.0 619.0 1161.0 629.0 1177.0 
face 1.0 0.0 1329.0 10.0 1343.0 
face 1.0 0.0 1266.0 6.0 1283.0 
face 1.0 120.0 926.0 128.0 936.0 
face 1.0 111.0 917.0 118.0 927.0 
face 1.0 106.0 915.0 112.0 924.0 
face 1.0 102.0 905.0 110.0 915.0 
face 1.0 126.0 883.0 134.0 892.0 
face 1.0 100.0 875.0 106.0 883.0 
