face 1.0 963.0 146.0 978.0 188.0 
face 1.0 836.0 166.0 876.0 213.0 
face 1.0 778.0 285.0 821.0 347.0 
face 1.0 743.0 219.0 771.0 256.0 
face 1.0 663.0 69.0 694.0 114.0 
face 1.0 503.0 265.0 549.0 325.0 
face 1.0 641.0 138.0 746.0 265.0 
face 1.0 418.0 223.0 471.0 283.0 
face 1.0 401.0 194.0 425.0 236.0 
face 1.0 286.0 202.0 312.0 239.0 
face 1.0 291.0 241.0 341.0 298.0 
face 1.0 313.0 325.0 368.0 388.0 
face 1.0 186.0 84.0 205.0 121.0 
face 1.0 173.0 293.0 214.0 343.0 
face 1.0 95.0 340.0 146.0 394.0 
face 1.0 85.0 248.0 133.0 305.0 
face 1.0 115.0 273.0 145.0 313.0 
face 1.0 205.0 225.0 221.0 259.0 
face 1.0 44.0 186.0 63.0 230.0 
