face 1.0 79.0 183.0 116.0 234.0 
face 1.0 403.0 246.0 427.0 268.0 
face 1.0 398.0 203.0 415.0 225.0 
face 1.0 550.0 224.0 563.0 238.0 
face 1.0 598.0 273.0 624.0 298.0 
face 1.0 646.0 196.0 654.0 206.0 
face 1.0 830.0 171.0 848.0 192.0 
face 1.0 848.0 187.0 860.0 203.0 
face 1.0 871.0 182.0 888.0 202.0 
face 1.0 858.0 220.0 879.0 242.0 
face 1.0 935.0 170.0 954.0 189.0 
face 1.0 686.0 223.0 701.0 236.0 
face 1.0 566.0 192.0 575.0 203.0 
face 1.0 727.0 188.0 735.0 199.0 
face 1.0 747.0 191.0 756.0 202.0 
face 1.0 803.0 186.0 810.0 196.0 
