face 1.0 40.0 376.0 74.0 425.0 
face 1.0 217.0 425.0 238.0 453.0 
face 1.0 323.0 401.0 355.0 442.0 
face 1.0 292.0 345.0 310.0 367.0 
face 1.0 391.0 369.0 418.0 400.0 
face 1.0 437.0 339.0 454.0 367.0 
face 1.0 398.0 338.0 412.0 365.0 
face 1.0 502.0 349.0 525.0 377.0 
face 1.0 553.0 312.0 573.0 340.0 
face 1.0 610.0 330.0 628.0 350.0 
face 1.0 642.0 295.0 658.0 319.0 
face 1.0 645.0 326.0 663.0 350.0 
face 1.0 680.0 296.0 706.0 334.0 
face 1.0 717.0 381.0 741.0 409.0 
face 1.0 770.0 310.0 808.0 357.0 
face 1.0 905.0 309.0 920.0 332.0 
face 1.0 918.0 281.0 935.0 303.0 
face 1.0 942.0 302.0 964.0 336.0 
face 1.0 277.0 363.0 290.0 382.0 
