face 1.0 66.0 396.0 80.0 415.0 
face 1.0 52.0 395.0 64.0 412.0 
face 1.0 35.0 398.0 46.0 413.0 
face 1.0 319.0 540.0 328.0 551.0 
face 1.0 317.0 446.0 327.0 459.0 
face 1.0 564.0 279.0 649.0 392.0 
face 1.0 558.0 446.0 566.0 457.0 
face 1.0 583.0 436.0 592.0 448.0 
face 1.0 610.0 437.0 618.0 448.0 
face 1.0 631.0 451.0 639.0 462.0 
face 1.0 645.0 441.0 653.0 453.0 
face 1.0 671.0 447.0 679.0 458.0 
face 1.0 666.0 444.0 673.0 453.0 
face 1.0 696.0 443.0 702.0 452.0 
face 1.0 731.0 168.0 744.0 184.0 
face 1.0 827.0 139.0 837.0 152.0 
face 1.0 862.0 140.0 871.0 153.0 
face 1.0 872.0 144.0 881.0 157.0 
face 1.0 943.0 141.0 954.0 155.0 
face 1.0 358.0 531.0 364.0 539.0 
face 1.0 412.0 542.0 419.0 550.0 
face 1.0 375.0 548.0 383.0 556.0 
face 1.0 358.0 548.0 364.0 557.0 
face 1.0 397.0 532.0 404.0 540.0 
face 1.0 947.0 239.0 952.0 245.0 
face 1.0 904.0 282.0 909.0 288.0 
face 1.0 853.0 124.0 858.0 130.0 
face 1.0 879.0 120.0 885.0 127.0 
