face 1.0 177.0 121.0 240.0 194.0 
face 1.0 312.0 74.0 384.0 161.0 
face 1.0 447.0 38.0 526.0 146.0 
face 1.0 633.0 64.0 698.0 153.0 
face 1.0 808.0 82.0 868.0 164.0 
face 1.0 940.0 260.0 968.0 299.0 
face 1.0 992.0 269.0 1022.0 301.0 
face 1.0 934.0 209.0 951.0 230.0 
face 1.0 986.0 187.0 1003.0 209.0 
face 1.0 758.0 164.0 776.0 191.0 
face 1.0 286.0 143.0 297.0 159.0 
face 1.0 146.0 194.0 161.0 208.0 
face 1.0 77.0 161.0 89.0 177.0 
face 1.0 86.0 269.0 102.0 295.0 
face 1.0 58.0 241.0 76.0 265.0 
face 1.0 71.0 229.0 85.0 256.0 
face 1.0 28.0 230.0 43.0 252.0 
face 1.0 6.0 249.0 20.0 273.0 
face 1.0 0.0 236.0 9.0 252.0 
