face 1.0 27.0 572.0 37.0 581.0 
face 1.0 60.0 658.0 73.0 674.0 
face 1.0 149.0 592.0 159.0 603.0 
face 1.0 283.0 604.0 293.0 620.0 
face 1.0 342.0 613.0 349.0 628.0 
face 1.0 407.0 571.0 416.0 581.0 
face 1.0 368.0 566.0 376.0 576.0 
face 1.0 426.0 573.0 435.0 585.0 
face 1.0 214.0 551.0 221.0 560.0 
face 1.0 244.0 569.0 250.0 579.0 
face 1.0 228.0 588.0 234.0 599.0 
face 1.0 296.0 544.0 304.0 556.0 
face 1.0 516.0 564.0 525.0 574.0 
face 1.0 526.0 604.0 533.0 616.0 
face 1.0 585.0 543.0 593.0 552.0 
face 1.0 726.0 583.0 733.0 596.0 
face 1.0 851.0 620.0 862.0 634.0 
face 1.0 792.0 550.0 799.0 560.0 
face 1.0 606.0 610.0 615.0 626.0 
face 1.0 327.0 583.0 334.0 594.0 
face 1.0 51.0 549.0 57.0 559.0 
face 1.0 115.0 564.0 122.0 573.0 
face 1.0 191.0 605.0 198.0 618.0 
face 1.0 216.0 632.0 229.0 646.0 
face 1.0 214.0 610.0 225.0 620.0 
face 1.0 150.0 522.0 156.0 529.0 
face 1.0 580.0 561.0 589.0 571.0 
face 1.0 6.0 519.0 12.0 527.0 
face 1.0 77.0 519.0 83.0 526.0 
face 1.0 371.0 588.0 376.0 599.0 
