face 1.0 141.0 346.0 150.0 360.0 
face 1.0 209.0 402.0 224.0 418.0 
face 1.0 296.0 396.0 304.0 409.0 
face 1.0 377.0 416.0 387.0 433.0 
face 1.0 427.0 372.0 436.0 384.0 
face 1.0 504.0 340.0 511.0 349.0 
face 1.0 533.0 332.0 543.0 345.0 
face 1.0 487.0 414.0 495.0 429.0 
face 1.0 502.0 389.0 513.0 401.0 
face 1.0 810.0 348.0 820.0 360.0 
face 1.0 607.0 326.0 616.0 338.0 
face 1.0 567.0 335.0 577.0 347.0 
face 1.0 644.0 349.0 650.0 359.0 
face 1.0 548.0 419.0 557.0 432.0 
face 1.0 569.0 433.0 576.0 450.0 
face 1.0 404.0 351.0 411.0 363.0 
face 1.0 620.0 428.0 632.0 442.0 
