face 1.0 267.0 206.0 315.0 276.0 
face 1.0 450.0 212.0 472.0 244.0 
face 1.0 39.0 283.0 52.0 299.0 
face 1.0 10.0 273.0 21.0 292.0 
face 1.0 145.0 279.0 160.0 295.0 
face 1.0 27.0 250.0 39.0 263.0 
face 1.0 107.0 279.0 121.0 297.0 
face 1.0 255.0 251.0 266.0 277.0 
face 1.0 651.0 229.0 689.0 281.0 
face 1.0 521.0 278.0 540.0 300.0 
face 1.0 598.0 187.0 618.0 216.0 
face 1.0 701.0 195.0 714.0 223.0 
face 1.0 762.0 192.0 784.0 226.0 
face 1.0 856.0 227.0 881.0 251.0 
face 1.0 498.0 239.0 505.0 247.0 
face 1.0 417.0 238.0 422.0 245.0 
face 1.0 825.0 218.0 831.0 225.0 
face 1.0 732.0 228.0 735.0 233.0 
