face 1.0 786.0 6.0 794.0 17.0 
face 1.0 821.0 17.0 829.0 30.0 
face 1.0 796.0 5.0 802.0 12.0 
face 1.0 674.0 28.0 682.0 38.0 
face 1.0 533.0 13.0 539.0 25.0 
face 1.0 562.0 34.0 567.0 43.0 
face 1.0 616.0 6.0 624.0 16.0 
face 1.0 173.0 627.0 184.0 640.0 
face 1.0 47.0 590.0 58.0 607.0 
face 1.0 733.0 31.0 739.0 39.0 
face 1.0 374.0 32.0 377.0 40.0 
face 1.0 261.0 34.0 266.0 41.0 
face 1.0 248.0 36.0 255.0 44.0 
face 1.0 291.0 137.0 299.0 148.0 
face 1.0 247.0 164.0 258.0 177.0 
face 1.0 97.0 37.0 104.0 48.0 
face 1.0 139.0 51.0 144.0 58.0 
face 1.0 48.0 43.0 58.0 55.0 
face 1.0 294.0 177.0 302.0 186.0 
face 1.0 344.0 214.0 354.0 224.0 
face 1.0 326.0 216.0 335.0 227.0 
face 1.0 364.0 242.0 373.0 254.0 
face 1.0 386.0 251.0 394.0 262.0 
face 1.0 422.0 283.0 429.0 297.0 
face 1.0 451.0 304.0 456.0 314.0 
face 1.0 484.0 324.0 492.0 337.0 
face 1.0 504.0 318.0 513.0 332.0 
face 1.0 651.0 309.0 658.0 319.0 
face 1.0 716.0 336.0 726.0 351.0 
face 1.0 750.0 279.0 757.0 289.0 
face 1.0 758.0 288.0 763.0 299.0 
face 1.0 632.0 332.0 639.0 341.0 
face 1.0 627.0 312.0 632.0 323.0 
face 1.0 566.0 328.0 571.0 338.0 
face 1.0 763.0 187.0 767.0 192.0 
face 1.0 817.0 225.0 825.0 234.0 
face 1.0 845.0 223.0 850.0 231.0 
face 1.0 832.0 239.0 839.0 248.0 
face 1.0 918.0 334.0 925.0 346.0 
face 1.0 842.0 319.0 852.0 333.0 
face 1.0 57.0 305.0 64.0 314.0 
face 1.0 80.0 325.0 88.0 334.0 
face 1.0 56.0 324.0 64.0 333.0 
face 1.0 142.0 347.0 152.0 358.0 
face 1.0 183.0 380.0 191.0 394.0 
face 1.0 280.0 402.0 288.0 415.0 
face 1.0 475.0 542.0 479.0 550.0 
face 1.0 497.0 578.0 504.0 588.0 
face 1.0 452.0 560.0 460.0 572.0 
face 1.0 366.0 478.0 371.0 485.0 
face 1.0 749.0 575.0 758.0 587.0 
face 1.0 709.0 600.0 720.0 612.0 
face 1.0 851.0 560.0 857.0 572.0 
face 1.0 129.0 526.0 137.0 536.0 
face 1.0 200.0 550.0 208.0 560.0 
face 1.0 37.0 605.0 47.0 615.0 
face 1.0 78.0 543.0 85.0 553.0 
face 1.0 477.0 9.0 484.0 20.0 
face 1.0 480.0 51.0 487.0 61.0 
face 1.0 316.0 45.0 322.0 54.0 
face 1.0 339.0 51.0 345.0 59.0 
face 1.0 363.0 37.0 368.0 44.0 
face 1.0 161.0 96.0 172.0 109.0 
face 1.0 199.0 119.0 208.0 132.0 
face 1.0 235.0 98.0 242.0 108.0 
face 1.0 64.0 282.0 70.0 290.0 
face 1.0 15.0 297.0 23.0 308.0 
