face 1.0 67.0 149.0 103.0 195.0 
face 1.0 73.0 211.0 109.0 279.0 
face 1.0 166.0 229.0 223.0 303.0 
face 1.0 353.0 231.0 417.0 313.0 
face 1.0 388.0 132.0 407.0 184.0 
face 1.0 579.0 144.0 616.0 208.0 
face 1.0 606.0 120.0 633.0 172.0 
face 1.0 792.0 134.0 817.0 176.0 
face 1.0 806.0 136.0 831.0 176.0 
face 1.0 944.0 121.0 962.0 154.0 
face 1.0 870.0 146.0 889.0 173.0 
face 1.0 925.0 199.0 973.0 266.0 
face 1.0 712.0 338.0 760.0 388.0 
face 1.0 154.0 390.0 223.0 481.0 
face 1.0 238.0 149.0 250.0 180.0 
