face 1.0 20.0 276.0 49.0 316.0 
face 1.0 166.0 308.0 189.0 339.0 
face 1.0 266.0 273.0 289.0 305.0 
face 1.0 500.0 227.0 544.0 299.0 
face 1.0 603.0 222.0 665.0 305.0 
face 1.0 374.0 312.0 385.0 329.0 
face 1.0 943.0 341.0 952.0 350.0 
face 1.0 925.0 347.0 931.0 356.0 
face 1.0 938.0 360.0 944.0 370.0 
face 1.0 921.0 367.0 928.0 379.0 
face 1.0 838.0 353.0 849.0 363.0 
face 1.0 956.0 429.0 966.0 441.0 
face 1.0 975.0 423.0 986.0 437.0 
face 1.0 832.0 428.0 849.0 446.0 
face 1.0 846.0 374.0 861.0 391.0 
face 1.0 825.0 372.0 835.0 387.0 
face 1.0 891.0 374.0 899.0 388.0 
