face 1.0 112.0 114.0 123.0 131.0 
face 1.0 103.0 118.0 113.0 132.0 
face 1.0 135.0 122.0 143.0 138.0 
face 1.0 339.0 138.0 344.0 145.0 
face 1.0 377.0 130.0 382.0 137.0 
face 1.0 782.0 127.0 789.0 137.0 
face 1.0 816.0 135.0 824.0 145.0 
face 1.0 775.0 108.0 782.0 117.0 
face 1.0 800.0 123.0 808.0 133.0 
face 1.0 408.0 299.0 412.0 305.0 
face 1.0 402.0 268.0 405.0 274.0 
face 1.0 468.0 312.0 473.0 320.0 
face 1.0 449.0 305.0 454.0 312.0 
face 1.0 699.0 366.0 707.0 378.0 
face 1.0 256.0 432.0 262.0 440.0 
face 1.0 276.0 432.0 283.0 443.0 
face 1.0 307.0 418.0 314.0 428.0 
face 1.0 324.0 417.0 330.0 426.0 
face 1.0 252.0 491.0 263.0 505.0 
face 1.0 553.0 562.0 558.0 570.0 
face 1.0 674.0 550.0 679.0 558.0 
face 1.0 663.0 552.0 667.0 558.0 
face 1.0 673.0 594.0 678.0 602.0 
face 1.0 689.0 593.0 695.0 600.0 
face 1.0 576.0 485.0 578.0 490.0 
face 1.0 655.0 521.0 660.0 527.0 
face 1.0 671.0 503.0 675.0 512.0 
face 1.0 661.0 494.0 665.0 500.0 
