face 1.0 824.0 383.0 857.0 424.0 
face 1.0 881.0 453.0 912.0 495.0 
face 1.0 956.0 299.0 979.0 324.0 
face 1.0 877.0 326.0 909.0 361.0 
face 1.0 820.0 303.0 845.0 327.0 
face 1.0 776.0 321.0 807.0 355.0 
face 1.0 742.0 293.0 770.0 328.0 
face 1.0 727.0 307.0 747.0 331.0 
face 1.0 804.0 365.0 835.0 402.0 
face 1.0 667.0 320.0 692.0 347.0 
face 1.0 622.0 306.0 646.0 332.0 
face 1.0 579.0 267.0 601.0 289.0 
face 1.0 562.0 328.0 586.0 353.0 
face 1.0 547.0 272.0 570.0 297.0 
face 1.0 503.0 314.0 530.0 341.0 
face 1.0 643.0 310.0 660.0 333.0 
face 1.0 419.0 340.0 445.0 369.0 
face 1.0 440.0 311.0 463.0 338.0 
face 1.0 411.0 247.0 434.0 273.0 
face 1.0 365.0 306.0 390.0 330.0 
face 1.0 293.0 278.0 320.0 310.0 
face 1.0 271.0 307.0 302.0 343.0 
face 1.0 264.0 270.0 291.0 300.0 
face 1.0 236.0 219.0 262.0 246.0 
face 1.0 104.0 121.0 134.0 172.0 
