face 1.0 254.0 360.0 312.0 427.0 
face 1.0 246.0 181.0 291.0 238.0 
face 1.0 151.0 202.0 207.0 259.0 
face 1.0 455.0 181.0 504.0 233.0 
face 1.0 515.0 387.0 554.0 446.0 
face 1.0 118.0 441.0 183.0 513.0 
face 1.0 608.0 300.0 648.0 339.0 
face 1.0 659.0 311.0 697.0 350.0 
face 1.0 549.0 329.0 584.0 366.0 
face 1.0 579.0 141.0 610.0 186.0 
face 1.0 493.0 184.0 531.0 229.0 
face 1.0 655.0 198.0 682.0 234.0 
face 1.0 713.0 188.0 755.0 231.0 
face 1.0 734.0 152.0 800.0 216.0 
face 1.0 873.0 170.0 916.0 217.0 
face 1.0 387.0 183.0 396.0 193.0 
face 1.0 435.0 162.0 442.0 172.0 
face 1.0 413.0 183.0 419.0 191.0 
