face 1.0 56.0 308.0 70.0 329.0 
face 1.0 366.0 297.0 380.0 317.0 
face 1.0 373.0 320.0 385.0 340.0 
face 1.0 394.0 312.0 405.0 331.0 
face 1.0 414.0 318.0 427.0 336.0 
face 1.0 441.0 333.0 450.0 350.0 
face 1.0 459.0 314.0 470.0 333.0 
face 1.0 476.0 320.0 490.0 341.0 
face 1.0 521.0 318.0 532.0 334.0 
face 1.0 537.0 313.0 550.0 331.0 
face 1.0 563.0 340.0 577.0 357.0 
face 1.0 574.0 323.0 590.0 344.0 
face 1.0 614.0 320.0 629.0 341.0 
face 1.0 636.0 313.0 654.0 333.0 
face 1.0 673.0 314.0 689.0 336.0 
face 1.0 698.0 316.0 715.0 342.0 
face 1.0 719.0 300.0 739.0 331.0 
face 1.0 734.0 326.0 748.0 350.0 
face 1.0 786.0 307.0 804.0 334.0 
face 1.0 803.0 293.0 820.0 320.0 
face 1.0 835.0 311.0 850.0 339.0 
face 1.0 860.0 304.0 876.0 327.0 
face 1.0 884.0 325.0 903.0 356.0 
face 1.0 910.0 308.0 923.0 333.0 
