face 1.0 253.0 416.0 289.0 463.0 
face 1.0 161.0 567.0 181.0 597.0 
face 1.0 61.0 574.0 85.0 609.0 
face 1.0 25.0 242.0 36.0 263.0 
face 1.0 41.0 258.0 54.0 282.0 
face 1.0 57.0 282.0 68.0 301.0 
face 1.0 83.0 302.0 98.0 326.0 
face 1.0 122.0 292.0 136.0 312.0 
face 1.0 143.0 314.0 159.0 339.0 
face 1.0 194.0 322.0 207.0 341.0 
face 1.0 285.0 339.0 298.0 357.0 
face 1.0 313.0 350.0 325.0 369.0 
face 1.0 390.0 347.0 401.0 365.0 
face 1.0 475.0 353.0 487.0 369.0 
face 1.0 943.0 507.0 951.0 524.0 
face 1.0 926.0 535.0 937.0 554.0 
face 1.0 610.0 455.0 618.0 465.0 
face 1.0 494.0 457.0 501.0 467.0 
face 1.0 506.0 440.0 513.0 454.0 
face 1.0 514.0 430.0 519.0 440.0 
face 1.0 58.0 223.0 70.0 241.0 
face 1.0 68.0 270.0 80.0 290.0 
face 1.0 73.0 249.0 84.0 268.0 
face 1.0 84.0 256.0 95.0 269.0 
face 1.0 82.0 273.0 92.0 292.0 
face 1.0 92.0 240.0 109.0 270.0 
face 1.0 134.0 264.0 144.0 282.0 
face 1.0 144.0 273.0 152.0 286.0 
face 1.0 175.0 292.0 185.0 314.0 
face 1.0 188.0 296.0 196.0 307.0 
face 1.0 199.0 302.0 203.0 312.0 
face 1.0 219.0 310.0 231.0 328.0 
face 1.0 321.0 335.0 333.0 351.0 
face 1.0 342.0 349.0 350.0 366.0 
face 1.0 330.0 350.0 338.0 363.0 
face 1.0 643.0 454.0 650.0 464.0 
face 1.0 624.0 452.0 633.0 464.0 
face 1.0 584.0 456.0 592.0 467.0 
face 1.0 830.0 554.0 841.0 572.0 
face 1.0 888.0 554.0 903.0 578.0 
face 1.0 859.0 521.0 872.0 539.0 
face 1.0 707.0 581.0 721.0 602.0 
face 1.0 661.0 559.0 672.0 583.0 
face 1.0 846.0 546.0 857.0 564.0 
face 1.0 867.0 550.0 879.0 571.0 
face 1.0 250.0 315.0 261.0 332.0 
face 1.0 749.0 511.0 758.0 527.0 
face 1.0 765.0 502.0 775.0 518.0 
face 1.0 807.0 497.0 815.0 514.0 
face 1.0 559.0 456.0 568.0 466.0 
face 1.0 682.0 463.0 689.0 475.0 
face 1.0 695.0 453.0 701.0 468.0 
face 1.0 707.0 452.0 715.0 465.0 
face 1.0 87.0 494.0 105.0 517.0 
face 1.0 32.0 456.0 54.0 486.0 
face 1.0 21.0 505.0 45.0 534.0 
