face 1.0 801.0 285.0 825.0 314.0 
face 1.0 854.0 291.0 876.0 319.0 
face 1.0 100.0 256.0 114.0 285.0 
face 1.0 866.0 251.0 886.0 279.0 
face 1.0 918.0 283.0 947.0 317.0 
face 1.0 951.0 294.0 976.0 324.0 
face 1.0 966.0 236.0 986.0 261.0 
face 1.0 1001.0 262.0 1024.0 301.0 
face 1.0 835.0 277.0 854.0 306.0 
face 1.0 353.0 232.0 366.0 245.0 
face 1.0 87.0 214.0 102.0 231.0 
face 1.0 122.0 238.0 139.0 259.0 
face 1.0 5.0 264.0 28.0 290.0 
face 1.0 36.0 273.0 58.0 300.0 
face 1.0 61.0 254.0 80.0 283.0 
face 1.0 36.0 249.0 50.0 266.0 
face 1.0 75.0 261.0 100.0 289.0 
face 1.0 126.0 265.0 147.0 290.0 
face 1.0 148.0 249.0 164.0 272.0 
face 1.0 160.0 260.0 176.0 280.0 
face 1.0 167.0 266.0 192.0 295.0 
face 1.0 168.0 212.0 181.0 231.0 
face 1.0 177.0 226.0 193.0 247.0 
face 1.0 215.0 210.0 231.0 226.0 
face 1.0 218.0 230.0 233.0 253.0 
face 1.0 114.0 222.0 127.0 239.0 
face 1.0 224.0 262.0 243.0 286.0 
face 1.0 245.0 256.0 267.0 286.0 
face 1.0 527.0 267.0 542.0 291.0 
face 1.0 537.0 268.0 559.0 297.0 
face 1.0 575.0 272.0 598.0 302.0 
face 1.0 609.0 273.0 631.0 302.0 
face 1.0 618.0 316.0 643.0 346.0 
face 1.0 634.0 282.0 657.0 308.0 
face 1.0 649.0 237.0 663.0 252.0 
face 1.0 679.0 220.0 688.0 235.0 
face 1.0 686.0 223.0 699.0 239.0 
face 1.0 691.0 276.0 716.0 306.0 
face 1.0 509.0 266.0 529.0 294.0 
face 1.0 474.0 309.0 498.0 338.0 
face 1.0 689.0 248.0 710.0 272.0 
face 1.0 723.0 283.0 749.0 316.0 
face 1.0 763.0 249.0 783.0 274.0 
face 1.0 759.0 325.0 782.0 354.0 
face 1.0 782.0 272.0 802.0 297.0 
face 1.0 250.0 215.0 264.0 233.0 
face 1.0 301.0 213.0 313.0 230.0 
face 1.0 326.0 219.0 343.0 237.0 
face 1.0 372.0 219.0 385.0 235.0 
face 1.0 297.0 263.0 320.0 289.0 
face 1.0 321.0 258.0 334.0 283.0 
face 1.0 334.0 264.0 349.0 292.0 
face 1.0 342.0 254.0 365.0 286.0 
face 1.0 274.0 292.0 298.0 324.0 
face 1.0 385.0 217.0 396.0 233.0 
face 1.0 405.0 193.0 418.0 209.0 
face 1.0 398.0 226.0 411.0 244.0 
face 1.0 438.0 219.0 454.0 237.0 
face 1.0 451.0 220.0 461.0 236.0 
face 1.0 474.0 229.0 486.0 245.0 
face 1.0 495.0 224.0 509.0 240.0 
face 1.0 486.0 241.0 500.0 260.0 
face 1.0 387.0 263.0 407.0 289.0 
face 1.0 421.0 257.0 437.0 283.0 
face 1.0 432.0 261.0 450.0 288.0 
face 1.0 447.0 271.0 470.0 300.0 
face 1.0 527.0 220.0 540.0 234.0 
face 1.0 584.0 229.0 595.0 244.0 
face 1.0 600.0 226.0 614.0 240.0 
face 1.0 594.0 243.0 606.0 259.0 
face 1.0 49.0 212.0 66.0 232.0 
face 1.0 42.0 223.0 58.0 240.0 
face 1.0 44.0 235.0 61.0 254.0 
face 1.0 714.0 262.0 734.0 287.0 
