face 1.0 374.0 264.0 395.0 294.0 
face 1.0 437.0 198.0 456.0 222.0 
face 1.0 448.0 144.0 463.0 163.0 
face 1.0 498.0 107.0 508.0 119.0 
face 1.0 587.0 88.0 595.0 97.0 
face 1.0 597.0 116.0 612.0 133.0 
face 1.0 622.0 155.0 636.0 176.0 
face 1.0 889.0 150.0 896.0 166.0 
face 1.0 941.0 170.0 953.0 189.0 
face 1.0 918.0 202.0 941.0 237.0 
face 1.0 963.0 149.0 973.0 165.0 
face 1.0 966.0 197.0 983.0 221.0 
face 1.0 982.0 202.0 998.0 221.0 
face 1.0 943.0 116.0 950.0 128.0 
face 1.0 968.0 117.0 975.0 129.0 
face 1.0 1015.0 124.0 1024.0 140.0 
face 1.0 952.0 270.0 971.0 305.0 
face 1.0 1010.0 284.0 1024.0 324.0 
face 1.0 989.0 157.0 1001.0 177.0 
face 1.0 898.0 180.0 913.0 209.0 
face 1.0 891.0 251.0 914.0 289.0 
face 1.0 920.0 224.0 933.0 252.0 
face 1.0 240.0 68.0 247.0 81.0 
face 1.0 195.0 80.0 204.0 90.0 
