face 1.0 51.0 144.0 60.0 156.0 
face 1.0 97.0 146.0 105.0 158.0 
face 1.0 113.0 136.0 120.0 147.0 
face 1.0 127.0 132.0 137.0 144.0 
face 1.0 174.0 123.0 183.0 138.0 
face 1.0 213.0 119.0 226.0 137.0 
face 1.0 243.0 121.0 255.0 138.0 
face 1.0 272.0 112.0 286.0 130.0 
face 1.0 304.0 94.0 319.0 112.0 
face 1.0 346.0 104.0 361.0 122.0 
face 1.0 391.0 114.0 402.0 126.0 
face 1.0 436.0 103.0 448.0 120.0 
face 1.0 478.0 99.0 492.0 115.0 
face 1.0 538.0 100.0 549.0 114.0 
face 1.0 551.0 95.0 565.0 112.0 
face 1.0 584.0 85.0 598.0 101.0 
face 1.0 608.0 92.0 618.0 107.0 
face 1.0 630.0 85.0 642.0 101.0 
face 1.0 673.0 78.0 685.0 94.0 
face 1.0 701.0 76.0 714.0 94.0 
face 1.0 729.0 83.0 740.0 96.0 
face 1.0 784.0 65.0 797.0 81.0 
face 1.0 835.0 61.0 848.0 78.0 
face 1.0 945.0 50.0 957.0 67.0 
face 1.0 194.0 118.0 201.0 132.0 
face 1.0 370.0 113.0 379.0 126.0 
face 1.0 408.0 118.0 416.0 128.0 
face 1.0 506.0 89.0 515.0 103.0 
face 1.0 664.0 81.0 671.0 95.0 
face 1.0 869.0 95.0 876.0 103.0 
