face 1.0 170.0 95.0 180.0 107.0 
face 1.0 158.0 99.0 166.0 108.0 
face 1.0 204.0 101.0 213.0 113.0 
face 1.0 213.0 95.0 222.0 110.0 
face 1.0 76.0 47.0 84.0 58.0 
face 1.0 59.0 33.0 67.0 48.0 
face 1.0 286.0 39.0 297.0 50.0 
face 1.0 265.0 127.0 281.0 140.0 
face 1.0 260.0 95.0 270.0 108.0 
face 1.0 275.0 85.0 283.0 95.0 
face 1.0 281.0 99.0 291.0 110.0 
face 1.0 304.0 110.0 316.0 123.0 
face 1.0 322.0 51.0 332.0 63.0 
face 1.0 330.0 92.0 341.0 111.0 
face 1.0 184.0 37.0 194.0 51.0 
face 1.0 340.0 29.0 346.0 40.0 
face 1.0 331.0 22.0 338.0 32.0 
face 1.0 223.0 12.0 231.0 27.0 
face 1.0 340.0 17.0 349.0 29.0 
face 1.0 335.0 0.0 349.0 10.0 
face 1.0 356.0 47.0 368.0 63.0 
face 1.0 374.0 50.0 383.0 64.0 
face 1.0 350.0 99.0 363.0 114.0 
face 1.0 361.0 126.0 372.0 138.0 
face 1.0 380.0 32.0 392.0 46.0 
face 1.0 391.0 82.0 401.0 95.0 
face 1.0 225.0 84.0 236.0 99.0 
face 1.0 15.0 196.0 21.0 212.0 
face 1.0 0.0 1106.0 58.0 1239.0 
face 1.0 0.0 868.0 28.0 964.0 
face 1.0 85.0 872.0 154.0 959.0 
face 1.0 153.0 873.0 198.0 944.0 
face 1.0 824.0 1229.0 875.0 1340.0 
face 1.0 878.0 1151.0 975.0 1273.0 
face 1.0 948.0 858.0 1008.0 947.0 
face 1.0 469.0 656.0 586.0 794.0 
face 1.0 51.0 784.0 103.0 841.0 
face 1.0 151.0 680.0 198.0 738.0 
face 1.0 215.0 668.0 242.0 711.0 
face 1.0 327.0 642.0 365.0 706.0 
face 1.0 429.0 669.0 474.0 734.0 
face 1.0 593.0 637.0 622.0 673.0 
face 1.0 544.0 604.0 575.0 638.0 
face 1.0 499.0 587.0 517.0 610.0 
face 1.0 10.0 569.0 35.0 618.0 
face 1.0 34.0 570.0 51.0 606.0 
face 1.0 59.0 563.0 74.0 590.0 
face 1.0 92.0 567.0 128.0 621.0 
face 1.0 197.0 561.0 223.0 597.0 
face 1.0 173.0 529.0 191.0 559.0 
face 1.0 298.0 566.0 321.0 595.0 
face 1.0 383.0 562.0 411.0 595.0 
face 1.0 656.0 586.0 675.0 618.0 
face 1.0 606.0 513.0 621.0 531.0 
face 1.0 66.0 507.0 87.0 538.0 
face 1.0 298.0 435.0 318.0 459.0 
face 1.0 190.0 423.0 212.0 443.0 
face 1.0 63.0 625.0 83.0 662.0 
face 1.0 17.0 522.0 32.0 545.0 
face 1.0 22.0 20.0 32.0 34.0 
face 1.0 91.0 14.0 103.0 29.0 
face 1.0 102.0 0.0 111.0 8.0 
face 1.0 73.0 18.0 83.0 30.0 
face 1.0 49.0 11.0 59.0 22.0 
face 1.0 111.0 39.0 125.0 54.0 
face 1.0 110.0 73.0 123.0 87.0 
face 1.0 40.0 130.0 51.0 145.0 
face 1.0 12.0 76.0 24.0 92.0 
face 1.0 0.0 83.0 4.0 95.0 
face 1.0 0.0 138.0 7.0 162.0 
face 1.0 188.0 275.0 195.0 286.0 
face 1.0 209.0 318.0 218.0 331.0 
face 1.0 75.0 339.0 85.0 353.0 
face 1.0 98.0 241.0 108.0 255.0 
face 1.0 23.0 351.0 33.0 381.0 
face 1.0 33.0 392.0 50.0 413.0 
face 1.0 92.0 392.0 111.0 423.0 
face 1.0 107.0 386.0 125.0 406.0 
face 1.0 133.0 385.0 146.0 408.0 
face 1.0 205.0 400.0 221.0 415.0 
face 1.0 250.0 406.0 266.0 436.0 
face 1.0 677.0 640.0 693.0 662.0 
face 1.0 698.0 601.0 717.0 621.0 
face 1.0 579.0 621.0 605.0 649.0 
face 1.0 674.0 542.0 685.0 563.0 
face 1.0 716.0 549.0 732.0 577.0 
face 1.0 718.0 726.0 765.0 800.0 
face 1.0 771.0 696.0 793.0 727.0 
face 1.0 815.0 808.0 845.0 851.0 
face 1.0 928.0 692.0 967.0 735.0 
face 1.0 200.0 132.0 212.0 149.0 
face 1.0 262.0 160.0 273.0 176.0 
face 1.0 323.0 157.0 336.0 170.0 
face 1.0 350.0 142.0 361.0 155.0 
face 1.0 445.0 90.0 454.0 104.0 
face 1.0 484.0 69.0 493.0 81.0 
face 1.0 439.0 74.0 446.0 83.0 
face 1.0 409.0 115.0 421.0 129.0 
face 1.0 301.0 149.0 310.0 163.0 
face 1.0 750.0 116.0 760.0 127.0 
face 1.0 752.0 132.0 759.0 143.0 
face 1.0 757.0 15.0 766.0 24.0 
face 1.0 776.0 9.0 784.0 17.0 
face 1.0 894.0 491.0 905.0 508.0 
face 1.0 1003.0 494.0 1015.0 513.0 
face 1.0 737.0 514.0 753.0 535.0 
face 1.0 879.0 500.0 893.0 514.0 
face 1.0 668.0 514.0 681.0 531.0 
face 1.0 778.0 383.0 794.0 398.0 
face 1.0 808.0 420.0 827.0 438.0 
face 1.0 846.0 456.0 858.0 470.0 
face 1.0 879.0 404.0 894.0 420.0 
face 1.0 863.0 353.0 881.0 372.0 
face 1.0 914.0 387.0 928.0 403.0 
face 1.0 936.0 396.0 947.0 415.0 
face 1.0 939.0 350.0 950.0 364.0 
face 1.0 963.0 453.0 977.0 471.0 
face 1.0 970.0 420.0 981.0 438.0 
face 1.0 1006.0 421.0 1015.0 434.0 
face 1.0 1015.0 439.0 1024.0 457.0 
face 1.0 1008.0 364.0 1018.0 378.0 
face 1.0 1007.0 341.0 1023.0 359.0 
face 1.0 820.0 365.0 831.0 387.0 
face 1.0 923.0 369.0 940.0 388.0 
face 1.0 913.0 444.0 924.0 461.0 
face 1.0 779.0 280.0 791.0 294.0 
face 1.0 799.0 262.0 812.0 276.0 
face 1.0 832.0 329.0 849.0 346.0 
face 1.0 883.0 302.0 894.0 318.0 
face 1.0 922.0 312.0 936.0 326.0 
face 1.0 944.0 279.0 957.0 293.0 
face 1.0 926.0 284.0 938.0 299.0 
face 1.0 976.0 298.0 986.0 314.0 
face 1.0 1010.0 303.0 1023.0 319.0 
face 1.0 987.0 275.0 999.0 289.0 
face 1.0 810.0 299.0 821.0 313.0 
face 1.0 858.0 279.0 866.0 297.0 
face 1.0 866.0 260.0 876.0 275.0 
face 1.0 889.0 240.0 902.0 253.0 
face 1.0 924.0 234.0 937.0 249.0 
face 1.0 946.0 263.0 952.0 273.0 
face 1.0 968.0 234.0 975.0 250.0 
face 1.0 860.0 238.0 868.0 248.0 
face 1.0 833.0 230.0 843.0 240.0 
face 1.0 872.0 225.0 883.0 237.0 
face 1.0 961.0 204.0 972.0 217.0 
face 1.0 997.0 198.0 1005.0 212.0 
face 1.0 1006.0 234.0 1017.0 247.0 
face 1.0 815.0 191.0 824.0 204.0 
face 1.0 895.0 176.0 904.0 191.0 
face 1.0 813.0 167.0 823.0 178.0 
face 1.0 862.0 171.0 870.0 179.0 
face 1.0 942.0 136.0 953.0 149.0 
face 1.0 918.0 189.0 931.0 202.0 
face 1.0 706.0 112.0 717.0 125.0 
face 1.0 741.0 148.0 752.0 159.0 
face 1.0 690.0 142.0 699.0 154.0 
face 1.0 996.0 136.0 1002.0 147.0 
face 1.0 967.0 24.0 974.0 32.0 
face 1.0 984.0 52.0 994.0 62.0 
face 1.0 748.0 83.0 756.0 94.0 
face 1.0 946.0 89.0 955.0 101.0 
face 1.0 944.0 3.0 952.0 14.0 
face 1.0 889.0 16.0 895.0 26.0 
face 1.0 979.0 15.0 986.0 25.0 
face 1.0 999.0 11.0 1005.0 22.0 
face 1.0 975.0 39.0 985.0 50.0 
face 1.0 972.0 52.0 979.0 63.0 
face 1.0 847.0 427.0 858.0 441.0 
face 1.0 891.0 376.0 901.0 388.0 
face 1.0 891.0 269.0 900.0 284.0 
face 1.0 867.0 631.0 879.0 650.0 
face 1.0 902.0 689.0 915.0 711.0 
face 1.0 921.0 652.0 941.0 675.0 
face 1.0 988.0 605.0 1000.0 635.0 
face 1.0 647.0 144.0 657.0 154.0 
face 1.0 688.0 66.0 694.0 74.0 
face 1.0 609.0 124.0 617.0 135.0 
face 1.0 632.0 108.0 638.0 117.0 
face 1.0 653.0 105.0 660.0 113.0 
face 1.0 623.0 81.0 631.0 92.0 
face 1.0 632.0 51.0 641.0 65.0 
face 1.0 657.0 41.0 666.0 54.0 
face 1.0 619.0 40.0 626.0 52.0 
face 1.0 623.0 22.0 630.0 33.0 
face 1.0 635.0 23.0 644.0 33.0 
face 1.0 641.0 5.0 647.0 14.0 
face 1.0 668.0 44.0 674.0 53.0 
face 1.0 674.0 96.0 685.0 109.0 
face 1.0 703.0 89.0 710.0 101.0 
face 1.0 712.0 36.0 724.0 49.0 
face 1.0 684.0 35.0 694.0 50.0 
face 1.0 712.0 73.0 722.0 84.0 
face 1.0 405.0 64.0 410.0 75.0 
face 1.0 455.0 63.0 461.0 73.0 
face 1.0 467.0 52.0 476.0 64.0 
face 1.0 465.0 33.0 475.0 46.0 
face 1.0 444.0 17.0 454.0 31.0 
face 1.0 434.0 18.0 442.0 31.0 
face 1.0 474.0 11.0 484.0 23.0 
face 1.0 493.0 42.0 500.0 52.0 
face 1.0 476.0 28.0 483.0 41.0 
face 1.0 522.0 38.0 530.0 48.0 
face 1.0 554.0 30.0 560.0 42.0 
face 1.0 564.0 7.0 570.0 17.0 
face 1.0 551.0 55.0 561.0 71.0 
face 1.0 503.0 96.0 511.0 108.0 
face 1.0 517.0 100.0 526.0 113.0 
face 1.0 537.0 116.0 545.0 129.0 
face 1.0 549.0 114.0 559.0 128.0 
face 1.0 522.0 11.0 529.0 25.0 
face 1.0 393.0 2.0 400.0 12.0 
face 1.0 413.0 19.0 420.0 26.0 
face 1.0 393.0 24.0 400.0 34.0 
face 1.0 508.0 46.0 516.0 55.0 
face 1.0 481.0 56.0 490.0 69.0 
face 1.0 571.0 53.0 578.0 63.0 
face 1.0 588.0 93.0 600.0 107.0 
face 1.0 605.0 54.0 615.0 67.0 
face 1.0 683.0 5.0 689.0 14.0 
face 1.0 550.0 82.0 561.0 94.0 
face 1.0 608.0 97.0 617.0 107.0 
face 1.0 580.0 2.0 585.0 12.0 
face 1.0 608.0 3.0 614.0 16.0 
face 1.0 592.0 28.0 600.0 37.0 
face 1.0 590.0 36.0 595.0 46.0 
face 1.0 559.0 23.0 567.0 34.0 
face 1.0 573.0 21.0 580.0 33.0 
face 1.0 578.0 25.0 589.0 38.0 
face 1.0 775.0 87.0 781.0 98.0 
face 1.0 720.0 92.0 728.0 103.0 
face 1.0 729.0 39.0 737.0 49.0 
face 1.0 540.0 104.0 548.0 115.0 
face 1.0 522.0 90.0 531.0 104.0 
face 1.0 507.0 67.0 516.0 80.0 
face 1.0 564.0 140.0 572.0 154.0 
face 1.0 181.0 5.0 189.0 15.0 
face 1.0 173.0 40.0 181.0 49.0 
face 1.0 214.0 3.0 225.0 14.0 
face 1.0 155.0 51.0 168.0 64.0 
face 1.0 145.0 44.0 153.0 56.0 
face 1.0 134.0 45.0 141.0 57.0 
face 1.0 427.0 32.0 433.0 42.0 
face 1.0 501.0 11.0 507.0 20.0 
face 1.0 513.0 6.0 519.0 13.0 
face 1.0 528.0 3.0 534.0 12.0 
face 1.0 144.0 84.0 154.0 97.0 
face 1.0 834.0 242.0 844.0 253.0 
face 1.0 841.0 257.0 851.0 267.0 
face 1.0 820.0 236.0 828.0 249.0 
face 1.0 821.0 258.0 827.0 270.0 
face 1.0 804.0 142.0 815.0 153.0 
face 1.0 842.0 148.0 851.0 157.0 
face 1.0 820.0 121.0 831.0 133.0 
face 1.0 836.0 124.0 844.0 134.0 
face 1.0 840.0 542.0 861.0 568.0 
face 1.0 820.0 18.0 828.0 28.0 
face 1.0 795.0 30.0 802.0 38.0 
face 1.0 876.0 9.0 885.0 20.0 
face 1.0 904.0 31.0 912.0 40.0 
face 1.0 917.0 40.0 926.0 50.0 
face 1.0 932.0 13.0 939.0 23.0 
face 1.0 920.0 15.0 926.0 26.0 
face 1.0 963.0 38.0 971.0 49.0 
face 1.0 980.0 80.0 989.0 94.0 
face 1.0 953.0 75.0 961.0 85.0 
face 1.0 848.0 48.0 857.0 59.0 
face 1.0 860.0 72.0 869.0 83.0 
face 1.0 847.0 65.0 855.0 77.0 
face 1.0 828.0 66.0 835.0 75.0 
face 1.0 885.0 68.0 894.0 80.0 
face 1.0 915.0 70.0 924.0 82.0 
face 1.0 955.0 110.0 966.0 121.0 
face 1.0 976.0 109.0 982.0 118.0 
face 1.0 974.0 129.0 982.0 140.0 
face 1.0 969.0 120.0 977.0 131.0 
face 1.0 963.0 127.0 972.0 141.0 
face 1.0 932.0 113.0 943.0 125.0 
face 1.0 914.0 94.0 922.0 103.0 
face 1.0 902.0 89.0 911.0 100.0 
face 1.0 875.0 89.0 885.0 102.0 
face 1.0 878.0 128.0 887.0 138.0 
face 1.0 916.0 154.0 924.0 165.0 
face 1.0 907.0 144.0 919.0 156.0 
face 1.0 912.0 130.0 922.0 139.0 
face 1.0 941.0 169.0 952.0 182.0 
face 1.0 925.0 172.0 936.0 183.0 
face 1.0 989.0 181.0 997.0 192.0 
face 1.0 1004.0 120.0 1011.0 130.0 
face 1.0 800.0 128.0 809.0 140.0 
face 1.0 785.0 121.0 794.0 131.0 
face 1.0 908.0 57.0 918.0 65.0 
face 1.0 919.0 52.0 926.0 61.0 
face 1.0 893.0 49.0 899.0 60.0 
face 1.0 885.0 40.0 890.0 49.0 
face 1.0 764.0 85.0 772.0 97.0 
face 1.0 739.0 91.0 747.0 104.0 
face 1.0 740.0 60.0 747.0 72.0 
face 1.0 751.0 57.0 761.0 68.0 
face 1.0 833.0 48.0 841.0 59.0 
face 1.0 845.0 24.0 854.0 36.0 
face 1.0 884.0 154.0 892.0 166.0 
face 1.0 738.0 569.0 766.0 609.0 
face 1.0 819.0 541.0 839.0 562.0 
face 1.0 818.0 502.0 833.0 524.0 
face 1.0 839.0 514.0 849.0 530.0 
face 1.0 984.0 667.0 1011.0 701.0 
face 1.0 1006.0 666.0 1019.0 684.0 
face 1.0 997.0 600.0 1012.0 620.0 
face 1.0 917.0 602.0 930.0 622.0 
face 1.0 913.0 544.0 928.0 570.0 
face 1.0 980.0 528.0 995.0 554.0 
face 1.0 93.0 89.0 101.0 103.0 
face 1.0 147.0 19.0 157.0 30.0 
face 1.0 130.0 13.0 137.0 22.0 
face 1.0 246.0 31.0 258.0 44.0 
face 1.0 133.0 130.0 145.0 143.0 
face 1.0 163.0 121.0 173.0 137.0 
face 1.0 49.0 225.0 66.0 246.0 
face 1.0 45.0 200.0 63.0 218.0 
face 1.0 86.0 204.0 96.0 219.0 
face 1.0 96.0 207.0 103.0 217.0 
face 1.0 77.0 236.0 89.0 255.0 
face 1.0 56.0 269.0 70.0 284.0 
face 1.0 27.0 294.0 46.0 316.0 
face 1.0 41.0 324.0 62.0 347.0 
face 1.0 140.0 213.0 154.0 227.0 
face 1.0 164.0 220.0 176.0 233.0 
face 1.0 205.0 199.0 217.0 218.0 
face 1.0 159.0 236.0 166.0 249.0 
face 1.0 174.0 243.0 187.0 258.0 
face 1.0 143.0 263.0 158.0 282.0 
face 1.0 132.0 273.0 144.0 292.0 
face 1.0 91.0 281.0 100.0 295.0 
face 1.0 139.0 323.0 150.0 342.0 
face 1.0 223.0 225.0 235.0 240.0 
face 1.0 211.0 227.0 220.0 237.0 
face 1.0 205.0 238.0 212.0 247.0 
face 1.0 196.0 307.0 209.0 323.0 
face 1.0 221.0 308.0 230.0 319.0 
face 1.0 120.0 356.0 138.0 377.0 
face 1.0 255.0 314.0 266.0 331.0 
face 1.0 217.0 357.0 236.0 375.0 
face 1.0 264.0 349.0 280.0 369.0 
face 1.0 283.0 367.0 298.0 381.0 
face 1.0 297.0 358.0 310.0 376.0 
face 1.0 271.0 230.0 282.0 242.0 
face 1.0 294.0 283.0 304.0 297.0 
face 1.0 271.0 285.0 280.0 297.0 
