face 1.0 347.0 332.0 365.0 353.0 
face 1.0 292.0 267.0 303.0 285.0 
face 1.0 327.0 277.0 340.0 295.0 
face 1.0 358.0 258.0 376.0 279.0 
face 1.0 354.0 228.0 372.0 250.0 
face 1.0 404.0 205.0 421.0 227.0 
face 1.0 419.0 245.0 440.0 270.0 
face 1.0 444.0 226.0 464.0 253.0 
face 1.0 439.0 387.0 456.0 408.0 
face 1.0 504.0 346.0 522.0 371.0 
face 1.0 503.0 325.0 520.0 344.0 
face 1.0 563.0 372.0 578.0 391.0 
face 1.0 595.0 403.0 612.0 426.0 
face 1.0 633.0 346.0 651.0 371.0 
face 1.0 625.0 282.0 643.0 306.0 
face 1.0 669.0 257.0 684.0 276.0 
face 1.0 681.0 242.0 695.0 260.0 
face 1.0 632.0 197.0 653.0 217.0 
face 1.0 339.0 195.0 359.0 213.0 
face 1.0 458.0 197.0 475.0 214.0 
face 1.0 314.0 219.0 330.0 240.0 
face 1.0 623.0 328.0 631.0 340.0 
face 1.0 544.0 219.0 558.0 233.0 
