face 1.0 463.0 210.0 502.0 253.0 
face 1.0 1.0 332.0 20.0 380.0 
face 1.0 45.0 446.0 85.0 504.0 
face 1.0 130.0 444.0 168.0 491.0 
face 1.0 0.0 460.0 33.0 507.0 
face 1.0 57.0 387.0 94.0 434.0 
face 1.0 170.0 508.0 211.0 557.0 
face 1.0 671.0 272.0 710.0 325.0 
face 1.0 163.0 5.0 185.0 40.0 
face 1.0 207.0 12.0 231.0 45.0 
face 1.0 161.0 144.0 201.0 189.0 
face 1.0 213.0 110.0 246.0 151.0 
face 1.0 108.0 270.0 145.0 314.0 
face 1.0 159.0 273.0 192.0 318.0 
face 1.0 50.0 113.0 84.0 167.0 
face 1.0 35.0 85.0 73.0 129.0 
face 1.0 147.0 231.0 174.0 268.0 
face 1.0 220.0 194.0 252.0 233.0 
face 1.0 326.0 64.0 361.0 107.0 
face 1.0 817.0 274.0 860.0 325.0 
face 1.0 824.0 492.0 859.0 543.0 
face 1.0 914.0 530.0 955.0 585.0 
face 1.0 798.0 4.0 832.0 41.0 
face 1.0 604.0 12.0 629.0 33.0 
face 1.0 544.0 14.0 568.0 51.0 
face 1.0 838.0 344.0 874.0 389.0 
face 1.0 797.0 399.0 828.0 448.0 
face 1.0 859.0 427.0 900.0 472.0 
face 1.0 663.0 490.0 704.0 549.0 
face 1.0 546.0 506.0 589.0 552.0 
face 1.0 620.0 531.0 650.0 579.0 
face 1.0 746.0 562.0 781.0 605.0 
face 1.0 815.0 565.0 862.0 624.0 
face 1.0 726.0 595.0 757.0 625.0 
face 1.0 427.0 477.0 468.0 528.0 
face 1.0 188.0 390.0 222.0 428.0 
face 1.0 990.0 337.0 1023.0 379.0 
face 1.0 1002.0 415.0 1024.0 472.0 
face 1.0 992.0 114.0 1024.0 152.0 
face 1.0 195.0 311.0 232.0 351.0 
face 1.0 425.0 205.0 451.0 235.0 
face 1.0 604.0 182.0 638.0 229.0 
face 1.0 665.0 153.0 699.0 198.0 
face 1.0 735.0 236.0 775.0 281.0 
face 1.0 964.0 490.0 1000.0 537.0 
face 1.0 912.0 452.0 945.0 497.0 
face 1.0 882.0 306.0 919.0 356.0 
face 1.0 954.0 352.0 995.0 397.0 
face 1.0 966.0 281.0 1005.0 332.0 
face 1.0 874.0 171.0 910.0 209.0 
face 1.0 938.0 150.0 975.0 190.0 
face 1.0 953.0 213.0 993.0 257.0 
face 1.0 861.0 242.0 896.0 286.0 
face 1.0 262.0 555.0 304.0 606.0 
face 1.0 338.0 559.0 376.0 595.0 
face 1.0 406.0 582.0 443.0 625.0 
face 1.0 457.0 510.0 498.0 565.0 
face 1.0 549.0 567.0 593.0 618.0 
face 1.0 488.0 384.0 532.0 429.0 
face 1.0 511.0 437.0 545.0 480.0 
face 1.0 593.0 445.0 636.0 485.0 
face 1.0 568.0 340.0 601.0 389.0 
face 1.0 590.0 382.0 632.0 433.0 
face 1.0 618.0 317.0 652.0 358.0 
face 1.0 785.0 84.0 819.0 126.0 
face 1.0 675.0 12.0 704.0 50.0 
face 1.0 733.0 284.0 768.0 330.0 
face 1.0 709.0 323.0 748.0 372.0 
face 1.0 557.0 241.0 586.0 284.0 
face 1.0 454.0 289.0 492.0 333.0 
face 1.0 479.0 256.0 512.0 300.0 
face 1.0 418.0 259.0 448.0 305.0 
face 1.0 787.0 215.0 829.0 265.0 
face 1.0 427.0 66.0 458.0 105.0 
face 1.0 471.0 35.0 498.0 78.0 
face 1.0 411.0 21.0 441.0 64.0 
face 1.0 620.0 94.0 653.0 136.0 
face 1.0 670.0 81.0 698.0 121.0 
face 1.0 713.0 108.0 745.0 148.0 
face 1.0 343.0 1.0 377.0 37.0 
face 1.0 48.0 0.0 73.0 10.0 
face 1.0 849.0 0.0 875.0 23.0 
face 1.0 893.0 0.0 924.0 22.0 
