face 1.0 883.0 103.0 968.0 194.0 
face 1.0 635.0 192.0 744.0 326.0 
face 1.0 552.0 113.0 639.0 214.0 
face 1.0 288.0 128.0 365.0 218.0 
face 1.0 166.0 166.0 270.0 278.0 
face 1.0 28.0 141.0 103.0 219.0 
face 1.0 939.0 3.0 1005.0 69.0 
face 1.0 827.0 12.0 911.0 98.0 
face 1.0 708.0 0.0 770.0 54.0 
face 1.0 759.0 2.0 812.0 58.0 
face 1.0 63.0 0.0 99.0 37.0 
face 1.0 5.0 63.0 65.0 126.0 
face 1.0 95.0 3.0 155.0 63.0 
face 1.0 158.0 24.0 210.0 77.0 
face 1.0 202.0 27.0 246.0 74.0 
face 1.0 256.0 20.0 329.0 99.0 
face 1.0 327.0 26.0 382.0 85.0 
face 1.0 407.0 5.0 453.0 50.0 
face 1.0 500.0 0.0 575.0 59.0 
face 1.0 564.0 0.0 608.0 62.0 
face 1.0 654.0 0.0 692.0 42.0 
face 1.0 485.0 25.0 520.0 65.0 
