face 1.0 227.0 221.0 262.0 280.0 
face 1.0 263.0 228.0 288.0 266.0 
face 1.0 288.0 235.0 306.0 262.0 
face 1.0 380.0 221.0 404.0 267.0 
face 1.0 441.0 268.0 464.0 322.0 
face 1.0 523.0 192.0 536.0 213.0 
face 1.0 502.0 210.0 509.0 218.0 
face 1.0 494.0 203.0 500.0 211.0 
face 1.0 541.0 194.0 547.0 202.0 
face 1.0 559.0 204.0 565.0 211.0 
face 1.0 567.0 197.0 572.0 204.0 
face 1.0 575.0 197.0 581.0 205.0 
face 1.0 716.0 196.0 724.0 206.0 
face 1.0 734.0 192.0 743.0 203.0 
face 1.0 757.0 195.0 762.0 202.0 
face 1.0 768.0 194.0 775.0 203.0 
face 1.0 784.0 183.0 790.0 190.0 
face 1.0 813.0 216.0 819.0 223.0 
face 1.0 759.0 217.0 767.0 230.0 
face 1.0 160.0 239.0 174.0 260.0 
