face 1.0 293.0 322.0 357.0 385.0 
face 1.0 345.0 244.0 402.0 301.0 
face 1.0 463.0 157.0 496.0 192.0 
face 1.0 383.0 163.0 417.0 202.0 
face 1.0 439.0 158.0 461.0 190.0 
face 1.0 353.0 166.0 374.0 197.0 
face 1.0 543.0 145.0 568.0 177.0 
face 1.0 721.0 137.0 749.0 172.0 
face 1.0 782.0 128.0 815.0 166.0 
face 1.0 820.0 132.0 844.0 164.0 
face 1.0 608.0 199.0 633.0 232.0 
face 1.0 281.0 28.0 324.0 77.0 
face 1.0 655.0 147.0 675.0 180.0 
face 1.0 628.0 152.0 652.0 188.0 
face 1.0 561.0 161.0 587.0 206.0 
