face 1.0 9.0 72.0 37.0 111.0 
face 1.0 75.0 63.0 110.0 108.0 
face 1.0 114.0 57.0 151.0 102.0 
face 1.0 72.0 127.0 147.0 227.0 
face 1.0 207.0 107.0 260.0 169.0 
face 1.0 316.0 94.0 369.0 167.0 
face 1.0 452.0 56.0 495.0 115.0 
face 1.0 459.0 149.0 568.0 283.0 
face 1.0 433.0 35.0 457.0 72.0 
face 1.0 404.0 51.0 428.0 85.0 
face 1.0 740.0 206.0 870.0 375.0 
face 1.0 616.0 56.0 670.0 127.0 
face 1.0 579.0 16.0 608.0 49.0 
face 1.0 729.0 38.0 762.0 82.0 
face 1.0 765.0 62.0 816.0 128.0 
face 1.0 877.0 13.0 911.0 60.0 
face 1.0 921.0 36.0 963.0 89.0 
face 1.0 946.0 66.0 996.0 131.0 
face 1.0 151.0 82.0 203.0 147.0 
face 1.0 466.0 21.0 495.0 56.0 
face 1.0 499.0 48.0 529.0 75.0 
face 1.0 581.0 51.0 611.0 96.0 
face 1.0 502.0 79.0 552.0 152.0 
face 1.0 806.0 19.0 833.0 55.0 
face 1.0 665.0 28.0 691.0 64.0 
face 1.0 726.0 13.0 762.0 44.0 
face 1.0 985.0 36.0 1019.0 70.0 
