face 1.0 939.0 422.0 963.0 447.0 
face 1.0 886.0 402.0 906.0 421.0 
face 1.0 844.0 411.0 865.0 434.0 
face 1.0 801.0 407.0 819.0 431.0 
face 1.0 771.0 392.0 791.0 412.0 
face 1.0 712.0 371.0 732.0 395.0 
face 1.0 672.0 391.0 691.0 412.0 
face 1.0 625.0 379.0 643.0 401.0 
face 1.0 575.0 393.0 591.0 413.0 
face 1.0 544.0 381.0 562.0 401.0 
face 1.0 534.0 420.0 550.0 439.0 
face 1.0 497.0 424.0 515.0 444.0 
face 1.0 490.0 384.0 506.0 403.0 
face 1.0 473.0 435.0 490.0 453.0 
face 1.0 456.0 431.0 470.0 444.0 
face 1.0 433.0 404.0 450.0 418.0 
face 1.0 430.0 431.0 441.0 445.0 
face 1.0 400.0 426.0 414.0 439.0 
face 1.0 389.0 423.0 403.0 439.0 
face 1.0 361.0 425.0 379.0 443.0 
face 1.0 339.0 445.0 357.0 463.0 
face 1.0 310.0 440.0 325.0 458.0 
face 1.0 283.0 439.0 300.0 457.0 
face 1.0 248.0 435.0 265.0 453.0 
face 1.0 268.0 366.0 285.0 385.0 
