face 1.0 108.0 204.0 171.0 270.0 
face 1.0 223.0 195.0 270.0 251.0 
face 1.0 50.0 318.0 109.0 377.0 
face 1.0 49.0 572.0 121.0 645.0 
face 1.0 265.0 471.0 329.0 551.0 
face 1.0 378.0 487.0 450.0 554.0 
face 1.0 212.0 261.0 280.0 336.0 
face 1.0 316.0 329.0 371.0 400.0 
face 1.0 375.0 277.0 426.0 331.0 
face 1.0 374.0 203.0 426.0 253.0 
face 1.0 406.0 116.0 459.0 169.0 
face 1.0 501.0 224.0 568.0 305.0 
face 1.0 563.0 367.0 619.0 428.0 
face 1.0 639.0 167.0 691.0 243.0 
face 1.0 902.0 216.0 968.0 285.0 
face 1.0 900.0 96.0 941.0 159.0 
face 1.0 748.0 506.0 817.0 582.0 
face 1.0 733.0 295.0 800.0 382.0 
face 1.0 658.0 269.0 716.0 344.0 
face 1.0 510.0 141.0 556.0 204.0 
face 1.0 484.0 476.0 543.0 545.0 
