face 1.0 933.0 32.0 949.0 51.0 
face 1.0 915.0 27.0 935.0 47.0 
face 1.0 936.0 61.0 952.0 81.0 
face 1.0 905.0 65.0 926.0 88.0 
face 1.0 880.0 82.0 901.0 105.0 
face 1.0 865.0 62.0 889.0 92.0 
face 1.0 858.0 51.0 878.0 79.0 
face 1.0 832.0 58.0 854.0 83.0 
face 1.0 817.0 75.0 841.0 101.0 
face 1.0 859.0 119.0 885.0 148.0 
face 1.0 915.0 101.0 940.0 127.0 
face 1.0 941.0 117.0 970.0 153.0 
face 1.0 919.0 196.0 957.0 237.0 
face 1.0 879.0 149.0 907.0 188.0 
face 1.0 842.0 169.0 878.0 210.0 
face 1.0 889.0 221.0 924.0 256.0 
face 1.0 845.0 215.0 889.0 256.0 
face 1.0 817.0 105.0 842.0 138.0 
face 1.0 773.0 54.0 799.0 87.0 
face 1.0 783.0 19.0 797.0 32.0 
face 1.0 749.0 51.0 768.0 78.0 
face 1.0 730.0 80.0 758.0 115.0 
face 1.0 729.0 27.0 752.0 51.0 
face 1.0 665.0 64.0 690.0 97.0 
face 1.0 745.0 146.0 773.0 177.0 
face 1.0 799.0 125.0 824.0 154.0 
face 1.0 768.0 135.0 797.0 162.0 
face 1.0 772.0 157.0 802.0 186.0 
face 1.0 753.0 178.0 787.0 217.0 
face 1.0 778.0 196.0 811.0 240.0 
face 1.0 698.0 218.0 736.0 256.0 
face 1.0 767.0 105.0 795.0 131.0 
face 1.0 658.0 41.0 675.0 63.0 
face 1.0 593.0 42.0 612.0 64.0 
face 1.0 578.0 67.0 607.0 89.0 
face 1.0 615.0 84.0 643.0 115.0 
face 1.0 644.0 77.0 669.0 114.0 
face 1.0 657.0 132.0 687.0 167.0 
face 1.0 681.0 122.0 708.0 154.0 
face 1.0 635.0 131.0 663.0 161.0 
face 1.0 567.0 119.0 591.0 147.0 
face 1.0 577.0 136.0 607.0 176.0 
face 1.0 604.0 161.0 639.0 202.0 
face 1.0 661.0 183.0 698.0 221.0 
face 1.0 572.0 191.0 609.0 234.0 
face 1.0 546.0 222.0 586.0 263.0 
face 1.0 541.0 229.0 541.0 231.0 
face 1.0 521.0 208.0 552.0 244.0 
face 1.0 476.0 34.0 497.0 53.0 
face 1.0 467.0 28.0 483.0 51.0 
face 1.0 472.0 58.0 487.0 78.0 
face 1.0 403.0 73.0 418.0 91.0 
face 1.0 414.0 94.0 434.0 118.0 
face 1.0 457.0 114.0 483.0 142.0 
face 1.0 486.0 127.0 516.0 163.0 
face 1.0 339.0 57.0 361.0 86.0 
face 1.0 334.0 35.0 354.0 60.0 
face 1.0 305.0 49.0 322.0 71.0 
face 1.0 323.0 68.0 343.0 91.0 
face 1.0 329.0 106.0 358.0 141.0 
face 1.0 304.0 107.0 324.0 140.0 
face 1.0 338.0 148.0 370.0 193.0 
face 1.0 363.0 162.0 398.0 194.0 
face 1.0 445.0 152.0 476.0 196.0 
face 1.0 248.0 92.0 280.0 131.0 
face 1.0 207.0 13.0 222.0 30.0 
face 1.0 178.0 28.0 193.0 50.0 
face 1.0 186.0 24.0 207.0 50.0 
face 1.0 185.0 57.0 208.0 83.0 
face 1.0 170.0 78.0 190.0 101.0 
face 1.0 210.0 97.0 233.0 122.0 
face 1.0 189.0 114.0 210.0 147.0 
face 1.0 136.0 98.0 164.0 131.0 
face 1.0 108.0 66.0 130.0 91.0 
face 1.0 117.0 17.0 131.0 31.0 
face 1.0 12.0 36.0 33.0 58.0 
face 1.0 29.0 37.0 48.0 59.0 
face 1.0 15.0 53.0 33.0 74.0 
face 1.0 28.0 60.0 45.0 79.0 
face 1.0 67.0 68.0 92.0 93.0 
face 1.0 69.0 87.0 96.0 120.0 
face 1.0 39.0 79.0 65.0 109.0 
face 1.0 23.0 79.0 45.0 111.0 
face 1.0 0.0 77.0 20.0 99.0 
face 1.0 32.0 148.0 60.0 180.0 
face 1.0 0.0 141.0 22.0 179.0 
face 1.0 61.0 143.0 97.0 179.0 
face 1.0 108.0 147.0 137.0 180.0 
face 1.0 145.0 147.0 177.0 188.0 
face 1.0 73.0 186.0 111.0 222.0 
face 1.0 243.0 182.0 276.0 214.0 
face 1.0 172.0 190.0 210.0 235.0 
face 1.0 144.0 230.0 177.0 267.0 
face 1.0 65.0 211.0 106.0 252.0 
face 1.0 36.0 219.0 69.0 261.0 
face 1.0 0.0 228.0 30.0 276.0 
face 1.0 85.0 235.0 130.0 287.0 
face 1.0 110.0 273.0 155.0 318.0 
face 1.0 158.0 265.0 195.0 304.0 
face 1.0 194.0 264.0 231.0 310.0 
face 1.0 234.0 234.0 273.0 278.0 
face 1.0 210.0 284.0 254.0 346.0 
face 1.0 282.0 171.0 312.0 202.0 
face 1.0 271.0 192.0 303.0 235.0 
face 1.0 275.0 248.0 317.0 292.0 
face 1.0 271.0 263.0 319.0 325.0 
face 1.0 347.0 210.0 378.0 242.0 
face 1.0 355.0 228.0 397.0 277.0 
face 1.0 339.0 287.0 386.0 336.0 
face 1.0 405.0 260.0 455.0 319.0 
face 1.0 475.0 174.0 511.0 221.0 
face 1.0 489.0 243.0 531.0 298.0 
face 1.0 532.0 261.0 563.0 297.0 
face 1.0 456.0 272.0 488.0 307.0 
face 1.0 475.0 297.0 516.0 348.0 
face 1.0 641.0 239.0 671.0 269.0 
face 1.0 658.0 235.0 704.0 284.0 
face 1.0 756.0 252.0 798.0 298.0 
face 1.0 706.0 322.0 752.0 377.0 
face 1.0 564.0 330.0 614.0 388.0 
face 1.0 878.0 308.0 916.0 360.0 
face 1.0 895.0 338.0 948.0 404.0 
face 1.0 928.0 405.0 978.0 464.0 
face 1.0 826.0 434.0 878.0 491.0 
face 1.0 822.0 490.0 895.0 552.0 
face 1.0 786.0 571.0 858.0 649.0 
face 1.0 610.0 412.0 667.0 465.0 
face 1.0 670.0 418.0 734.0 488.0 
face 1.0 735.0 446.0 799.0 529.0 
face 1.0 658.0 528.0 726.0 603.0 
face 1.0 378.0 336.0 433.0 392.0 
face 1.0 448.0 380.0 491.0 438.0 
face 1.0 509.0 373.0 565.0 444.0 
face 1.0 485.0 440.0 536.0 509.0 
face 1.0 559.0 482.0 613.0 553.0 
face 1.0 552.0 574.0 631.0 659.0 
face 1.0 332.0 435.0 394.0 493.0 
face 1.0 353.0 502.0 416.0 575.0 
face 1.0 279.0 430.0 332.0 494.0 
face 1.0 253.0 558.0 323.0 638.0 
face 1.0 309.0 322.0 364.0 388.0 
face 1.0 276.0 329.0 323.0 378.0 
face 1.0 117.0 351.0 170.0 412.0 
face 1.0 65.0 394.0 117.0 458.0 
face 1.0 27.0 372.0 28.0 373.0 
face 1.0 4.0 331.0 53.0 392.0 
face 1.0 4.0 403.0 58.0 465.0 
face 1.0 147.0 481.0 176.0 557.0 
face 1.0 0.0 492.0 54.0 560.0 
face 1.0 104.0 538.0 150.0 588.0 
face 1.0 0.0 564.0 50.0 645.0 
face 1.0 460.0 652.0 505.0 686.0 
face 1.0 682.0 65.0 700.0 91.0 
face 1.0 157.0 404.0 209.0 469.0 
face 1.0 925.0 279.0 964.0 333.0 
face 1.0 1015.0 290.0 1024.0 331.0 
face 1.0 909.0 4.0 930.0 33.0 
face 1.0 986.0 6.0 1008.0 30.0 
face 1.0 716.0 12.0 730.0 32.0 
face 1.0 756.0 13.0 772.0 33.0 
face 1.0 943.0 2.0 961.0 30.0 
face 1.0 27.0 0.0 45.0 17.0 
face 1.0 64.0 25.0 86.0 49.0 
face 1.0 0.0 30.0 8.0 43.0 
