face 1.0 13.0 286.0 46.0 327.0 
face 1.0 44.0 263.0 89.0 306.0 
face 1.0 103.0 310.0 150.0 352.0 
face 1.0 187.0 248.0 217.0 289.0 
face 1.0 220.0 242.0 255.0 285.0 
face 1.0 220.0 294.0 262.0 358.0 
face 1.0 108.0 230.0 130.0 269.0 
face 1.0 150.0 256.0 172.0 281.0 
face 1.0 337.0 287.0 413.0 373.0 
face 1.0 311.0 238.0 342.0 273.0 
face 1.0 447.0 225.0 474.0 272.0 
face 1.0 549.0 293.0 627.0 399.0 
face 1.0 504.0 229.0 544.0 302.0 
face 1.0 637.0 252.0 689.0 303.0 
face 1.0 711.0 258.0 744.0 303.0 
face 1.0 743.0 275.0 779.0 324.0 
face 1.0 766.0 259.0 825.0 321.0 
face 1.0 707.0 218.0 730.0 247.0 
face 1.0 997.0 284.0 1023.0 337.0 
face 1.0 904.0 267.0 960.0 326.0 
face 1.0 827.0 236.0 863.0 282.0 
face 1.0 524.0 212.0 530.0 218.0 
