face 1.0 366.0 302.0 436.0 406.0 
face 1.0 238.0 297.0 296.0 364.0 
face 1.0 593.0 545.0 657.0 628.0 
face 1.0 754.0 542.0 787.0 592.0 
face 1.0 960.0 589.0 1011.0 659.0 
face 1.0 526.0 469.0 547.0 497.0 
face 1.0 496.0 474.0 507.0 494.0 
face 1.0 116.0 454.0 137.0 482.0 
face 1.0 65.0 422.0 76.0 438.0 
face 1.0 49.0 400.0 60.0 415.0 
face 1.0 19.0 404.0 29.0 415.0 
face 1.0 0.0 425.0 9.0 439.0 
face 1.0 68.0 394.0 77.0 406.0 
face 1.0 60.0 388.0 68.0 400.0 
face 1.0 99.0 397.0 108.0 407.0 
face 1.0 680.0 375.0 686.0 384.0 
face 1.0 711.0 379.0 717.0 387.0 
face 1.0 772.0 377.0 781.0 386.0 
face 1.0 806.0 376.0 815.0 387.0 
face 1.0 843.0 375.0 853.0 388.0 
face 1.0 887.0 376.0 897.0 388.0 
face 1.0 950.0 376.0 958.0 391.0 
face 1.0 969.0 380.0 976.0 389.0 
face 1.0 997.0 379.0 1006.0 390.0 
face 1.0 1019.0 372.0 1024.0 385.0 
