face 1.0 94.0 31.0 106.0 49.0 
face 1.0 23.0 71.0 38.0 90.0 
face 1.0 4.0 92.0 16.0 112.0 
face 1.0 86.0 130.0 115.0 173.0 
face 1.0 180.0 223.0 213.0 260.0 
face 1.0 222.0 189.0 252.0 229.0 
face 1.0 16.0 128.0 35.0 152.0 
face 1.0 71.0 269.0 110.0 318.0 
face 1.0 276.0 221.0 312.0 265.0 
face 1.0 13.0 370.0 55.0 418.0 
face 1.0 285.0 170.0 314.0 201.0 
face 1.0 275.0 70.0 290.0 88.0 
face 1.0 309.0 98.0 324.0 118.0 
face 1.0 399.0 51.0 413.0 68.0 
face 1.0 387.0 154.0 413.0 184.0 
face 1.0 357.0 153.0 378.0 180.0 
face 1.0 390.0 226.0 413.0 262.0 
face 1.0 356.0 26.0 372.0 40.0 
face 1.0 463.0 12.0 472.0 28.0 
face 1.0 351.0 117.0 370.0 142.0 
face 1.0 502.0 7.0 515.0 23.0 
face 1.0 902.0 116.0 923.0 139.0 
face 1.0 844.0 133.0 862.0 159.0 
face 1.0 887.0 163.0 909.0 197.0 
face 1.0 853.0 326.0 892.0 373.0 
face 1.0 939.0 297.0 986.0 352.0 
face 1.0 951.0 167.0 986.0 217.0 
face 1.0 812.0 0.0 824.0 10.0 
face 1.0 904.0 1.0 917.0 14.0 
face 1.0 929.0 83.0 945.0 101.0 
face 1.0 924.0 79.0 935.0 96.0 
face 1.0 314.0 363.0 355.0 415.0 
face 1.0 398.0 478.0 449.0 522.0 
face 1.0 671.0 385.0 716.0 449.0 
face 1.0 791.0 387.0 837.0 440.0 
face 1.0 806.0 500.0 867.0 550.0 
face 1.0 73.0 90.0 87.0 112.0 
face 1.0 801.0 14.0 812.0 31.0 
face 1.0 894.0 301.0 933.0 339.0 
face 1.0 546.0 168.0 561.0 191.0 
