face 1.0 107.0 557.0 116.0 574.0 
face 1.0 102.0 506.0 112.0 521.0 
face 1.0 68.0 484.0 77.0 497.0 
face 1.0 195.0 599.0 209.0 613.0 
face 1.0 208.0 503.0 217.0 517.0 
face 1.0 204.0 456.0 216.0 469.0 
face 1.0 78.0 433.0 89.0 447.0 
face 1.0 152.0 444.0 161.0 459.0 
face 1.0 296.0 447.0 304.0 459.0 
face 1.0 247.0 466.0 256.0 480.0 
face 1.0 284.0 348.0 294.0 360.0 
face 1.0 260.0 410.0 270.0 423.0 
face 1.0 191.0 383.0 201.0 396.0 
face 1.0 147.0 413.0 156.0 424.0 
face 1.0 75.0 309.0 83.0 321.0 
face 1.0 121.0 286.0 129.0 298.0 
face 1.0 115.0 258.0 124.0 269.0 
face 1.0 157.0 265.0 164.0 277.0 
face 1.0 269.0 395.0 276.0 406.0 
face 1.0 236.0 315.0 245.0 328.0 
face 1.0 175.0 237.0 186.0 249.0 
face 1.0 241.0 205.0 250.0 214.0 
face 1.0 251.0 172.0 260.0 182.0 
face 1.0 178.0 155.0 189.0 166.0 
face 1.0 55.0 201.0 63.0 212.0 
face 1.0 6.0 173.0 12.0 183.0 
face 1.0 32.0 161.0 43.0 174.0 
face 1.0 51.0 130.0 59.0 139.0 
face 1.0 88.0 119.0 99.0 132.0 
face 1.0 122.0 188.0 133.0 197.0 
face 1.0 197.0 92.0 206.0 101.0 
face 1.0 258.0 99.0 264.0 108.0 
face 1.0 246.0 68.0 255.0 80.0 
face 1.0 146.0 105.0 153.0 113.0 
face 1.0 34.0 100.0 41.0 108.0 
face 1.0 73.0 87.0 82.0 97.0 
face 1.0 101.0 61.0 108.0 70.0 
face 1.0 124.0 50.0 131.0 60.0 
face 1.0 99.0 39.0 106.0 48.0 
face 1.0 113.0 29.0 120.0 36.0 
face 1.0 64.0 26.0 72.0 34.0 
face 1.0 27.0 54.0 31.0 61.0 
face 1.0 152.0 20.0 160.0 30.0 
face 1.0 244.0 36.0 250.0 45.0 
face 1.0 207.0 23.0 215.0 32.0 
face 1.0 134.0 6.0 140.0 14.0 
face 1.0 191.0 5.0 199.0 15.0 
face 1.0 262.0 28.0 268.0 36.0 
face 1.0 91.0 61.0 97.0 67.0 
face 1.0 146.0 86.0 154.0 95.0 
face 1.0 79.0 115.0 84.0 123.0 
face 1.0 45.0 50.0 51.0 58.0 
face 1.0 146.0 25.0 152.0 31.0 
face 1.0 492.0 592.0 505.0 608.0 
face 1.0 389.0 604.0 401.0 616.0 
face 1.0 523.0 416.0 533.0 426.0 
face 1.0 453.0 414.0 460.0 425.0 
face 1.0 388.0 398.0 400.0 411.0 
face 1.0 424.0 336.0 435.0 351.0 
face 1.0 456.0 444.0 466.0 452.0 
face 1.0 483.0 329.0 489.0 338.0 
face 1.0 534.0 315.0 542.0 325.0 
face 1.0 337.0 334.0 347.0 350.0 
face 1.0 325.0 342.0 334.0 357.0 
face 1.0 334.0 311.0 345.0 320.0 
face 1.0 339.0 293.0 346.0 304.0 
face 1.0 438.0 234.0 445.0 245.0 
face 1.0 452.0 232.0 459.0 244.0 
face 1.0 344.0 222.0 352.0 233.0 
face 1.0 357.0 221.0 366.0 232.0 
face 1.0 323.0 215.0 329.0 225.0 
face 1.0 298.0 191.0 308.0 203.0 
face 1.0 394.0 197.0 403.0 207.0 
face 1.0 413.0 176.0 420.0 186.0 
face 1.0 373.0 164.0 381.0 172.0 
face 1.0 395.0 169.0 402.0 177.0 
face 1.0 401.0 180.0 406.0 188.0 
face 1.0 385.0 186.0 392.0 194.0 
face 1.0 330.0 159.0 338.0 166.0 
face 1.0 370.0 152.0 376.0 159.0 
face 1.0 354.0 144.0 361.0 155.0 
face 1.0 357.0 125.0 365.0 135.0 
face 1.0 320.0 142.0 327.0 152.0 
face 1.0 301.0 152.0 308.0 157.0 
face 1.0 312.0 172.0 319.0 179.0 
face 1.0 441.0 214.0 449.0 226.0 
face 1.0 451.0 145.0 459.0 154.0 
face 1.0 477.0 130.0 487.0 140.0 
face 1.0 482.0 105.0 489.0 116.0 
face 1.0 467.0 85.0 477.0 95.0 
face 1.0 430.0 105.0 437.0 115.0 
face 1.0 415.0 110.0 422.0 117.0 
face 1.0 379.0 96.0 389.0 106.0 
face 1.0 402.0 74.0 411.0 84.0 
face 1.0 436.0 73.0 446.0 82.0 
face 1.0 376.0 46.0 384.0 54.0 
face 1.0 344.0 49.0 352.0 59.0 
face 1.0 483.0 48.0 491.0 59.0 
face 1.0 347.0 38.0 355.0 47.0 
face 1.0 280.0 19.0 286.0 27.0 
face 1.0 355.0 11.0 363.0 22.0 
face 1.0 472.0 21.0 478.0 30.0 
face 1.0 428.0 0.0 434.0 7.0 
face 1.0 561.0 642.0 571.0 650.0 
face 1.0 714.0 512.0 725.0 525.0 
face 1.0 834.0 461.0 842.0 471.0 
face 1.0 757.0 566.0 763.0 578.0 
face 1.0 778.0 476.0 785.0 485.0 
face 1.0 841.0 500.0 847.0 509.0 
face 1.0 840.0 512.0 846.0 521.0 
face 1.0 966.0 570.0 974.0 583.0 
face 1.0 1005.0 507.0 1016.0 516.0 
face 1.0 933.0 498.0 944.0 509.0 
face 1.0 973.0 392.0 983.0 403.0 
face 1.0 992.0 383.0 998.0 392.0 
face 1.0 1006.0 354.0 1015.0 367.0 
face 1.0 847.0 327.0 856.0 338.0 
face 1.0 861.0 313.0 870.0 321.0 
face 1.0 912.0 310.0 921.0 321.0 
face 1.0 945.0 329.0 953.0 338.0 
face 1.0 985.0 336.0 995.0 347.0 
face 1.0 933.0 373.0 938.0 382.0 
face 1.0 982.0 530.0 988.0 540.0 
face 1.0 630.0 320.0 635.0 329.0 
face 1.0 736.0 273.0 745.0 287.0 
face 1.0 567.0 290.0 575.0 300.0 
face 1.0 682.0 245.0 690.0 257.0 
face 1.0 669.0 229.0 676.0 240.0 
face 1.0 538.0 245.0 546.0 255.0 
face 1.0 641.0 191.0 649.0 201.0 
face 1.0 618.0 174.0 626.0 183.0 
face 1.0 606.0 152.0 614.0 161.0 
face 1.0 542.0 196.0 549.0 205.0 
face 1.0 537.0 200.0 543.0 207.0 
face 1.0 575.0 136.0 582.0 143.0 
face 1.0 588.0 115.0 594.0 122.0 
face 1.0 617.0 107.0 625.0 116.0 
face 1.0 588.0 93.0 596.0 102.0 
face 1.0 553.0 86.0 562.0 96.0 
face 1.0 544.0 133.0 551.0 142.0 
face 1.0 525.0 76.0 533.0 87.0 
face 1.0 556.0 61.0 564.0 72.0 
face 1.0 604.0 86.0 611.0 96.0 
face 1.0 618.0 83.0 625.0 93.0 
face 1.0 609.0 61.0 616.0 70.0 
face 1.0 556.0 37.0 565.0 48.0 
face 1.0 528.0 39.0 535.0 47.0 
face 1.0 490.0 44.0 496.0 53.0 
face 1.0 501.0 49.0 507.0 59.0 
face 1.0 620.0 32.0 627.0 42.0 
face 1.0 506.0 6.0 513.0 14.0 
face 1.0 526.0 4.0 531.0 13.0 
face 1.0 624.0 16.0 630.0 24.0 
face 1.0 653.0 0.0 659.0 8.0 
face 1.0 670.0 11.0 675.0 18.0 
face 1.0 647.0 46.0 653.0 55.0 
face 1.0 633.0 44.0 638.0 50.0 
face 1.0 644.0 90.0 652.0 101.0 
face 1.0 686.0 96.0 694.0 106.0 
face 1.0 702.0 80.0 710.0 91.0 
face 1.0 694.0 58.0 700.0 66.0 
face 1.0 671.0 55.0 679.0 61.0 
face 1.0 684.0 41.0 691.0 50.0 
face 1.0 689.0 23.0 695.0 30.0 
face 1.0 707.0 12.0 713.0 21.0 
face 1.0 712.0 61.0 719.0 69.0 
face 1.0 726.0 24.0 733.0 36.0 
face 1.0 883.0 484.0 889.0 494.0 
face 1.0 910.0 435.0 916.0 444.0 
face 1.0 826.0 306.0 833.0 316.0 
face 1.0 849.0 274.0 855.0 283.0 
face 1.0 872.0 271.0 881.0 283.0 
face 1.0 917.0 282.0 927.0 292.0 
face 1.0 916.0 262.0 925.0 271.0 
face 1.0 949.0 263.0 959.0 277.0 
face 1.0 835.0 243.0 843.0 250.0 
face 1.0 795.0 300.0 804.0 308.0 
face 1.0 878.0 233.0 885.0 243.0 
face 1.0 923.0 241.0 929.0 252.0 
face 1.0 936.0 252.0 945.0 262.0 
face 1.0 996.0 250.0 1004.0 259.0 
face 1.0 963.0 233.0 971.0 243.0 
face 1.0 955.0 255.0 965.0 264.0 
face 1.0 978.0 238.0 984.0 248.0 
face 1.0 974.0 223.0 980.0 231.0 
face 1.0 908.0 219.0 915.0 228.0 
face 1.0 817.0 222.0 825.0 233.0 
face 1.0 845.0 215.0 854.0 225.0 
face 1.0 744.0 226.0 754.0 237.0 
face 1.0 798.0 213.0 805.0 222.0 
face 1.0 791.0 191.0 798.0 202.0 
face 1.0 742.0 197.0 752.0 208.0 
face 1.0 725.0 178.0 733.0 188.0 
face 1.0 752.0 171.0 761.0 182.0 
face 1.0 810.0 169.0 819.0 179.0 
face 1.0 889.0 169.0 896.0 179.0 
face 1.0 675.0 122.0 684.0 132.0 
face 1.0 713.0 148.0 721.0 158.0 
face 1.0 717.0 137.0 723.0 144.0 
face 1.0 725.0 151.0 731.0 158.0 
face 1.0 697.0 146.0 703.0 155.0 
face 1.0 772.0 159.0 781.0 167.0 
face 1.0 744.0 121.0 752.0 131.0 
face 1.0 650.0 120.0 658.0 132.0 
face 1.0 810.0 152.0 816.0 160.0 
face 1.0 741.0 63.0 750.0 72.0 
face 1.0 727.0 60.0 733.0 68.0 
face 1.0 741.0 20.0 746.0 27.0 
face 1.0 797.0 42.0 803.0 51.0 
face 1.0 866.0 92.0 871.0 96.0 
face 1.0 860.0 74.0 866.0 82.0 
face 1.0 876.0 78.0 882.0 83.0 
face 1.0 842.0 77.0 848.0 84.0 
face 1.0 827.0 88.0 833.0 96.0 
face 1.0 816.0 96.0 823.0 102.0 
face 1.0 809.0 79.0 816.0 86.0 
face 1.0 793.0 69.0 799.0 77.0 
face 1.0 766.0 61.0 771.0 68.0 
face 1.0 856.0 19.0 861.0 28.0 
face 1.0 855.0 62.0 862.0 70.0 
face 1.0 851.0 81.0 858.0 89.0 
face 1.0 833.0 96.0 838.0 102.0 
face 1.0 847.0 101.0 852.0 107.0 
face 1.0 876.0 49.0 883.0 58.0 
face 1.0 888.0 19.0 894.0 27.0 
face 1.0 850.0 6.0 858.0 14.0 
face 1.0 776.0 2.0 783.0 9.0 
face 1.0 759.0 11.0 766.0 19.0 
face 1.0 796.0 6.0 805.0 14.0 
face 1.0 859.0 126.0 864.0 135.0 
face 1.0 812.0 90.0 817.0 96.0 
face 1.0 832.0 78.0 837.0 84.0 
face 1.0 907.0 66.0 913.0 74.0 
face 1.0 901.0 62.0 906.0 69.0 
face 1.0 900.0 52.0 906.0 59.0 
face 1.0 1008.0 477.0 1015.0 486.0 
face 1.0 988.0 26.0 993.0 34.0 
face 1.0 1012.0 82.0 1019.0 91.0 
face 1.0 986.0 92.0 993.0 99.0 
face 1.0 983.0 78.0 988.0 87.0 
face 1.0 961.0 0.0 966.0 6.0 
face 1.0 959.0 23.0 966.0 29.0 
face 1.0 1019.0 13.0 1024.0 20.0 
face 1.0 978.0 21.0 984.0 29.0 
face 1.0 971.0 17.0 976.0 24.0 
face 1.0 947.0 0.0 953.0 6.0 
face 1.0 929.0 0.0 934.0 7.0 
face 1.0 797.0 14.0 803.0 21.0 
face 1.0 850.0 40.0 855.0 47.0 
face 1.0 938.0 114.0 946.0 123.0 
face 1.0 937.0 100.0 945.0 109.0 
face 1.0 909.0 74.0 916.0 83.0 
face 1.0 927.0 199.0 935.0 210.0 
face 1.0 933.0 173.0 940.0 181.0 
face 1.0 938.0 188.0 943.0 195.0 
face 1.0 973.0 176.0 978.0 185.0 
face 1.0 925.0 133.0 929.0 139.0 
face 1.0 982.0 200.0 988.0 209.0 
face 1.0 992.0 187.0 998.0 195.0 
face 1.0 199.0 259.0 207.0 270.0 
face 1.0 237.0 304.0 246.0 317.0 
face 1.0 513.0 387.0 522.0 397.0 
face 1.0 518.0 378.0 524.0 389.0 
face 1.0 479.0 395.0 488.0 407.0 
face 1.0 497.0 390.0 505.0 401.0 
face 1.0 497.0 410.0 503.0 421.0 
face 1.0 511.0 395.0 520.0 407.0 
face 1.0 457.0 255.0 463.0 264.0 
face 1.0 548.0 225.0 556.0 234.0 
face 1.0 520.0 197.0 526.0 207.0 
face 1.0 529.0 198.0 535.0 206.0 
face 1.0 700.0 637.0 706.0 648.0 
face 1.0 952.0 606.0 959.0 615.0 
face 1.0 289.0 568.0 302.0 577.0 
