face 1.0 510.0 42.0 606.0 149.0 
face 1.0 584.0 107.0 652.0 205.0 
face 1.0 701.0 501.0 756.0 558.0 
face 1.0 802.0 559.0 858.0 634.0 
face 1.0 942.0 585.0 1006.0 655.0 
face 1.0 833.0 491.0 884.0 563.0 
face 1.0 949.0 495.0 990.0 534.0 
face 1.0 933.0 451.0 979.0 502.0 
face 1.0 754.0 437.0 791.0 483.0 
face 1.0 683.0 469.0 719.0 516.0 
face 1.0 232.0 432.0 299.0 514.0 
face 1.0 95.0 466.0 174.0 581.0 
face 1.0 57.0 299.0 117.0 371.0 
face 1.0 155.0 399.0 196.0 462.0 
face 1.0 721.0 434.0 749.0 468.0 
face 1.0 785.0 425.0 816.0 465.0 
face 1.0 687.0 426.0 713.0 463.0 
face 1.0 875.0 435.0 909.0 485.0 
face 1.0 1002.0 509.0 1024.0 568.0 
face 1.0 791.0 477.0 824.0 521.0 
