face 1.0 218.0 522.0 308.0 637.0 
face 1.0 0.0 413.0 31.0 514.0 
face 1.0 0.0 366.0 34.0 435.0 
face 1.0 76.0 331.0 135.0 411.0 
face 1.0 247.0 463.0 287.0 524.0 
face 1.0 288.0 431.0 346.0 509.0 
face 1.0 162.0 372.0 201.0 427.0 
face 1.0 123.0 356.0 156.0 405.0 
face 1.0 268.0 361.0 299.0 417.0 
face 1.0 347.0 355.0 389.0 413.0 
face 1.0 405.0 474.0 449.0 556.0 
face 1.0 43.0 330.0 78.0 377.0 
face 1.0 59.0 309.0 85.0 354.0 
face 1.0 121.0 261.0 142.0 298.0 
face 1.0 319.0 314.0 358.0 366.0 
face 1.0 475.0 365.0 521.0 413.0 
face 1.0 454.0 431.0 507.0 508.0 
face 1.0 431.0 254.0 451.0 272.0 
face 1.0 597.0 380.0 642.0 455.0 
face 1.0 564.0 410.0 617.0 491.0 
face 1.0 684.0 357.0 714.0 403.0 
face 1.0 748.0 341.0 773.0 374.0 
face 1.0 838.0 404.0 879.0 471.0 
face 1.0 808.0 340.0 830.0 375.0 
face 1.0 866.0 387.0 899.0 450.0 
face 1.0 860.0 458.0 934.0 548.0 
face 1.0 778.0 470.0 851.0 533.0 
face 1.0 732.0 498.0 777.0 613.0 
face 1.0 521.0 466.0 610.0 562.0 
face 1.0 807.0 578.0 907.0 682.0 
face 1.0 398.0 205.0 413.0 217.0 
face 1.0 677.0 451.0 718.0 519.0 
face 1.0 751.0 421.0 810.0 493.0 
face 1.0 408.0 321.0 455.0 392.0 
face 1.0 583.0 300.0 610.0 340.0 
