face 1.0 111.0 78.0 140.0 121.0 
face 1.0 124.0 81.0 157.0 130.0 
face 1.0 170.0 0.0 199.0 37.0 
face 1.0 35.0 60.0 67.0 102.0 
face 1.0 0.0 71.0 39.0 117.0 
face 1.0 10.0 122.0 64.0 186.0 
face 1.0 43.0 178.0 96.0 242.0 
face 1.0 70.0 211.0 135.0 280.0 
face 1.0 208.0 222.0 273.0 299.0 
face 1.0 178.0 151.0 229.0 214.0 
face 1.0 131.0 172.0 175.0 223.0 
face 1.0 234.0 120.0 274.0 173.0 
face 1.0 203.0 113.0 235.0 152.0 
face 1.0 218.0 59.0 255.0 109.0 
face 1.0 327.0 167.0 376.0 229.0 
face 1.0 415.0 193.0 457.0 259.0 
face 1.0 384.0 144.0 422.0 200.0 
face 1.0 401.0 111.0 437.0 158.0 
face 1.0 376.0 95.0 411.0 135.0 
face 1.0 445.0 111.0 476.0 165.0 
face 1.0 237.0 13.0 258.0 48.0 
face 1.0 266.0 19.0 288.0 50.0 
face 1.0 290.0 30.0 316.0 62.0 
face 1.0 385.0 57.0 414.0 93.0 
face 1.0 426.0 31.0 456.0 75.0 
face 1.0 344.0 29.0 377.0 66.0 
face 1.0 94.0 284.0 165.0 375.0 
face 1.0 3.0 391.0 84.0 495.0 
face 1.0 167.0 390.0 248.0 487.0 
face 1.0 117.0 532.0 230.0 642.0 
face 1.0 97.0 615.0 204.0 684.0 
face 1.0 292.0 572.0 395.0 684.0 
face 1.0 403.0 296.0 496.0 422.0 
face 1.0 598.0 494.0 693.0 627.0 
face 1.0 465.0 182.0 516.0 251.0 
face 1.0 504.0 205.0 556.0 281.0 
face 1.0 560.0 279.0 632.0 371.0 
face 1.0 626.0 384.0 708.0 491.0 
face 1.0 633.0 248.0 676.0 300.0 
face 1.0 588.0 184.0 634.0 253.0 
face 1.0 553.0 184.0 586.0 224.0 
face 1.0 674.0 615.0 787.0 684.0 
face 1.0 885.0 556.0 995.0 684.0 
face 1.0 986.0 440.0 1024.0 558.0 
face 1.0 725.0 366.0 801.0 475.0 
face 1.0 881.0 335.0 959.0 416.0 
face 1.0 980.0 237.0 1020.0 302.0 
face 1.0 929.0 202.0 981.0 260.0 
face 1.0 950.0 156.0 1006.0 220.0 
face 1.0 886.0 149.0 935.0 215.0 
face 1.0 812.0 135.0 855.0 188.0 
face 1.0 788.0 115.0 828.0 167.0 
face 1.0 473.0 79.0 515.0 128.0 
face 1.0 557.0 83.0 591.0 127.0 
face 1.0 475.0 44.0 493.0 72.0 
face 1.0 472.0 17.0 496.0 46.0 
face 1.0 631.0 64.0 657.0 100.0 
face 1.0 672.0 51.0 693.0 78.0 
face 1.0 742.0 150.0 784.0 198.0 
face 1.0 756.0 183.0 787.0 227.0 
face 1.0 825.0 61.0 852.0 98.0 
face 1.0 869.0 27.0 890.0 52.0 
face 1.0 816.0 36.0 842.0 67.0 
face 1.0 749.0 17.0 774.0 47.0 
face 1.0 780.0 38.0 803.0 71.0 
face 1.0 602.0 62.0 625.0 85.0 
face 1.0 567.0 39.0 584.0 65.0 
face 1.0 590.0 55.0 610.0 82.0 
face 1.0 585.0 17.0 605.0 42.0 
face 1.0 980.0 85.0 1008.0 119.0 
face 1.0 1000.0 122.0 1022.0 151.0 
face 1.0 919.0 1.0 939.0 27.0 
face 1.0 228.0 267.0 297.0 353.0 
face 1.0 825.0 340.0 864.0 387.0 
face 1.0 311.0 73.0 334.0 99.0 
face 1.0 488.0 44.0 520.0 75.0 
face 1.0 941.0 82.0 971.0 120.0 
