face 1.0 681.0 344.0 709.0 392.0 
face 1.0 820.0 308.0 848.0 349.0 
face 1.0 888.0 273.0 934.0 350.0 
face 1.0 955.0 262.0 979.0 292.0 
face 1.0 342.0 307.0 364.0 340.0 
face 1.0 480.0 299.0 506.0 331.0 
face 1.0 193.0 290.0 230.0 311.0 
face 1.0 226.0 389.0 254.0 431.0 
face 1.0 151.0 308.0 183.0 347.0 
face 1.0 44.0 236.0 111.0 324.0 
face 1.0 58.0 152.0 73.0 170.0 
face 1.0 192.0 146.0 208.0 164.0 
face 1.0 239.0 161.0 255.0 179.0 
face 1.0 256.0 108.0 266.0 121.0 
face 1.0 229.0 103.0 239.0 114.0 
face 1.0 172.0 105.0 182.0 116.0 
face 1.0 126.0 111.0 134.0 122.0 
face 1.0 81.0 103.0 90.0 114.0 
face 1.0 28.0 103.0 39.0 117.0 
face 1.0 26.0 43.0 35.0 54.0 
face 1.0 83.0 44.0 93.0 54.0 
face 1.0 59.0 61.0 66.0 68.0 
face 1.0 114.0 35.0 122.0 46.0 
face 1.0 153.0 57.0 159.0 67.0 
face 1.0 220.0 49.0 230.0 62.0 
face 1.0 284.0 153.0 300.0 172.0 
face 1.0 316.0 105.0 325.0 117.0 
face 1.0 381.0 149.0 396.0 166.0 
face 1.0 406.0 108.0 414.0 117.0 
face 1.0 436.0 105.0 445.0 117.0 
face 1.0 432.0 164.0 447.0 178.0 
face 1.0 507.0 145.0 523.0 164.0 
face 1.0 499.0 111.0 508.0 121.0 
face 1.0 541.0 112.0 550.0 123.0 
face 1.0 563.0 125.0 577.0 142.0 
face 1.0 639.0 150.0 655.0 170.0 
face 1.0 597.0 109.0 606.0 121.0 
face 1.0 623.0 96.0 630.0 110.0 
face 1.0 658.0 114.0 668.0 126.0 
face 1.0 688.0 104.0 698.0 116.0 
face 1.0 703.0 128.0 713.0 144.0 
face 1.0 733.0 145.0 744.0 165.0 
face 1.0 799.0 150.0 812.0 165.0 
face 1.0 761.0 119.0 768.0 128.0 
face 1.0 733.0 111.0 743.0 123.0 
face 1.0 853.0 139.0 865.0 158.0 
face 1.0 945.0 145.0 958.0 163.0 
face 1.0 999.0 85.0 1009.0 99.0 
face 1.0 960.0 122.0 970.0 135.0 
face 1.0 902.0 125.0 911.0 135.0 
face 1.0 922.0 113.0 929.0 123.0 
face 1.0 919.0 159.0 930.0 171.0 
face 1.0 893.0 143.0 904.0 157.0 
face 1.0 904.0 154.0 912.0 163.0 
face 1.0 865.0 222.0 889.0 249.0 
face 1.0 978.0 119.0 984.0 126.0 
face 1.0 887.0 109.0 894.0 117.0 
face 1.0 1013.0 124.0 1021.0 136.0 
face 1.0 834.0 120.0 843.0 132.0 
face 1.0 796.0 116.0 804.0 125.0 
face 1.0 773.0 122.0 781.0 131.0 
face 1.0 633.0 108.0 640.0 118.0 
face 1.0 581.0 112.0 590.0 124.0 
face 1.0 483.0 113.0 491.0 120.0 
face 1.0 336.0 95.0 342.0 101.0 
face 1.0 375.0 117.0 382.0 123.0 
face 1.0 40.0 163.0 50.0 174.0 
face 1.0 0.0 160.0 11.0 180.0 
face 1.0 4.0 29.0 16.0 45.0 
face 1.0 185.0 64.0 193.0 74.0 
face 1.0 241.0 57.0 251.0 69.0 
face 1.0 273.0 57.0 282.0 69.0 
face 1.0 303.0 97.0 309.0 106.0 
face 1.0 456.0 114.0 463.0 123.0 
face 1.0 779.0 112.0 786.0 121.0 
face 1.0 912.0 139.0 918.0 147.0 
face 1.0 485.0 384.0 523.0 424.0 
face 1.0 943.0 400.0 979.0 449.0 
