face 1.0 137.0 436.0 145.0 450.0 
face 1.0 227.0 436.0 237.0 451.0 
face 1.0 234.0 363.0 238.0 369.0 
face 1.0 126.0 366.0 131.0 372.0 
face 1.0 190.0 361.0 195.0 366.0 
face 1.0 56.0 409.0 67.0 421.0 
face 1.0 405.0 393.0 412.0 402.0 
face 1.0 339.0 401.0 352.0 412.0 
face 1.0 446.0 400.0 452.0 409.0 
face 1.0 466.0 395.0 476.0 405.0 
face 1.0 497.0 400.0 506.0 411.0 
face 1.0 661.0 393.0 668.0 400.0 
face 1.0 519.0 322.0 524.0 327.0 
face 1.0 569.0 339.0 573.0 344.0 
face 1.0 556.0 339.0 560.0 343.0 
face 1.0 766.0 390.0 775.0 402.0 
face 1.0 921.0 389.0 930.0 399.0 
face 1.0 1002.0 388.0 1010.0 398.0 
