face 1.0 627.0 71.0 656.0 120.0 
face 1.0 583.0 71.0 604.0 112.0 
face 1.0 562.0 53.0 582.0 83.0 
face 1.0 549.0 63.0 563.0 85.0 
face 1.0 535.0 73.0 548.0 89.0 
face 1.0 518.0 65.0 532.0 91.0 
face 1.0 607.0 135.0 642.0 185.0 
face 1.0 543.0 165.0 588.0 224.0 
face 1.0 499.0 159.0 528.0 193.0 
face 1.0 512.0 120.0 535.0 151.0 
face 1.0 544.0 102.0 560.0 130.0 
face 1.0 422.0 87.0 440.0 111.0 
face 1.0 363.0 91.0 388.0 111.0 
face 1.0 404.0 87.0 415.0 105.0 
face 1.0 257.0 66.0 267.0 79.0 
face 1.0 207.0 84.0 230.0 99.0 
face 1.0 178.0 119.0 192.0 133.0 
face 1.0 230.0 102.0 247.0 125.0 
face 1.0 86.0 82.0 103.0 101.0 
face 1.0 52.0 88.0 85.0 121.0 
face 1.0 490.0 81.0 499.0 96.0 
face 1.0 892.0 232.0 958.0 321.0 
face 1.0 705.0 192.0 757.0 272.0 
face 1.0 727.0 4.0 752.0 36.0 
