face 1.0 881.0 330.0 906.0 368.0 
face 1.0 839.0 321.0 864.0 364.0 
face 1.0 790.0 331.0 804.0 354.0 
face 1.0 721.0 273.0 751.0 320.0 
face 1.0 646.0 336.0 662.0 365.0 
face 1.0 595.0 307.0 625.0 353.0 
face 1.0 546.0 309.0 571.0 337.0 
face 1.0 523.0 314.0 543.0 338.0 
face 1.0 997.0 349.0 1023.0 381.0 
face 1.0 946.0 310.0 956.0 321.0 
face 1.0 916.0 338.0 925.0 357.0 
face 1.0 634.0 316.0 649.0 338.0 
face 1.0 614.0 318.0 633.0 343.0 
face 1.0 509.0 337.0 530.0 371.0 
face 1.0 439.0 308.0 452.0 328.0 
face 1.0 474.0 311.0 504.0 347.0 
face 1.0 368.0 330.0 384.0 348.0 
face 1.0 350.0 347.0 374.0 376.0 
face 1.0 298.0 349.0 312.0 366.0 
face 1.0 288.0 322.0 300.0 338.0 
face 1.0 269.0 336.0 278.0 349.0 
face 1.0 253.0 336.0 268.0 353.0 
face 1.0 263.0 380.0 280.0 419.0 
face 1.0 147.0 431.0 171.0 465.0 
face 1.0 172.0 362.0 188.0 386.0 
face 1.0 64.0 348.0 77.0 365.0 
face 1.0 40.0 348.0 59.0 368.0 
face 1.0 270.0 319.0 276.0 326.0 
face 1.0 323.0 334.0 331.0 346.0 
face 1.0 164.0 364.0 175.0 383.0 
face 1.0 131.0 369.0 144.0 392.0 
