face 1.0 987.0 213.0 1018.0 273.0 
face 1.0 929.0 185.0 972.0 239.0 
face 1.0 883.0 148.0 933.0 208.0 
face 1.0 848.0 127.0 875.0 178.0 
face 1.0 818.0 168.0 863.0 221.0 
face 1.0 645.0 164.0 695.0 222.0 
face 1.0 573.0 173.0 626.0 232.0 
face 1.0 591.0 150.0 640.0 211.0 
face 1.0 518.0 169.0 568.0 223.0 
face 1.0 428.0 191.0 477.0 244.0 
face 1.0 461.0 209.0 503.0 263.0 
face 1.0 294.0 152.0 337.0 217.0 
face 1.0 202.0 141.0 248.0 197.0 
face 1.0 121.0 131.0 167.0 195.0 
face 1.0 148.0 158.0 196.0 212.0 
face 1.0 11.0 153.0 52.0 205.0 
face 1.0 390.0 179.0 441.0 245.0 
face 1.0 724.0 171.0 758.0 232.0 
