face 1.0 1004.0 415.0 1014.0 426.0 
face 1.0 945.0 369.0 961.0 383.0 
face 1.0 813.0 404.0 881.0 482.0 
face 1.0 753.0 370.0 762.0 382.0 
face 1.0 699.0 367.0 705.0 374.0 
face 1.0 688.0 366.0 695.0 374.0 
face 1.0 644.0 395.0 671.0 430.0 
face 1.0 650.0 377.0 657.0 389.0 
face 1.0 487.0 377.0 626.0 522.0 
face 1.0 180.0 351.0 188.0 363.0 
face 1.0 116.0 354.0 123.0 362.0 
face 1.0 81.0 354.0 90.0 365.0 
face 1.0 109.0 394.0 116.0 403.0 
face 1.0 62.0 360.0 71.0 370.0 
face 1.0 95.0 413.0 104.0 424.0 
face 1.0 0.0 362.0 9.0 379.0 
face 1.0 729.0 428.0 744.0 442.0 
face 1.0 222.0 360.0 228.0 367.0 
