face 1.0 1.0 269.0 37.0 307.0 
face 1.0 37.0 251.0 68.0 289.0 
face 1.0 122.0 251.0 152.0 291.0 
face 1.0 178.0 248.0 208.0 281.0 
face 1.0 291.0 223.0 323.0 261.0 
face 1.0 432.0 253.0 459.0 290.0 
face 1.0 508.0 268.0 531.0 296.0 
face 1.0 558.0 242.0 584.0 273.0 
face 1.0 613.0 256.0 634.0 287.0 
face 1.0 680.0 256.0 699.0 282.0 
face 1.0 718.0 273.0 731.0 293.0 
face 1.0 942.0 248.0 973.0 279.0 
face 1.0 896.0 246.0 926.0 275.0 
face 1.0 826.0 255.0 855.0 281.0 
face 1.0 761.0 257.0 788.0 287.0 
