face 1.0 0.0 257.0 13.0 289.0 
face 1.0 19.0 226.0 39.0 251.0 
face 1.0 42.0 254.0 76.0 297.0 
face 1.0 130.0 245.0 157.0 273.0 
face 1.0 111.0 242.0 126.0 259.0 
face 1.0 143.0 224.0 162.0 243.0 
face 1.0 279.0 225.0 298.0 247.0 
face 1.0 384.0 186.0 401.0 212.0 
face 1.0 360.0 192.0 376.0 209.0 
face 1.0 338.0 195.0 352.0 212.0 
face 1.0 283.0 198.0 296.0 219.0 
face 1.0 493.0 176.0 507.0 198.0 
face 1.0 530.0 170.0 537.0 181.0 
face 1.0 960.0 96.0 969.0 109.0 
face 1.0 961.0 123.0 972.0 137.0 
face 1.0 22.0 243.0 36.0 259.0 
