face 1.0 109.0 0.0 142.0 25.0 
face 1.0 160.0 0.0 194.0 26.0 
face 1.0 93.0 64.0 132.0 112.0 
face 1.0 15.0 174.0 54.0 220.0 
face 1.0 306.0 149.0 342.0 197.0 
face 1.0 319.0 211.0 359.0 262.0 
face 1.0 193.0 156.0 222.0 206.0 
face 1.0 276.0 159.0 305.0 196.0 
face 1.0 181.0 201.0 228.0 259.0 
face 1.0 139.0 283.0 190.0 347.0 
face 1.0 218.0 257.0 264.0 323.0 
face 1.0 350.0 273.0 394.0 333.0 
face 1.0 358.0 396.0 404.0 458.0 
face 1.0 307.0 1.0 345.0 39.0 
face 1.0 360.0 5.0 387.0 36.0 
face 1.0 389.0 1.0 411.0 18.0 
face 1.0 448.0 65.0 481.0 115.0 
face 1.0 497.0 156.0 536.0 207.0 
face 1.0 460.0 217.0 508.0 276.0 
face 1.0 439.0 197.0 468.0 251.0 
face 1.0 719.0 1.0 760.0 55.0 
face 1.0 642.0 11.0 675.0 52.0 
face 1.0 882.0 1.0 914.0 38.0 
face 1.0 688.0 62.0 717.0 111.0 
face 1.0 814.0 76.0 852.0 129.0 
face 1.0 864.0 169.0 903.0 226.0 
face 1.0 794.0 230.0 832.0 280.0 
face 1.0 679.0 200.0 721.0 254.0 
face 1.0 642.0 144.0 683.0 188.0 
face 1.0 631.0 171.0 666.0 220.0 
face 1.0 780.0 279.0 828.0 342.0 
face 1.0 574.0 122.0 616.0 173.0 
face 1.0 616.0 232.0 649.0 291.0 
face 1.0 1006.0 81.0 1024.0 135.0 
face 1.0 972.0 87.0 1005.0 140.0 
face 1.0 972.0 149.0 1011.0 203.0 
face 1.0 0.0 36.0 19.0 93.0 
