face 1.0 835.0 94.0 881.0 157.0 
face 1.0 883.0 0.0 936.0 28.0 
face 1.0 579.0 169.0 620.0 217.0 
face 1.0 785.0 341.0 845.0 409.0 
face 1.0 675.0 338.0 729.0 392.0 
face 1.0 445.0 343.0 495.0 410.0 
face 1.0 274.0 348.0 329.0 420.0 
face 1.0 594.0 376.0 641.0 434.0 
face 1.0 148.0 328.0 194.0 385.0 
face 1.0 894.0 686.0 963.0 795.0 
face 1.0 531.0 652.0 594.0 737.0 
face 1.0 766.0 545.0 801.0 595.0 
face 1.0 401.0 360.0 443.0 425.0 
face 1.0 35.0 336.0 85.0 399.0 
face 1.0 772.0 118.0 808.0 166.0 
