face 1.0 914.0 375.0 945.0 406.0 
face 1.0 950.0 377.0 970.0 396.0 
face 1.0 797.0 432.0 830.0 466.0 
face 1.0 824.0 403.0 847.0 427.0 
face 1.0 855.0 383.0 869.0 395.0 
face 1.0 818.0 360.0 830.0 374.0 
face 1.0 924.0 515.0 970.0 562.0 
face 1.0 885.0 579.0 964.0 670.0 
face 1.0 647.0 501.0 679.0 536.0 
face 1.0 617.0 508.0 640.0 534.0 
face 1.0 177.0 559.0 233.0 618.0 
face 1.0 64.0 527.0 117.0 566.0 
face 1.0 128.0 488.0 145.0 508.0 
face 1.0 71.0 460.0 89.0 474.0 
face 1.0 166.0 385.0 177.0 399.0 
face 1.0 44.0 424.0 54.0 439.0 
face 1.0 171.0 514.0 211.0 569.0 
face 1.0 332.0 561.0 375.0 599.0 
face 1.0 866.0 364.0 878.0 377.0 
face 1.0 885.0 357.0 892.0 366.0 
face 1.0 796.0 372.0 808.0 384.0 
face 1.0 982.0 358.0 989.0 366.0 
face 1.0 153.0 401.0 160.0 411.0 
face 1.0 119.0 406.0 128.0 416.0 
face 1.0 5.0 398.0 14.0 409.0 
face 1.0 0.0 526.0 22.0 550.0 
