face 1.0 964.0 288.0 1014.0 336.0 
face 1.0 905.0 325.0 945.0 379.0 
face 1.0 767.0 276.0 812.0 328.0 
face 1.0 866.0 247.0 904.0 296.0 
face 1.0 942.0 192.0 975.0 241.0 
face 1.0 776.0 242.0 809.0 279.0 
face 1.0 773.0 197.0 806.0 231.0 
face 1.0 982.0 151.0 1011.0 178.0 
face 1.0 837.0 173.0 872.0 211.0 
face 1.0 824.0 141.0 844.0 173.0 
face 1.0 863.0 119.0 887.0 146.0 
face 1.0 862.0 99.0 876.0 122.0 
face 1.0 1007.0 6.0 1016.0 17.0 
face 1.0 1001.0 0.0 1009.0 8.0 
face 1.0 984.0 9.0 992.0 19.0 
face 1.0 969.0 0.0 977.0 7.0 
face 1.0 902.0 0.0 909.0 6.0 
face 1.0 820.0 6.0 830.0 15.0 
face 1.0 782.0 1.0 792.0 9.0 
face 1.0 769.0 36.0 783.0 53.0 
face 1.0 743.0 54.0 755.0 73.0 
face 1.0 744.0 16.0 754.0 26.0 
face 1.0 704.0 1.0 713.0 12.0 
face 1.0 714.0 14.0 722.0 24.0 
face 1.0 692.0 3.0 701.0 13.0 
face 1.0 671.0 5.0 678.0 15.0 
face 1.0 688.0 29.0 695.0 40.0 
face 1.0 688.0 51.0 704.0 70.0 
face 1.0 694.0 80.0 710.0 98.0 
face 1.0 640.0 78.0 654.0 97.0 
face 1.0 634.0 106.0 650.0 130.0 
face 1.0 691.0 131.0 703.0 152.0 
face 1.0 782.0 148.0 799.0 174.0 
face 1.0 685.0 167.0 720.0 210.0 
face 1.0 701.0 247.0 737.0 297.0 
face 1.0 654.0 323.0 703.0 392.0 
face 1.0 623.0 270.0 662.0 320.0 
face 1.0 589.0 256.0 620.0 294.0 
face 1.0 591.0 178.0 623.0 215.0 
face 1.0 580.0 129.0 602.0 157.0 
face 1.0 545.0 97.0 557.0 116.0 
face 1.0 542.0 71.0 551.0 88.0 
face 1.0 507.0 79.0 521.0 99.0 
face 1.0 470.0 124.0 490.0 148.0 
face 1.0 457.0 58.0 471.0 77.0 
face 1.0 536.0 6.0 546.0 19.0 
face 1.0 459.0 5.0 468.0 16.0 
face 1.0 393.0 130.0 415.0 159.0 
face 1.0 351.0 63.0 355.0 81.0 
face 1.0 351.0 61.0 364.0 79.0 
face 1.0 351.0 38.0 360.0 54.0 
face 1.0 359.0 9.0 368.0 21.0 
face 1.0 356.0 0.0 364.0 7.0 
face 1.0 327.0 3.0 336.0 14.0 
face 1.0 296.0 0.0 306.0 13.0 
face 1.0 242.0 7.0 251.0 18.0 
face 1.0 256.0 40.0 268.0 57.0 
face 1.0 253.0 76.0 272.0 94.0 
face 1.0 264.0 95.0 276.0 111.0 
face 1.0 316.0 127.0 341.0 158.0 
face 1.0 256.0 134.0 272.0 151.0 
face 1.0 214.0 72.0 231.0 94.0 
face 1.0 183.0 91.0 205.0 114.0 
face 1.0 211.0 1.0 217.0 11.0 
face 1.0 374.0 155.0 390.0 181.0 
face 1.0 334.0 185.0 368.0 222.0 
face 1.0 316.0 225.0 356.0 269.0 
face 1.0 159.0 54.0 177.0 70.0 
face 1.0 128.0 53.0 142.0 71.0 
face 1.0 149.0 82.0 165.0 102.0 
face 1.0 154.0 114.0 182.0 145.0 
face 1.0 148.0 163.0 178.0 195.0 
face 1.0 161.0 238.0 207.0 283.0 
face 1.0 423.0 184.0 454.0 217.0 
face 1.0 435.0 235.0 453.0 271.0 
face 1.0 471.0 172.0 494.0 207.0 
face 1.0 517.0 180.0 541.0 210.0 
face 1.0 90.0 154.0 128.0 189.0 
face 1.0 111.0 85.0 131.0 111.0 
face 1.0 78.0 83.0 95.0 108.0 
face 1.0 108.0 55.0 123.0 75.0 
face 1.0 46.0 44.0 66.0 63.0 
face 1.0 0.0 55.0 13.0 72.0 
face 1.0 16.0 85.0 30.0 101.0 
face 1.0 0.0 89.0 14.0 109.0 
face 1.0 74.0 124.0 89.0 150.0 
face 1.0 0.0 174.0 28.0 216.0 
face 1.0 45.0 239.0 103.0 306.0 
face 1.0 162.0 295.0 217.0 371.0 
face 1.0 249.0 252.0 293.0 303.0 
face 1.0 303.0 309.0 353.0 369.0 
face 1.0 385.0 305.0 425.0 344.0 
face 1.0 287.0 383.0 343.0 467.0 
face 1.0 181.0 441.0 233.0 496.0 
face 1.0 29.0 515.0 131.0 624.0 
face 1.0 451.0 317.0 506.0 388.0 
face 1.0 516.0 234.0 560.0 293.0 
face 1.0 578.0 575.0 625.0 650.0 
face 1.0 783.0 451.0 850.0 524.0 
face 1.0 26.0 40.0 36.0 53.0 
face 1.0 673.0 85.0 687.0 107.0 
