face 1.0 65.0 300.0 99.0 341.0 
face 1.0 134.0 332.0 148.0 347.0 
face 1.0 199.0 343.0 206.0 353.0 
face 1.0 262.0 327.0 271.0 339.0 
face 1.0 320.0 336.0 336.0 356.0 
face 1.0 356.0 300.0 386.0 335.0 
face 1.0 480.0 319.0 500.0 345.0 
face 1.0 540.0 290.0 573.0 329.0 
face 1.0 571.0 292.0 596.0 326.0 
face 1.0 630.0 313.0 655.0 343.0 
face 1.0 387.0 310.0 409.0 338.0 
face 1.0 750.0 276.0 783.0 322.0 
face 1.0 815.0 323.0 834.0 346.0 
face 1.0 936.0 326.0 956.0 347.0 
face 1.0 1014.0 310.0 1023.0 329.0 
