face 1.0 778.0 378.0 844.0 448.0 
face 1.0 649.0 281.0 720.0 361.0 
face 1.0 546.0 309.0 619.0 391.0 
face 1.0 397.0 352.0 460.0 429.0 
face 1.0 205.0 418.0 281.0 502.0 
face 1.0 399.0 143.0 462.0 220.0 
face 1.0 592.0 47.0 670.0 128.0 
face 1.0 993.0 522.0 1021.0 552.0 
face 1.0 957.0 514.0 982.0 541.0 
face 1.0 933.0 552.0 970.0 579.0 
face 1.0 824.0 543.0 860.0 579.0 
face 1.0 857.0 524.0 882.0 556.0 
face 1.0 1006.0 412.0 1021.0 430.0 
face 1.0 963.0 433.0 981.0 453.0 
face 1.0 926.0 496.0 943.0 517.0 
face 1.0 854.0 495.0 874.0 519.0 
face 1.0 1014.0 467.0 1024.0 489.0 
face 1.0 744.0 546.0 779.0 579.0 
face 1.0 673.0 555.0 707.0 579.0 
face 1.0 692.0 517.0 715.0 552.0 
face 1.0 651.0 495.0 679.0 530.0 
face 1.0 588.0 480.0 610.0 509.0 
face 1.0 489.0 544.0 527.0 579.0 
face 1.0 401.0 532.0 431.0 563.0 
face 1.0 334.0 546.0 371.0 579.0 
face 1.0 324.0 473.0 350.0 500.0 
face 1.0 317.0 436.0 334.0 456.0 
face 1.0 328.0 404.0 342.0 418.0 
face 1.0 18.0 547.0 57.0 579.0 
face 1.0 42.0 466.0 66.0 498.0 
face 1.0 89.0 489.0 116.0 520.0 
face 1.0 59.0 441.0 75.0 464.0 
face 1.0 100.0 455.0 118.0 477.0 
face 1.0 11.0 514.0 33.0 541.0 
face 1.0 301.0 561.0 334.0 579.0 
face 1.0 881.0 312.0 901.0 343.0 
face 1.0 703.0 462.0 723.0 493.0 
face 1.0 675.0 429.0 694.0 451.0 
face 1.0 1005.0 495.0 1024.0 526.0 
face 1.0 470.0 520.0 498.0 553.0 
face 1.0 44.0 517.0 68.0 547.0 
