face 1.0 952.0 555.0 971.0 576.0 
face 1.0 974.0 573.0 993.0 596.0 
face 1.0 865.0 568.0 883.0 593.0 
face 1.0 838.0 594.0 846.0 611.0 
face 1.0 691.0 545.0 700.0 561.0 
face 1.0 710.0 543.0 721.0 558.0 
face 1.0 825.0 517.0 835.0 529.0 
face 1.0 868.0 516.0 876.0 527.0 
face 1.0 881.0 519.0 891.0 531.0 
face 1.0 902.0 517.0 911.0 530.0 
face 1.0 936.0 525.0 946.0 537.0 
face 1.0 997.0 535.0 1008.0 547.0 
face 1.0 785.0 504.0 792.0 512.0 
face 1.0 744.0 508.0 751.0 517.0 
face 1.0 724.0 509.0 730.0 517.0 
face 1.0 731.0 508.0 738.0 516.0 
face 1.0 741.0 548.0 750.0 562.0 
face 1.0 974.0 497.0 981.0 505.0 
face 1.0 958.0 528.0 965.0 539.0 
face 1.0 1008.0 563.0 1018.0 580.0 
face 1.0 960.0 502.0 967.0 511.0 
face 1.0 710.0 510.0 715.0 518.0 
face 1.0 769.0 504.0 774.0 513.0 
face 1.0 777.0 517.0 783.0 526.0 
face 1.0 788.0 536.0 794.0 546.0 
face 1.0 803.0 506.0 808.0 513.0 
face 1.0 896.0 557.0 909.0 575.0 
face 1.0 997.0 520.0 1007.0 530.0 
face 1.0 999.0 497.0 1006.0 506.0 
face 1.0 949.0 518.0 958.0 528.0 
face 1.0 970.0 515.0 977.0 525.0 
face 1.0 905.0 488.0 912.0 496.0 
face 1.0 955.0 496.0 960.0 503.0 
face 1.0 480.0 561.0 492.0 580.0 
face 1.0 409.0 541.0 420.0 557.0 
face 1.0 360.0 561.0 370.0 574.0 
face 1.0 377.0 609.0 390.0 636.0 
face 1.0 414.0 582.0 428.0 604.0 
face 1.0 462.0 615.0 478.0 644.0 
face 1.0 556.0 551.0 565.0 567.0 
face 1.0 626.0 599.0 638.0 624.0 
face 1.0 622.0 521.0 630.0 534.0 
face 1.0 515.0 516.0 523.0 526.0 
face 1.0 465.0 534.0 473.0 546.0 
face 1.0 405.0 522.0 411.0 532.0 
face 1.0 389.0 519.0 396.0 530.0 
face 1.0 424.0 515.0 430.0 526.0 
face 1.0 319.0 591.0 332.0 617.0 
face 1.0 443.0 536.0 448.0 546.0 
face 1.0 365.0 525.0 370.0 536.0 
face 1.0 320.0 525.0 327.0 534.0 
face 1.0 502.0 523.0 508.0 533.0 
face 1.0 564.0 525.0 570.0 535.0 
face 1.0 182.0 587.0 199.0 609.0 
face 1.0 123.0 616.0 144.0 643.0 
face 1.0 86.0 583.0 107.0 607.0 
face 1.0 31.0 599.0 54.0 624.0 
face 1.0 43.0 570.0 64.0 590.0 
face 1.0 129.0 583.0 145.0 604.0 
face 1.0 265.0 583.0 281.0 602.0 
face 1.0 209.0 618.0 230.0 640.0 
face 1.0 265.0 662.0 291.0 682.0 
face 1.0 297.0 627.0 315.0 649.0 
face 1.0 309.0 556.0 319.0 572.0 
face 1.0 216.0 553.0 227.0 569.0 
face 1.0 188.0 561.0 201.0 579.0 
face 1.0 183.0 522.0 191.0 533.0 
face 1.0 149.0 536.0 159.0 548.0 
face 1.0 133.0 526.0 143.0 538.0 
face 1.0 172.0 542.0 181.0 555.0 
face 1.0 37.0 539.0 50.0 555.0 
face 1.0 255.0 525.0 264.0 536.0 
face 1.0 219.0 515.0 229.0 526.0 
face 1.0 200.0 509.0 206.0 517.0 
face 1.0 320.0 539.0 328.0 553.0 
face 1.0 65.0 519.0 74.0 528.0 
face 1.0 55.0 508.0 61.0 516.0 
face 1.0 172.0 511.0 177.0 522.0 
face 1.0 214.0 529.0 220.0 541.0 
face 1.0 184.0 510.0 190.0 520.0 
face 1.0 77.0 504.0 82.0 512.0 
face 1.0 6.0 533.0 14.0 546.0 
face 1.0 369.0 511.0 374.0 522.0 
face 1.0 31.0 504.0 37.0 510.0 
face 1.0 552.0 517.0 559.0 525.0 
face 1.0 564.0 514.0 570.0 522.0 
face 1.0 404.0 498.0 409.0 504.0 
face 1.0 752.0 525.0 758.0 535.0 
face 1.0 707.0 533.0 714.0 543.0 
face 1.0 672.0 536.0 679.0 545.0 
face 1.0 884.0 609.0 897.0 637.0 
face 1.0 331.0 581.0 342.0 598.0 
face 1.0 118.0 522.0 124.0 531.0 
face 1.0 102.0 518.0 107.0 527.0 
face 1.0 666.0 581.0 681.0 600.0 
