face 1.0 2.0 84.0 6.0 94.0 
face 1.0 27.0 119.0 51.0 147.0 
face 1.0 7.0 135.0 16.0 153.0 
face 1.0 99.0 102.0 111.0 114.0 
face 1.0 15.0 143.0 37.0 178.0 
face 1.0 0.0 300.0 43.0 352.0 
face 1.0 72.0 183.0 95.0 226.0 
face 1.0 193.0 121.0 211.0 144.0 
face 1.0 209.0 270.0 237.0 325.0 
face 1.0 211.0 148.0 231.0 183.0 
face 1.0 311.0 171.0 336.0 213.0 
face 1.0 167.0 103.0 176.0 114.0 
face 1.0 226.0 97.0 242.0 120.0 
face 1.0 301.0 94.0 315.0 108.0 
face 1.0 307.0 108.0 321.0 128.0 
face 1.0 370.0 172.0 395.0 206.0 
face 1.0 420.0 135.0 445.0 166.0 
face 1.0 390.0 198.0 423.0 253.0 
face 1.0 407.0 233.0 454.0 305.0 
face 1.0 473.0 162.0 512.0 205.0 
face 1.0 553.0 237.0 597.0 298.0 
face 1.0 516.0 144.0 539.0 175.0 
face 1.0 517.0 112.0 525.0 129.0 
face 1.0 570.0 162.0 594.0 199.0 
face 1.0 597.0 169.0 621.0 216.0 
face 1.0 598.0 138.0 611.0 158.0 
face 1.0 630.0 105.0 643.0 122.0 
face 1.0 639.0 127.0 664.0 159.0 
face 1.0 648.0 274.0 694.0 316.0 
face 1.0 692.0 136.0 716.0 168.0 
face 1.0 720.0 162.0 750.0 208.0 
face 1.0 703.0 95.0 712.0 105.0 
face 1.0 811.0 186.0 838.0 225.0 
face 1.0 775.0 127.0 790.0 144.0 
face 1.0 828.0 116.0 840.0 132.0 
face 1.0 802.0 130.0 811.0 152.0 
face 1.0 859.0 96.0 869.0 109.0 
face 1.0 737.0 99.0 748.0 114.0 
face 1.0 838.0 152.0 850.0 175.0 
face 1.0 840.0 160.0 859.0 202.0 
face 1.0 909.0 112.0 924.0 132.0 
face 1.0 862.0 119.0 875.0 128.0 
face 1.0 910.0 171.0 934.0 204.0 
face 1.0 882.0 92.0 890.0 102.0 
face 1.0 921.0 235.0 951.0 284.0 
face 1.0 976.0 134.0 992.0 161.0 
face 1.0 991.0 145.0 1009.0 175.0 
face 1.0 919.0 95.0 931.0 110.0 
face 1.0 746.0 270.0 783.0 326.0 
face 1.0 833.0 310.0 890.0 352.0 
face 1.0 1007.0 98.0 1020.0 111.0 
face 1.0 107.0 284.0 162.0 352.0 
face 1.0 114.0 153.0 140.0 197.0 
face 1.0 508.0 86.0 519.0 101.0 
