face 1.0 665.0 120.0 716.0 227.0 
face 1.0 404.0 140.0 456.0 210.0 
face 1.0 295.0 40.0 362.0 152.0 
face 1.0 95.0 168.0 139.0 229.0 
face 1.0 168.0 171.0 197.0 206.0 
face 1.0 11.0 177.0 33.0 212.0 
face 1.0 26.0 169.0 41.0 198.0 
face 1.0 537.0 137.0 559.0 163.0 
face 1.0 469.0 149.0 489.0 176.0 
face 1.0 518.0 94.0 530.0 107.0 
face 1.0 776.0 113.0 789.0 129.0 
face 1.0 713.0 105.0 730.0 125.0 
face 1.0 565.0 145.0 576.0 164.0 
face 1.0 480.0 95.0 491.0 109.0 
face 1.0 563.0 94.0 573.0 105.0 
face 1.0 316.0 160.0 336.0 184.0 
face 1.0 73.0 135.0 87.0 153.0 
face 1.0 90.0 139.0 106.0 156.0 
