face 1.0 883.0 480.0 918.0 525.0 
face 1.0 866.0 363.0 898.0 406.0 
face 1.0 816.0 291.0 842.0 326.0 
face 1.0 813.0 274.0 840.0 304.0 
face 1.0 963.0 650.0 1024.0 684.0 
face 1.0 764.0 560.0 821.0 633.0 
face 1.0 612.0 569.0 644.0 632.0 
face 1.0 683.0 471.0 726.0 520.0 
face 1.0 583.0 369.0 615.0 408.0 
face 1.0 497.0 375.0 531.0 415.0 
face 1.0 438.0 347.0 471.0 385.0 
face 1.0 420.0 462.0 459.0 519.0 
face 1.0 563.0 332.0 590.0 366.0 
face 1.0 693.0 333.0 723.0 365.0 
face 1.0 314.0 534.0 352.0 580.0 
face 1.0 297.0 422.0 336.0 466.0 
face 1.0 359.0 423.0 396.0 469.0 
face 1.0 327.0 472.0 369.0 522.0 
face 1.0 185.0 441.0 226.0 486.0 
face 1.0 171.0 435.0 211.0 482.0 
face 1.0 127.0 397.0 168.0 433.0 
face 1.0 223.0 349.0 255.0 392.0 
face 1.0 283.0 415.0 322.0 447.0 
face 1.0 99.0 357.0 138.0 399.0 
face 1.0 70.0 462.0 116.0 513.0 
face 1.0 9.0 437.0 49.0 478.0 
face 1.0 0.0 379.0 36.0 423.0 
face 1.0 407.0 377.0 440.0 414.0 
face 1.0 404.0 298.0 431.0 333.0 
face 1.0 189.0 226.0 212.0 254.0 
face 1.0 161.0 256.0 185.0 282.0 
face 1.0 101.0 235.0 124.0 259.0 
face 1.0 168.0 216.0 188.0 240.0 
face 1.0 257.0 283.0 288.0 318.0 
face 1.0 255.0 210.0 268.0 226.0 
face 1.0 807.0 174.0 827.0 195.0 
face 1.0 687.0 185.0 706.0 205.0 
face 1.0 704.0 201.0 724.0 223.0 
face 1.0 684.0 149.0 701.0 168.0 
face 1.0 635.0 173.0 652.0 192.0 
face 1.0 608.0 203.0 625.0 223.0 
face 1.0 792.0 201.0 811.0 222.0 
face 1.0 662.0 211.0 683.0 234.0 
face 1.0 806.0 229.0 830.0 258.0 
face 1.0 853.0 163.0 874.0 191.0 
face 1.0 672.0 286.0 699.0 305.0 
face 1.0 1010.0 107.0 1021.0 120.0 
face 1.0 958.0 129.0 972.0 146.0 
face 1.0 964.0 94.0 978.0 111.0 
face 1.0 216.0 133.0 231.0 149.0 
face 1.0 186.0 138.0 203.0 158.0 
face 1.0 141.0 130.0 155.0 146.0 
face 1.0 200.0 115.0 210.0 124.0 
face 1.0 134.0 110.0 145.0 121.0 
face 1.0 123.0 121.0 133.0 130.0 
face 1.0 43.0 242.0 71.0 269.0 
face 1.0 59.0 221.0 82.0 246.0 
face 1.0 15.0 269.0 45.0 297.0 
face 1.0 14.0 226.0 34.0 251.0 
face 1.0 57.0 136.0 73.0 152.0 
face 1.0 22.0 125.0 38.0 141.0 
face 1.0 522.0 457.0 562.0 501.0 
face 1.0 472.0 96.0 483.0 109.0 
face 1.0 471.0 47.0 480.0 58.0 
face 1.0 463.0 86.0 471.0 96.0 
face 1.0 561.0 8.0 568.0 15.0 
face 1.0 589.0 189.0 605.0 207.0 
face 1.0 583.0 174.0 601.0 195.0 
face 1.0 611.0 131.0 623.0 146.0 
face 1.0 718.0 282.0 733.0 305.0 
face 1.0 267.0 160.0 285.0 180.0 
face 1.0 255.0 89.0 265.0 106.0 
face 1.0 241.0 99.0 250.0 110.0 
face 1.0 188.0 50.0 200.0 60.0 
face 1.0 217.0 52.0 228.0 64.0 
face 1.0 230.0 37.0 238.0 48.0 
face 1.0 57.0 60.0 72.0 75.0 
face 1.0 384.0 3.0 391.0 9.0 
face 1.0 439.0 4.0 445.0 14.0 
face 1.0 479.0 590.0 500.0 650.0 
face 1.0 203.0 269.0 230.0 300.0 
face 1.0 480.0 329.0 507.0 371.0 
face 1.0 855.0 261.0 885.0 296.0 
face 1.0 836.0 386.0 872.0 433.0 
face 1.0 392.0 523.0 436.0 567.0 
face 1.0 0.0 18.0 16.0 35.0 
face 1.0 328.0 262.0 355.0 293.0 
