face 1.0 71.0 309.0 91.0 338.0 
face 1.0 148.0 327.0 170.0 352.0 
face 1.0 214.0 358.0 233.0 380.0 
face 1.0 255.0 334.0 277.0 363.0 
face 1.0 324.0 321.0 347.0 354.0 
face 1.0 231.0 274.0 247.0 294.0 
face 1.0 294.0 222.0 304.0 234.0 
face 1.0 384.0 252.0 399.0 273.0 
face 1.0 423.0 307.0 447.0 337.0 
face 1.0 502.0 305.0 526.0 335.0 
face 1.0 569.0 309.0 597.0 340.0 
face 1.0 580.0 279.0 598.0 302.0 
face 1.0 586.0 251.0 600.0 268.0 
face 1.0 492.0 256.0 511.0 281.0 
face 1.0 613.0 222.0 624.0 236.0 
face 1.0 704.0 214.0 715.0 227.0 
face 1.0 668.0 296.0 697.0 328.0 
face 1.0 779.0 347.0 806.0 379.0 
face 1.0 853.0 336.0 883.0 369.0 
face 1.0 748.0 253.0 764.0 272.0 
face 1.0 809.0 232.0 824.0 252.0 
face 1.0 882.0 249.0 897.0 269.0 
face 1.0 906.0 225.0 918.0 237.0 
face 1.0 813.0 211.0 822.0 222.0 
face 1.0 697.0 244.0 712.0 261.0 
face 1.0 959.0 224.0 976.0 245.0 
face 1.0 982.0 231.0 998.0 252.0 
face 1.0 940.0 319.0 968.0 357.0 
face 1.0 314.0 222.0 324.0 232.0 
face 1.0 282.0 224.0 289.0 233.0 
face 1.0 400.0 239.0 409.0 249.0 
face 1.0 437.0 228.0 442.0 234.0 
face 1.0 549.0 224.0 556.0 230.0 
face 1.0 574.0 217.0 584.0 229.0 
face 1.0 667.0 191.0 674.0 199.0 
face 1.0 656.0 212.0 661.0 218.0 
face 1.0 673.0 206.0 677.0 211.0 
face 1.0 662.0 212.0 666.0 219.0 
face 1.0 521.0 192.0 526.0 197.0 
face 1.0 491.0 192.0 495.0 198.0 
face 1.0 886.0 208.0 893.0 221.0 
face 1.0 750.0 188.0 757.0 196.0 
face 1.0 735.0 188.0 740.0 195.0 
face 1.0 804.0 203.0 810.0 211.0 
face 1.0 0.0 310.0 23.0 336.0 
face 1.0 96.0 271.0 111.0 287.0 
face 1.0 306.0 245.0 318.0 262.0 
face 1.0 527.0 199.0 531.0 205.0 
face 1.0 513.0 206.0 519.0 214.0 
face 1.0 549.0 198.0 555.0 206.0 
face 1.0 560.0 192.0 564.0 198.0 
