face 1.0 255.0 172.0 307.0 237.0 
face 1.0 237.0 122.0 273.0 181.0 
face 1.0 393.0 194.0 415.0 227.0 
face 1.0 463.0 200.0 503.0 252.0 
face 1.0 544.0 144.0 600.0 223.0 
face 1.0 697.0 224.0 738.0 274.0 
face 1.0 535.0 213.0 566.0 252.0 
face 1.0 438.0 225.0 445.0 235.0 
face 1.0 532.0 192.0 551.0 215.0 
face 1.0 109.0 230.0 126.0 246.0 
face 1.0 44.0 204.0 51.0 211.0 
face 1.0 921.0 274.0 962.0 313.0 
face 1.0 933.0 226.0 958.0 258.0 
face 1.0 815.0 228.0 833.0 246.0 
face 1.0 662.0 147.0 672.0 156.0 
face 1.0 752.0 259.0 778.0 283.0 
face 1.0 864.0 244.0 874.0 261.0 
face 1.0 495.0 202.0 510.0 231.0 
face 1.0 758.0 232.0 781.0 256.0 
