face 1.0 943.0 601.0 995.0 661.0 
face 1.0 900.0 628.0 929.0 661.0 
face 1.0 862.0 570.0 880.0 594.0 
face 1.0 854.0 510.0 863.0 521.0 
face 1.0 818.0 523.0 829.0 536.0 
face 1.0 755.0 497.0 763.0 507.0 
face 1.0 729.0 553.0 737.0 562.0 
face 1.0 701.0 542.0 714.0 553.0 
face 1.0 738.0 553.0 748.0 567.0 
face 1.0 744.0 615.0 753.0 631.0 
face 1.0 673.0 564.0 686.0 579.0 
face 1.0 661.0 570.0 672.0 586.0 
face 1.0 641.0 576.0 652.0 591.0 
face 1.0 604.0 566.0 616.0 581.0 
face 1.0 648.0 521.0 659.0 531.0 
face 1.0 691.0 511.0 700.0 521.0 
face 1.0 570.0 588.0 583.0 602.0 
face 1.0 639.0 625.0 650.0 640.0 
face 1.0 552.0 594.0 564.0 606.0 
face 1.0 538.0 598.0 547.0 613.0 
face 1.0 756.0 636.0 779.0 674.0 
face 1.0 856.0 476.0 867.0 486.0 
