face 1.0 1001.0 579.0 1021.0 606.0 
face 1.0 927.0 541.0 949.0 566.0 
face 1.0 878.0 538.0 899.0 563.0 
face 1.0 919.0 483.0 938.0 506.0 
face 1.0 867.0 462.0 884.0 484.0 
face 1.0 978.0 436.0 997.0 459.0 
face 1.0 963.0 423.0 977.0 443.0 
face 1.0 788.0 572.0 803.0 590.0 
face 1.0 766.0 539.0 787.0 564.0 
face 1.0 784.0 487.0 803.0 509.0 
face 1.0 749.0 488.0 765.0 511.0 
face 1.0 773.0 451.0 790.0 472.0 
face 1.0 786.0 440.0 801.0 459.0 
face 1.0 747.0 421.0 764.0 441.0 
face 1.0 684.0 475.0 699.0 495.0 
face 1.0 685.0 450.0 699.0 470.0 
face 1.0 997.0 647.0 1016.0 673.0 
face 1.0 666.0 546.0 682.0 568.0 
face 1.0 570.0 551.0 590.0 573.0 
face 1.0 585.0 494.0 603.0 515.0 
face 1.0 644.0 479.0 660.0 501.0 
face 1.0 603.0 458.0 620.0 478.0 
face 1.0 618.0 435.0 637.0 459.0 
face 1.0 516.0 465.0 536.0 486.0 
face 1.0 517.0 514.0 536.0 528.0 
face 1.0 456.0 512.0 473.0 534.0 
face 1.0 467.0 483.0 484.0 504.0 
face 1.0 494.0 447.0 511.0 467.0 
face 1.0 478.0 427.0 495.0 446.0 
face 1.0 521.0 565.0 540.0 589.0 
face 1.0 365.0 584.0 386.0 609.0 
face 1.0 413.0 524.0 433.0 547.0 
face 1.0 399.0 508.0 416.0 531.0 
face 1.0 408.0 478.0 424.0 498.0 
face 1.0 415.0 447.0 433.0 466.0 
face 1.0 356.0 479.0 370.0 497.0 
face 1.0 337.0 514.0 353.0 533.0 
face 1.0 313.0 491.0 330.0 514.0 
face 1.0 280.0 499.0 299.0 522.0 
face 1.0 232.0 491.0 250.0 511.0 
face 1.0 245.0 475.0 263.0 497.0 
face 1.0 273.0 468.0 287.0 486.0 
face 1.0 279.0 439.0 293.0 458.0 
face 1.0 350.0 453.0 367.0 471.0 
face 1.0 375.0 424.0 391.0 443.0 
face 1.0 347.0 415.0 365.0 436.0 
face 1.0 428.0 413.0 446.0 432.0 
face 1.0 269.0 577.0 285.0 596.0 
face 1.0 294.0 655.0 316.0 677.0 
face 1.0 227.0 650.0 248.0 677.0 
face 1.0 170.0 513.0 187.0 534.0 
face 1.0 114.0 513.0 137.0 535.0 
face 1.0 124.0 542.0 143.0 564.0 
face 1.0 143.0 625.0 161.0 646.0 
face 1.0 161.0 645.0 183.0 668.0 
face 1.0 107.0 586.0 125.0 607.0 
face 1.0 13.0 570.0 33.0 594.0 
face 1.0 0.0 608.0 11.0 628.0 
face 1.0 23.0 518.0 41.0 539.0 
face 1.0 60.0 494.0 78.0 513.0 
face 1.0 82.0 461.0 99.0 481.0 
face 1.0 121.0 474.0 137.0 493.0 
face 1.0 156.0 474.0 173.0 495.0 
face 1.0 192.0 432.0 210.0 454.0 
face 1.0 144.0 409.0 160.0 427.0 
face 1.0 95.0 426.0 111.0 444.0 
face 1.0 18.0 437.0 37.0 455.0 
face 1.0 11.0 418.0 28.0 438.0 
face 1.0 22.0 475.0 39.0 495.0 
face 1.0 416.0 577.0 430.0 596.0 
face 1.0 1013.0 424.0 1024.0 440.0 
face 1.0 989.0 391.0 1007.0 412.0 
face 1.0 896.0 408.0 911.0 428.0 
face 1.0 889.0 386.0 904.0 406.0 
face 1.0 904.0 366.0 918.0 384.0 
face 1.0 845.0 413.0 863.0 435.0 
face 1.0 828.0 404.0 844.0 423.0 
face 1.0 794.0 395.0 809.0 413.0 
face 1.0 751.0 363.0 766.0 380.0 
face 1.0 987.0 334.0 1001.0 353.0 
face 1.0 997.0 318.0 1010.0 336.0 
face 1.0 960.0 315.0 973.0 332.0 
face 1.0 975.0 300.0 988.0 315.0 
face 1.0 897.0 310.0 912.0 327.0 
face 1.0 843.0 332.0 857.0 347.0 
face 1.0 809.0 359.0 824.0 376.0 
face 1.0 786.0 330.0 801.0 343.0 
face 1.0 835.0 314.0 850.0 330.0 
face 1.0 739.0 334.0 755.0 351.0 
face 1.0 757.0 319.0 769.0 333.0 
face 1.0 712.0 300.0 726.0 318.0 
face 1.0 682.0 390.0 698.0 409.0 
face 1.0 702.0 414.0 717.0 433.0 
face 1.0 695.0 323.0 710.0 341.0 
face 1.0 654.0 316.0 668.0 333.0 
face 1.0 662.0 355.0 676.0 372.0 
face 1.0 633.0 411.0 650.0 429.0 
face 1.0 627.0 390.0 643.0 410.0 
face 1.0 666.0 382.0 679.0 401.0 
face 1.0 618.0 360.0 632.0 378.0 
face 1.0 605.0 332.0 619.0 349.0 
face 1.0 583.0 327.0 598.0 344.0 
face 1.0 570.0 308.0 584.0 325.0 
face 1.0 581.0 288.0 594.0 303.0 
face 1.0 614.0 303.0 627.0 322.0 
face 1.0 525.0 306.0 537.0 317.0 
face 1.0 536.0 324.0 550.0 341.0 
face 1.0 564.0 278.0 578.0 294.0 
face 1.0 469.0 374.0 485.0 391.0 
face 1.0 456.0 356.0 469.0 372.0 
face 1.0 499.0 315.0 515.0 333.0 
face 1.0 499.0 286.0 512.0 301.0 
face 1.0 470.0 282.0 484.0 298.0 
face 1.0 453.0 321.0 468.0 337.0 
face 1.0 475.0 313.0 488.0 330.0 
face 1.0 423.0 301.0 436.0 314.0 
face 1.0 417.0 282.0 429.0 297.0 
face 1.0 420.0 339.0 434.0 355.0 
face 1.0 372.0 383.0 386.0 400.0 
face 1.0 355.0 346.0 368.0 359.0 
face 1.0 343.0 399.0 358.0 418.0 
face 1.0 299.0 389.0 311.0 405.0 
face 1.0 285.0 390.0 298.0 407.0 
face 1.0 247.0 374.0 262.0 389.0 
face 1.0 278.0 328.0 294.0 345.0 
face 1.0 346.0 344.0 358.0 360.0 
face 1.0 356.0 300.0 372.0 316.0 
face 1.0 344.0 289.0 355.0 303.0 
face 1.0 266.0 278.0 280.0 294.0 
face 1.0 238.0 288.0 250.0 301.0 
face 1.0 264.0 326.0 275.0 342.0 
face 1.0 247.0 311.0 259.0 326.0 
face 1.0 318.0 258.0 329.0 271.0 
face 1.0 380.0 263.0 391.0 278.0 
face 1.0 400.0 252.0 412.0 268.0 
face 1.0 368.0 244.0 378.0 257.0 
face 1.0 501.0 373.0 515.0 388.0 
face 1.0 467.0 348.0 480.0 365.0 
face 1.0 151.0 324.0 164.0 339.0 
face 1.0 116.0 321.0 131.0 337.0 
face 1.0 135.0 304.0 149.0 319.0 
face 1.0 202.0 312.0 216.0 328.0 
face 1.0 201.0 298.0 214.0 313.0 
face 1.0 154.0 285.0 168.0 302.0 
face 1.0 209.0 269.0 225.0 286.0 
face 1.0 71.0 315.0 84.0 333.0 
face 1.0 55.0 318.0 69.0 335.0 
face 1.0 36.0 317.0 49.0 332.0 
face 1.0 39.0 288.0 52.0 302.0 
face 1.0 57.0 300.0 70.0 314.0 
face 1.0 91.0 279.0 106.0 296.0 
face 1.0 62.0 261.0 77.0 278.0 
face 1.0 49.0 374.0 63.0 392.0 
face 1.0 21.0 364.0 36.0 383.0 
face 1.0 38.0 357.0 52.0 375.0 
face 1.0 22.0 243.0 36.0 259.0 
face 1.0 44.0 228.0 56.0 242.0 
face 1.0 93.0 240.0 106.0 258.0 
face 1.0 137.0 251.0 148.0 266.0 
face 1.0 174.0 241.0 186.0 253.0 
face 1.0 126.0 219.0 139.0 233.0 
face 1.0 97.0 217.0 108.0 230.0 
face 1.0 74.0 224.0 85.0 236.0 
face 1.0 68.0 207.0 83.0 223.0 
face 1.0 48.0 190.0 61.0 206.0 
face 1.0 11.0 206.0 23.0 221.0 
face 1.0 58.0 183.0 69.0 198.0 
face 1.0 89.0 179.0 99.0 190.0 
face 1.0 185.0 212.0 195.0 225.0 
face 1.0 164.0 197.0 174.0 208.0 
face 1.0 207.0 188.0 218.0 203.0 
face 1.0 241.0 228.0 254.0 244.0 
face 1.0 229.0 247.0 240.0 259.0 
face 1.0 276.0 225.0 288.0 238.0 
face 1.0 308.0 212.0 320.0 224.0 
face 1.0 329.0 245.0 340.0 256.0 
face 1.0 322.0 227.0 334.0 241.0 
face 1.0 339.0 216.0 350.0 230.0 
face 1.0 356.0 226.0 367.0 239.0 
face 1.0 452.0 238.0 464.0 253.0 
face 1.0 458.0 225.0 467.0 235.0 
face 1.0 455.0 206.0 465.0 220.0 
face 1.0 425.0 209.0 438.0 223.0 
face 1.0 409.0 200.0 421.0 214.0 
face 1.0 412.0 232.0 422.0 244.0 
face 1.0 502.0 229.0 513.0 241.0 
face 1.0 541.0 219.0 552.0 234.0 
face 1.0 583.0 245.0 595.0 257.0 
face 1.0 592.0 262.0 604.0 278.0 
face 1.0 607.0 245.0 619.0 261.0 
face 1.0 584.0 209.0 595.0 222.0 
face 1.0 638.0 236.0 650.0 251.0 
face 1.0 633.0 215.0 645.0 230.0 
face 1.0 618.0 187.0 629.0 202.0 
face 1.0 552.0 182.0 564.0 195.0 
face 1.0 496.0 196.0 508.0 210.0 
face 1.0 411.0 158.0 421.0 172.0 
face 1.0 364.0 176.0 373.0 185.0 
face 1.0 321.0 177.0 332.0 192.0 
face 1.0 323.0 161.0 332.0 175.0 
face 1.0 356.0 160.0 366.0 172.0 
face 1.0 379.0 206.0 389.0 220.0 
face 1.0 374.0 298.0 384.0 311.0 
face 1.0 842.0 265.0 857.0 281.0 
face 1.0 867.0 247.0 882.0 265.0 
face 1.0 900.0 266.0 913.0 279.0 
face 1.0 933.0 261.0 948.0 277.0 
face 1.0 991.0 263.0 1004.0 280.0 
face 1.0 958.0 239.0 972.0 256.0 
face 1.0 973.0 220.0 985.0 236.0 
face 1.0 1005.0 228.0 1019.0 244.0 
face 1.0 944.0 227.0 955.0 240.0 
face 1.0 881.0 236.0 895.0 253.0 
face 1.0 873.0 226.0 887.0 243.0 
face 1.0 822.0 231.0 835.0 246.0 
face 1.0 810.0 257.0 822.0 273.0 
face 1.0 798.0 269.0 810.0 283.0 
face 1.0 801.0 291.0 814.0 310.0 
face 1.0 776.0 286.0 789.0 301.0 
face 1.0 774.0 260.0 787.0 277.0 
face 1.0 745.0 249.0 757.0 262.0 
face 1.0 724.0 253.0 736.0 267.0 
face 1.0 720.0 273.0 731.0 288.0 
face 1.0 682.0 248.0 694.0 261.0 
face 1.0 668.0 235.0 681.0 249.0 
face 1.0 731.0 234.0 742.0 248.0 
face 1.0 768.0 230.0 780.0 245.0 
face 1.0 787.0 205.0 797.0 216.0 
face 1.0 732.0 198.0 743.0 211.0 
face 1.0 714.0 191.0 725.0 204.0 
face 1.0 657.0 265.0 670.0 279.0 
face 1.0 676.0 282.0 689.0 296.0 
face 1.0 684.0 201.0 693.0 214.0 
face 1.0 742.0 192.0 753.0 205.0 
face 1.0 848.0 199.0 860.0 212.0 
face 1.0 890.0 193.0 902.0 208.0 
face 1.0 910.0 184.0 920.0 197.0 
face 1.0 897.0 173.0 911.0 184.0 
face 1.0 960.0 183.0 968.0 193.0 
face 1.0 990.0 184.0 999.0 196.0 
face 1.0 830.0 189.0 840.0 201.0 
face 1.0 863.0 181.0 876.0 195.0 
face 1.0 684.0 174.0 694.0 185.0 
face 1.0 749.0 175.0 760.0 188.0 
face 1.0 640.0 183.0 652.0 196.0 
face 1.0 991.0 168.0 1001.0 182.0 
face 1.0 943.0 163.0 952.0 176.0 
face 1.0 965.0 146.0 972.0 158.0 
face 1.0 983.0 119.0 991.0 129.0 
face 1.0 1008.0 107.0 1016.0 119.0 
face 1.0 964.0 110.0 971.0 119.0 
face 1.0 964.0 100.0 973.0 112.0 
face 1.0 972.0 105.0 980.0 115.0 
face 1.0 995.0 69.0 1003.0 80.0 
face 1.0 942.0 94.0 952.0 105.0 
face 1.0 912.0 105.0 920.0 115.0 
face 1.0 894.0 112.0 903.0 123.0 
face 1.0 884.0 102.0 892.0 112.0 
face 1.0 912.0 88.0 920.0 97.0 
face 1.0 904.0 80.0 910.0 89.0 
face 1.0 895.0 79.0 903.0 90.0 
face 1.0 867.0 120.0 876.0 132.0 
face 1.0 875.0 143.0 884.0 156.0 
face 1.0 834.0 142.0 843.0 152.0 
face 1.0 823.0 135.0 832.0 146.0 
face 1.0 836.0 113.0 844.0 125.0 
face 1.0 870.0 109.0 879.0 121.0 
face 1.0 795.0 121.0 803.0 134.0 
face 1.0 815.0 108.0 824.0 119.0 
face 1.0 815.0 89.0 823.0 100.0 
face 1.0 816.0 75.0 823.0 84.0 
face 1.0 858.0 75.0 865.0 85.0 
face 1.0 781.0 80.0 788.0 89.0 
face 1.0 774.0 126.0 783.0 138.0 
face 1.0 771.0 95.0 779.0 106.0 
face 1.0 760.0 93.0 768.0 105.0 
face 1.0 742.0 75.0 752.0 87.0 
face 1.0 744.0 111.0 752.0 123.0 
face 1.0 759.0 123.0 767.0 133.0 
face 1.0 713.0 120.0 722.0 130.0 
face 1.0 691.0 121.0 700.0 132.0 
face 1.0 678.0 122.0 687.0 134.0 
face 1.0 678.0 143.0 686.0 156.0 
face 1.0 699.0 145.0 707.0 155.0 
face 1.0 709.0 171.0 718.0 182.0 
face 1.0 662.0 121.0 670.0 131.0 
face 1.0 650.0 80.0 658.0 92.0 
face 1.0 718.0 92.0 728.0 104.0 
face 1.0 637.0 96.0 645.0 107.0 
face 1.0 628.0 113.0 635.0 122.0 
face 1.0 596.0 179.0 608.0 192.0 
face 1.0 611.0 119.0 619.0 129.0 
face 1.0 599.0 113.0 606.0 124.0 
face 1.0 572.0 118.0 581.0 129.0 
face 1.0 574.0 106.0 582.0 116.0 
face 1.0 583.0 95.0 592.0 107.0 
face 1.0 601.0 97.0 608.0 107.0 
face 1.0 546.0 137.0 558.0 150.0 
face 1.0 516.0 139.0 524.0 150.0 
face 1.0 484.0 149.0 494.0 160.0 
face 1.0 489.0 127.0 496.0 135.0 
face 1.0 514.0 121.0 523.0 132.0 
face 1.0 542.0 120.0 550.0 131.0 
face 1.0 539.0 101.0 546.0 110.0 
face 1.0 552.0 91.0 559.0 101.0 
face 1.0 512.0 108.0 518.0 118.0 
face 1.0 519.0 95.0 528.0 107.0 
face 1.0 500.0 107.0 507.0 117.0 
face 1.0 483.0 111.0 490.0 120.0 
face 1.0 471.0 100.0 478.0 110.0 
face 1.0 468.0 74.0 474.0 82.0 
face 1.0 490.0 84.0 497.0 93.0 
face 1.0 477.0 89.0 484.0 97.0 
face 1.0 547.0 63.0 555.0 74.0 
face 1.0 528.0 65.0 536.0 74.0 
face 1.0 615.0 69.0 622.0 78.0 
face 1.0 784.0 91.0 793.0 103.0 
face 1.0 459.0 139.0 469.0 152.0 
face 1.0 422.0 132.0 432.0 144.0 
face 1.0 432.0 118.0 441.0 129.0 
face 1.0 406.0 124.0 414.0 135.0 
face 1.0 393.0 134.0 405.0 148.0 
face 1.0 358.0 138.0 367.0 149.0 
face 1.0 378.0 123.0 385.0 132.0 
face 1.0 388.0 120.0 397.0 132.0 
face 1.0 354.0 114.0 362.0 124.0 
face 1.0 336.0 138.0 345.0 148.0 
face 1.0 300.0 168.0 310.0 181.0 
face 1.0 295.0 188.0 305.0 199.0 
face 1.0 273.0 186.0 284.0 199.0 
face 1.0 290.0 165.0 297.0 174.0 
face 1.0 267.0 157.0 278.0 169.0 
face 1.0 280.0 141.0 289.0 152.0 
face 1.0 294.0 145.0 303.0 156.0 
face 1.0 293.0 117.0 303.0 130.0 
face 1.0 279.0 105.0 289.0 117.0 
face 1.0 332.0 126.0 342.0 138.0 
face 1.0 318.0 114.0 324.0 122.0 
face 1.0 392.0 106.0 399.0 115.0 
face 1.0 424.0 113.0 432.0 123.0 
face 1.0 427.0 85.0 435.0 95.0 
face 1.0 443.0 87.0 451.0 97.0 
face 1.0 459.0 88.0 465.0 97.0 
face 1.0 438.0 79.0 444.0 88.0 
face 1.0 393.0 89.0 401.0 99.0 
face 1.0 399.0 79.0 408.0 88.0 
face 1.0 366.0 96.0 372.0 103.0 
face 1.0 304.0 137.0 310.0 145.0 
face 1.0 355.0 193.0 362.0 203.0 
face 1.0 124.0 196.0 135.0 210.0 
face 1.0 159.0 182.0 169.0 195.0 
face 1.0 184.0 165.0 195.0 176.0 
face 1.0 114.0 166.0 123.0 179.0 
face 1.0 140.0 146.0 150.0 158.0 
face 1.0 160.0 139.0 170.0 153.0 
face 1.0 168.0 130.0 178.0 143.0 
face 1.0 194.0 124.0 204.0 136.0 
face 1.0 181.0 128.0 189.0 138.0 
face 1.0 243.0 156.0 252.0 167.0 
face 1.0 238.0 185.0 247.0 197.0 
face 1.0 229.0 218.0 241.0 231.0 
face 1.0 32.0 165.0 42.0 178.0 
face 1.0 4.0 147.0 13.0 160.0 
face 1.0 44.0 50.0 52.0 62.0 
face 1.0 64.0 43.0 70.0 51.0 
face 1.0 57.0 31.0 64.0 38.0 
face 1.0 89.0 62.0 96.0 73.0 
face 1.0 3.0 79.0 11.0 91.0 
face 1.0 8.0 62.0 15.0 71.0 
face 1.0 209.0 118.0 216.0 128.0 
face 1.0 233.0 144.0 242.0 155.0 
face 1.0 244.0 119.0 254.0 131.0 
face 1.0 227.0 129.0 238.0 142.0 
face 1.0 209.0 92.0 219.0 105.0 
face 1.0 254.0 91.0 262.0 100.0 
face 1.0 83.0 36.0 91.0 49.0 
face 1.0 65.0 57.0 76.0 71.0 
face 1.0 175.0 66.0 183.0 77.0 
face 1.0 995.0 5.0 1002.0 11.0 
face 1.0 974.0 86.0 983.0 97.0 
face 1.0 806.0 24.0 813.0 34.0 
face 1.0 799.0 35.0 806.0 44.0 
face 1.0 780.0 15.0 787.0 24.0 
face 1.0 735.0 27.0 743.0 36.0 
face 1.0 742.0 21.0 748.0 28.0 
face 1.0 704.0 27.0 711.0 35.0 
face 1.0 695.0 43.0 701.0 51.0 
face 1.0 691.0 32.0 697.0 40.0 
face 1.0 668.0 25.0 675.0 34.0 
face 1.0 677.0 17.0 683.0 25.0 
face 1.0 687.0 17.0 692.0 25.0 
face 1.0 760.0 1.0 768.0 10.0 
face 1.0 761.0 16.0 768.0 25.0 
face 1.0 913.0 17.0 920.0 26.0 
face 1.0 958.0 23.0 966.0 32.0 
face 1.0 891.0 2.0 898.0 12.0 
face 1.0 817.0 13.0 824.0 22.0 
face 1.0 759.0 152.0 769.0 164.0 
face 1.0 794.0 156.0 803.0 168.0 
face 1.0 858.0 168.0 868.0 181.0 
face 1.0 894.0 168.0 903.0 180.0 
face 1.0 849.0 107.0 857.0 116.0 
face 1.0 95.0 79.0 103.0 88.0 
face 1.0 269.0 57.0 277.0 66.0 
face 1.0 621.0 21.0 628.0 30.0 
face 1.0 643.0 32.0 650.0 40.0 
face 1.0 611.0 54.0 618.0 63.0 
face 1.0 587.0 58.0 593.0 66.0 
face 1.0 571.0 57.0 578.0 66.0 
face 1.0 509.0 58.0 515.0 66.0 
face 1.0 512.0 37.0 519.0 47.0 
face 1.0 577.0 68.0 585.0 77.0 
face 1.0 566.0 10.0 573.0 17.0 
face 1.0 580.0 13.0 587.0 22.0 
face 1.0 547.0 6.0 553.0 14.0 
face 1.0 529.0 15.0 535.0 22.0 
face 1.0 515.0 5.0 522.0 14.0 
face 1.0 503.0 3.0 510.0 10.0 
face 1.0 488.0 12.0 495.0 19.0 
face 1.0 506.0 29.0 512.0 36.0 
face 1.0 502.0 42.0 508.0 50.0 
face 1.0 513.0 24.0 519.0 32.0 
face 1.0 520.0 23.0 526.0 30.0 
face 1.0 437.0 31.0 445.0 39.0 
face 1.0 426.0 68.0 433.0 77.0 
face 1.0 397.0 68.0 405.0 77.0 
face 1.0 309.0 91.0 316.0 101.0 
face 1.0 264.0 80.0 271.0 89.0 
face 1.0 368.0 70.0 376.0 80.0 
face 1.0 363.0 85.0 370.0 93.0 
face 1.0 347.0 70.0 354.0 78.0 
face 1.0 327.0 72.0 334.0 81.0 
face 1.0 329.0 32.0 336.0 40.0 
face 1.0 348.0 37.0 355.0 46.0 
face 1.0 321.0 54.0 329.0 62.0 
face 1.0 376.0 29.0 382.0 37.0 
face 1.0 385.0 32.0 392.0 41.0 
face 1.0 387.0 47.0 394.0 56.0 
face 1.0 365.0 49.0 372.0 58.0 
face 1.0 362.0 26.0 368.0 33.0 
face 1.0 368.0 38.0 375.0 46.0 
face 1.0 498.0 184.0 508.0 197.0 
face 1.0 505.0 173.0 515.0 184.0 
face 1.0 460.0 111.0 468.0 121.0 
face 1.0 781.0 163.0 789.0 172.0 
face 1.0 802.0 188.0 808.0 198.0 
face 1.0 1016.0 51.0 1021.0 61.0 
face 1.0 1008.0 60.0 1016.0 71.0 
face 1.0 1004.0 50.0 1011.0 59.0 
face 1.0 1010.0 34.0 1017.0 43.0 
face 1.0 977.0 16.0 984.0 25.0 
face 1.0 943.0 4.0 951.0 14.0 
face 1.0 704.0 8.0 711.0 20.0 
face 1.0 731.0 5.0 736.0 13.0 
face 1.0 719.0 18.0 725.0 26.0 
face 1.0 639.0 70.0 646.0 79.0 
face 1.0 623.0 87.0 629.0 96.0 
face 1.0 696.0 101.0 705.0 111.0 
face 1.0 605.0 4.0 611.0 13.0 
face 1.0 521.0 78.0 530.0 90.0 
face 1.0 488.0 75.0 496.0 84.0 
face 1.0 466.0 25.0 473.0 34.0 
face 1.0 477.0 14.0 483.0 22.0 
face 1.0 534.0 39.0 541.0 49.0 
face 1.0 544.0 37.0 550.0 46.0 
face 1.0 440.0 117.0 448.0 127.0 
face 1.0 473.0 405.0 488.0 421.0 
face 1.0 757.0 407.0 769.0 426.0 
face 1.0 849.0 241.0 861.0 253.0 
face 1.0 925.0 336.0 940.0 355.0 
face 1.0 0.0 324.0 12.0 343.0 
face 1.0 129.0 383.0 140.0 401.0 
face 1.0 1.0 494.0 16.0 515.0 
