face 1.0 7.0 404.0 51.0 442.0 
face 1.0 55.0 417.0 111.0 477.0 
face 1.0 156.0 392.0 204.0 452.0 
face 1.0 143.0 390.0 174.0 447.0 
face 1.0 230.0 414.0 264.0 455.0 
face 1.0 280.0 450.0 330.0 535.0 
face 1.0 311.0 440.0 352.0 501.0 
face 1.0 365.0 430.0 392.0 470.0 
face 1.0 416.0 455.0 466.0 503.0 
face 1.0 486.0 423.0 536.0 475.0 
face 1.0 540.0 442.0 582.0 488.0 
face 1.0 591.0 486.0 649.0 550.0 
face 1.0 646.0 468.0 690.0 516.0 
face 1.0 733.0 509.0 752.0 548.0 
face 1.0 810.0 503.0 955.0 615.0 
face 1.0 731.0 84.0 792.0 161.0 
face 1.0 295.0 435.0 316.0 458.0 
