face 1.0 150.0 358.0 178.0 394.0 
face 1.0 88.0 367.0 108.0 411.0 
face 1.0 354.0 206.0 370.0 231.0 
face 1.0 206.0 212.0 219.0 228.0 
face 1.0 197.0 242.0 214.0 261.0 
face 1.0 397.0 307.0 426.0 345.0 
face 1.0 428.0 257.0 442.0 276.0 
face 1.0 491.0 332.0 511.0 355.0 
face 1.0 476.0 273.0 489.0 295.0 
face 1.0 500.0 260.0 516.0 282.0 
face 1.0 442.0 207.0 453.0 221.0 
face 1.0 562.0 240.0 575.0 256.0 
face 1.0 528.0 243.0 535.0 252.0 
face 1.0 600.0 246.0 613.0 260.0 
face 1.0 619.0 250.0 632.0 267.0 
face 1.0 520.0 225.0 531.0 234.0 
face 1.0 643.0 310.0 659.0 329.0 
face 1.0 652.0 249.0 664.0 267.0 
face 1.0 667.0 220.0 680.0 237.0 
face 1.0 706.0 253.0 720.0 268.0 
face 1.0 950.0 231.0 965.0 250.0 
face 1.0 168.0 238.0 179.0 256.0 
