face 1.0 895.0 252.0 927.0 297.0 
face 1.0 928.0 215.0 950.0 247.0 
face 1.0 945.0 169.0 973.0 204.0 
face 1.0 826.0 123.0 863.0 165.0 
face 1.0 917.0 169.0 943.0 206.0 
face 1.0 783.0 144.0 813.0 188.0 
face 1.0 757.0 143.0 784.0 182.0 
face 1.0 661.0 184.0 696.0 221.0 
face 1.0 595.0 132.0 620.0 179.0 
face 1.0 527.0 152.0 558.0 191.0 
face 1.0 493.0 166.0 525.0 208.0 
face 1.0 465.0 154.0 488.0 187.0 
face 1.0 445.0 80.0 465.0 105.0 
face 1.0 360.0 142.0 393.0 181.0 
face 1.0 382.0 123.0 415.0 163.0 
face 1.0 281.0 147.0 309.0 182.0 
face 1.0 276.0 201.0 306.0 245.0 
face 1.0 215.0 145.0 247.0 191.0 
face 1.0 145.0 132.0 178.0 172.0 
face 1.0 79.0 140.0 109.0 184.0 
face 1.0 101.0 116.0 131.0 156.0 
face 1.0 11.0 128.0 29.0 164.0 
face 1.0 0.0 122.0 14.0 166.0 
face 1.0 107.0 156.0 128.0 187.0 
face 1.0 486.0 312.0 534.0 372.0 
face 1.0 1019.0 141.0 1024.0 173.0 
face 1.0 256.0 131.0 277.0 162.0 
face 1.0 642.0 146.0 662.0 180.0 
face 1.0 587.0 147.0 606.0 182.0 
face 1.0 275.0 141.0 296.0 175.0 
face 1.0 481.0 135.0 507.0 174.0 
face 1.0 579.0 129.0 593.0 144.0 
