face 1.0 707.0 370.0 752.0 456.0 
face 1.0 889.0 288.0 940.0 366.0 
face 1.0 225.0 520.0 310.0 576.0 
face 1.0 83.0 331.0 118.0 402.0 
face 1.0 282.0 329.0 320.0 406.0 
face 1.0 411.0 299.0 444.0 375.0 
face 1.0 516.0 200.0 574.0 287.0 
face 1.0 572.0 146.0 610.0 210.0 
face 1.0 400.0 128.0 441.0 189.0 
face 1.0 223.0 127.0 268.0 192.0 
face 1.0 192.0 121.0 244.0 184.0 
face 1.0 2.0 195.0 47.0 281.0 
face 1.0 525.0 426.0 582.0 513.0 
face 1.0 743.0 178.0 785.0 253.0 
face 1.0 712.0 205.0 743.0 254.0 
face 1.0 740.0 143.0 784.0 191.0 
face 1.0 858.0 166.0 904.0 225.0 
face 1.0 828.0 129.0 860.0 174.0 
face 1.0 909.0 106.0 945.0 156.0 
face 1.0 919.0 176.0 953.0 245.0 
face 1.0 991.0 152.0 1021.0 217.0 
face 1.0 950.0 138.0 991.0 182.0 
face 1.0 400.0 198.0 453.0 283.0 
face 1.0 297.0 127.0 327.0 188.0 
face 1.0 236.0 80.0 268.0 124.0 
face 1.0 121.0 94.0 155.0 136.0 
face 1.0 80.0 165.0 117.0 236.0 
face 1.0 0.0 109.0 16.0 165.0 
face 1.0 387.0 52.0 423.0 107.0 
face 1.0 462.0 76.0 495.0 138.0 
face 1.0 311.0 13.0 341.0 52.0 
face 1.0 120.0 14.0 144.0 53.0 
face 1.0 14.0 17.0 37.0 57.0 
face 1.0 135.0 52.0 159.0 82.0 
face 1.0 156.0 60.0 177.0 87.0 
face 1.0 692.0 95.0 720.0 139.0 
face 1.0 654.0 90.0 675.0 122.0 
face 1.0 545.0 73.0 570.0 113.0 
face 1.0 715.0 5.0 739.0 31.0 
face 1.0 892.0 55.0 907.0 73.0 
face 1.0 865.0 74.0 885.0 95.0 
face 1.0 675.0 62.0 695.0 85.0 
face 1.0 724.0 54.0 753.0 91.0 
face 1.0 627.0 0.0 645.0 15.0 
face 1.0 596.0 2.0 608.0 19.0 
face 1.0 141.0 235.0 181.0 305.0 
face 1.0 231.0 6.0 248.0 36.0 
face 1.0 179.0 11.0 195.0 40.0 
face 1.0 118.0 428.0 163.0 510.0 
face 1.0 962.0 76.0 978.0 96.0 
face 1.0 907.0 38.0 921.0 54.0 
