face 1.0 26.0 508.0 142.0 613.0 
face 1.0 272.0 445.0 386.0 556.0 
face 1.0 525.0 367.0 652.0 508.0 
face 1.0 314.0 388.0 356.0 445.0 
face 1.0 422.0 410.0 431.0 419.0 
face 1.0 571.0 342.0 591.0 360.0 
face 1.0 185.0 87.0 229.0 141.0 
face 1.0 206.0 369.0 226.0 405.0 
face 1.0 605.0 272.0 632.0 297.0 
face 1.0 612.0 306.0 642.0 342.0 
face 1.0 656.0 309.0 699.0 355.0 
face 1.0 635.0 344.0 687.0 415.0 
face 1.0 737.0 457.0 774.0 530.0 
face 1.0 958.0 211.0 1024.0 301.0 
face 1.0 762.0 265.0 802.0 317.0 
face 1.0 768.0 238.0 813.0 269.0 
