face 1.0 957.0 241.0 1023.0 324.0 
face 1.0 729.0 247.0 781.0 298.0 
face 1.0 771.0 221.0 814.0 278.0 
face 1.0 888.0 230.0 905.0 252.0 
face 1.0 453.0 278.0 519.0 355.0 
face 1.0 366.0 277.0 388.0 298.0 
face 1.0 449.0 274.0 469.0 300.0 
face 1.0 408.0 280.0 423.0 298.0 
face 1.0 233.0 286.0 269.0 329.0 
face 1.0 255.0 251.0 289.0 289.0 
face 1.0 191.0 277.0 226.0 320.0 
face 1.0 162.0 292.0 190.0 319.0 
face 1.0 37.0 249.0 138.0 358.0 
face 1.0 0.0 328.0 29.0 363.0 
face 1.0 26.0 314.0 54.0 348.0 
face 1.0 3.0 296.0 22.0 319.0 
face 1.0 738.0 207.0 745.0 217.0 
face 1.0 497.0 206.0 636.0 353.0 
