face 1.0 411.0 149.0 490.0 250.0 
face 1.0 698.0 167.0 766.0 259.0 
face 1.0 21.0 502.0 37.0 519.0 
face 1.0 56.0 533.0 76.0 560.0 
face 1.0 55.0 502.0 69.0 514.0 
face 1.0 172.0 376.0 252.0 454.0 
face 1.0 510.0 573.0 596.0 672.0 
face 1.0 458.0 507.0 482.0 535.0 
face 1.0 483.0 492.0 499.0 513.0 
face 1.0 378.0 514.0 395.0 533.0 
face 1.0 257.0 467.0 270.0 490.0 
face 1.0 272.0 481.0 280.0 488.0 
face 1.0 361.0 509.0 372.0 522.0 
face 1.0 339.0 504.0 350.0 518.0 
face 1.0 392.0 527.0 399.0 536.0 
face 1.0 408.0 515.0 414.0 526.0 
face 1.0 415.0 508.0 423.0 522.0 
face 1.0 434.0 517.0 438.0 524.0 
face 1.0 568.0 504.0 590.0 526.0 
face 1.0 517.0 511.0 522.0 518.0 
face 1.0 493.0 513.0 502.0 522.0 
face 1.0 544.0 507.0 548.0 512.0 
face 1.0 505.0 515.0 509.0 521.0 
face 1.0 519.0 507.0 525.0 516.0 
face 1.0 544.0 516.0 549.0 521.0 
face 1.0 732.0 517.0 780.0 578.0 
face 1.0 639.0 481.0 683.0 520.0 
face 1.0 702.0 490.0 710.0 501.0 
face 1.0 615.0 503.0 620.0 510.0 
face 1.0 623.0 507.0 626.0 513.0 
face 1.0 857.0 473.0 915.0 531.0 
face 1.0 938.0 462.0 954.0 478.0 
face 1.0 813.0 487.0 818.0 493.0 
face 1.0 984.0 451.0 986.0 455.0 
face 1.0 914.0 464.0 926.0 473.0 
face 1.0 799.0 487.0 804.0 492.0 
