face 1.0 866.0 602.0 894.0 652.0 
face 1.0 662.0 601.0 692.0 647.0 
face 1.0 635.0 630.0 663.0 655.0 
face 1.0 607.0 582.0 641.0 625.0 
face 1.0 654.0 552.0 679.0 585.0 
face 1.0 509.0 530.0 537.0 567.0 
face 1.0 504.0 628.0 539.0 656.0 
face 1.0 593.0 517.0 621.0 558.0 
face 1.0 560.0 487.0 591.0 524.0 
face 1.0 596.0 473.0 621.0 509.0 
face 1.0 507.0 484.0 535.0 514.0 
face 1.0 553.0 442.0 575.0 475.0 
face 1.0 520.0 447.0 543.0 481.0 
face 1.0 702.0 486.0 722.0 521.0 
face 1.0 441.0 455.0 466.0 490.0 
face 1.0 411.0 514.0 435.0 542.0 
face 1.0 393.0 464.0 417.0 493.0 
face 1.0 363.0 494.0 393.0 532.0 
face 1.0 358.0 485.0 374.0 512.0 
face 1.0 331.0 575.0 373.0 618.0 
face 1.0 286.0 569.0 322.0 610.0 
face 1.0 268.0 530.0 298.0 568.0 
face 1.0 325.0 474.0 345.0 505.0 
face 1.0 321.0 438.0 345.0 469.0 
face 1.0 377.0 419.0 399.0 453.0 
face 1.0 312.0 410.0 320.0 422.0 
face 1.0 270.0 425.0 280.0 436.0 
face 1.0 213.0 597.0 255.0 651.0 
face 1.0 169.0 604.0 195.0 652.0 
face 1.0 166.0 578.0 186.0 612.0 
face 1.0 194.0 505.0 224.0 538.0 
face 1.0 135.0 518.0 158.0 548.0 
face 1.0 54.0 521.0 72.0 553.0 
face 1.0 8.0 479.0 30.0 504.0 
face 1.0 21.0 458.0 43.0 490.0 
face 1.0 0.0 429.0 20.0 455.0 
face 1.0 116.0 457.0 132.0 479.0 
face 1.0 3.0 259.0 9.0 270.0 
face 1.0 2.0 239.0 10.0 248.0 
face 1.0 25.0 242.0 33.0 252.0 
face 1.0 31.0 263.0 39.0 274.0 
face 1.0 47.0 276.0 54.0 287.0 
face 1.0 38.0 299.0 45.0 310.0 
face 1.0 54.0 304.0 64.0 314.0 
face 1.0 56.0 281.0 65.0 294.0 
face 1.0 67.0 299.0 76.0 311.0 
face 1.0 58.0 317.0 66.0 329.0 
face 1.0 103.0 296.0 112.0 309.0 
face 1.0 119.0 295.0 129.0 307.0 
face 1.0 130.0 298.0 140.0 311.0 
face 1.0 76.0 277.0 85.0 288.0 
face 1.0 60.0 239.0 67.0 247.0 
face 1.0 77.0 239.0 85.0 249.0 
face 1.0 103.0 266.0 111.0 278.0 
face 1.0 115.0 259.0 122.0 270.0 
face 1.0 126.0 267.0 131.0 276.0 
face 1.0 154.0 270.0 161.0 282.0 
face 1.0 158.0 294.0 167.0 307.0 
face 1.0 197.0 300.0 206.0 310.0 
face 1.0 191.0 286.0 200.0 297.0 
face 1.0 221.0 308.0 230.0 321.0 
face 1.0 252.0 306.0 262.0 318.0 
face 1.0 224.0 281.0 230.0 292.0 
face 1.0 169.0 261.0 177.0 271.0 
face 1.0 192.0 229.0 199.0 239.0 
face 1.0 225.0 224.0 232.0 232.0 
face 1.0 294.0 283.0 302.0 294.0 
face 1.0 319.0 294.0 327.0 308.0 
face 1.0 338.0 288.0 347.0 301.0 
face 1.0 349.0 303.0 357.0 314.0 
face 1.0 281.0 251.0 288.0 261.0 
face 1.0 263.0 243.0 272.0 251.0 
face 1.0 347.0 276.0 355.0 288.0 
face 1.0 155.0 225.0 163.0 238.0 
face 1.0 373.0 289.0 380.0 300.0 
face 1.0 387.0 263.0 393.0 272.0 
face 1.0 409.0 259.0 418.0 269.0 
face 1.0 418.0 292.0 426.0 304.0 
face 1.0 419.0 276.0 426.0 287.0 
face 1.0 411.0 238.0 418.0 247.0 
face 1.0 444.0 238.0 451.0 246.0 
face 1.0 469.0 281.0 475.0 290.0 
face 1.0 455.0 317.0 465.0 330.0 
face 1.0 510.0 302.0 516.0 310.0 
face 1.0 519.0 299.0 527.0 309.0 
face 1.0 476.0 265.0 481.0 275.0 
face 1.0 492.0 253.0 498.0 261.0 
face 1.0 531.0 251.0 538.0 260.0 
face 1.0 526.0 236.0 533.0 245.0 
face 1.0 558.0 254.0 565.0 264.0 
face 1.0 578.0 256.0 587.0 266.0 
face 1.0 604.0 271.0 612.0 284.0 
face 1.0 598.0 287.0 605.0 297.0 
face 1.0 577.0 321.0 587.0 335.0 
face 1.0 707.0 317.0 717.0 331.0 
face 1.0 721.0 322.0 733.0 332.0 
face 1.0 744.0 258.0 752.0 268.0 
face 1.0 684.0 245.0 691.0 255.0 
face 1.0 670.0 248.0 679.0 260.0 
face 1.0 665.0 244.0 672.0 252.0 
face 1.0 836.0 281.0 847.0 294.0 
face 1.0 850.0 331.0 860.0 345.0 
face 1.0 888.0 329.0 898.0 343.0 
face 1.0 936.0 324.0 945.0 336.0 
face 1.0 797.0 293.0 803.0 304.0 
face 1.0 779.0 276.0 784.0 287.0 
face 1.0 784.0 224.0 791.0 236.0 
face 1.0 810.0 237.0 816.0 248.0 
face 1.0 870.0 252.0 877.0 263.0 
face 1.0 894.0 229.0 901.0 239.0 
face 1.0 927.0 224.0 935.0 234.0 
face 1.0 960.0 299.0 972.0 311.0 
face 1.0 960.0 216.0 969.0 227.0 
face 1.0 840.0 262.0 848.0 272.0 
face 1.0 932.0 208.0 940.0 219.0 
face 1.0 976.0 252.0 985.0 266.0 
face 1.0 991.0 235.0 999.0 245.0 
face 1.0 976.0 222.0 983.0 232.0 
face 1.0 980.0 201.0 988.0 213.0 
face 1.0 998.0 278.0 1006.0 289.0 
face 1.0 994.0 199.0 1000.0 208.0 
face 1.0 1015.0 105.0 1021.0 114.0 
face 1.0 998.0 118.0 1005.0 126.0 
face 1.0 1003.0 109.0 1009.0 119.0 
face 1.0 984.0 106.0 991.0 115.0 
face 1.0 972.0 142.0 980.0 153.0 
face 1.0 943.0 137.0 950.0 146.0 
face 1.0 873.0 142.0 881.0 151.0 
face 1.0 870.0 178.0 877.0 189.0 
face 1.0 907.0 114.0 914.0 124.0 
face 1.0 922.0 87.0 929.0 96.0 
face 1.0 971.0 80.0 977.0 88.0 
face 1.0 997.0 57.0 1004.0 67.0 
face 1.0 955.0 44.0 961.0 52.0 
face 1.0 926.0 63.0 933.0 73.0 
face 1.0 896.0 32.0 901.0 41.0 
face 1.0 886.0 39.0 892.0 46.0 
face 1.0 855.0 55.0 861.0 63.0 
face 1.0 864.0 93.0 869.0 102.0 
face 1.0 831.0 161.0 840.0 171.0 
face 1.0 807.0 106.0 814.0 115.0 
face 1.0 818.0 80.0 825.0 90.0 
face 1.0 828.0 62.0 835.0 72.0 
face 1.0 792.0 57.0 799.0 66.0 
face 1.0 779.0 93.0 785.0 100.0 
face 1.0 779.0 134.0 788.0 143.0 
face 1.0 755.0 146.0 764.0 156.0 
face 1.0 695.0 138.0 702.0 147.0 
face 1.0 724.0 167.0 734.0 176.0 
face 1.0 763.0 83.0 769.0 91.0 
face 1.0 753.0 61.0 759.0 69.0 
face 1.0 739.0 65.0 745.0 74.0 
face 1.0 723.0 41.0 729.0 48.0 
face 1.0 735.0 79.0 742.0 86.0 
face 1.0 739.0 112.0 748.0 122.0 
face 1.0 799.0 101.0 805.0 111.0 
face 1.0 761.0 134.0 769.0 144.0 
face 1.0 673.0 127.0 681.0 136.0 
face 1.0 678.0 61.0 683.0 68.0 
face 1.0 671.0 70.0 677.0 78.0 
face 1.0 643.0 56.0 650.0 64.0 
face 1.0 642.0 81.0 648.0 88.0 
face 1.0 625.0 57.0 632.0 66.0 
face 1.0 589.0 85.0 596.0 92.0 
face 1.0 616.0 111.0 622.0 119.0 
face 1.0 639.0 133.0 645.0 140.0 
face 1.0 617.0 131.0 623.0 141.0 
face 1.0 628.0 170.0 635.0 179.0 
face 1.0 582.0 147.0 590.0 155.0 
face 1.0 579.0 159.0 586.0 169.0 
face 1.0 578.0 127.0 587.0 137.0 
face 1.0 598.0 106.0 606.0 115.0 
face 1.0 592.0 97.0 599.0 105.0 
face 1.0 564.0 87.0 572.0 95.0 
face 1.0 560.0 67.0 567.0 76.0 
face 1.0 548.0 68.0 555.0 76.0 
face 1.0 555.0 35.0 561.0 42.0 
face 1.0 549.0 141.0 556.0 151.0 
face 1.0 558.0 159.0 564.0 168.0 
face 1.0 750.0 183.0 759.0 192.0 
face 1.0 698.0 182.0 706.0 193.0 
face 1.0 662.0 182.0 669.0 192.0 
face 1.0 619.0 181.0 626.0 191.0 
face 1.0 590.0 195.0 598.0 203.0 
face 1.0 528.0 164.0 536.0 172.0 
face 1.0 524.0 175.0 532.0 184.0 
face 1.0 527.0 140.0 533.0 149.0 
face 1.0 535.0 94.0 542.0 102.0 
face 1.0 515.0 106.0 521.0 114.0 
face 1.0 485.0 102.0 492.0 112.0 
face 1.0 479.0 114.0 485.0 123.0 
face 1.0 473.0 138.0 479.0 146.0 
face 1.0 455.0 117.0 461.0 125.0 
face 1.0 439.0 128.0 447.0 137.0 
face 1.0 441.0 109.0 447.0 119.0 
face 1.0 517.0 80.0 523.0 87.0 
face 1.0 527.0 61.0 532.0 69.0 
face 1.0 495.0 73.0 503.0 81.0 
face 1.0 491.0 61.0 498.0 70.0 
face 1.0 469.0 68.0 474.0 76.0 
face 1.0 455.0 79.0 460.0 87.0 
face 1.0 437.0 64.0 443.0 72.0 
face 1.0 428.0 57.0 435.0 65.0 
face 1.0 425.0 82.0 432.0 93.0 
face 1.0 389.0 82.0 396.0 90.0 
face 1.0 403.0 42.0 408.0 49.0 
face 1.0 361.0 40.0 367.0 48.0 
face 1.0 404.0 161.0 410.0 169.0 
face 1.0 392.0 162.0 398.0 169.0 
face 1.0 313.0 46.0 319.0 52.0 
face 1.0 301.0 73.0 308.0 81.0 
face 1.0 298.0 106.0 304.0 114.0 
face 1.0 422.0 177.0 429.0 186.0 
face 1.0 419.0 197.0 426.0 205.0 
face 1.0 416.0 212.0 423.0 223.0 
face 1.0 353.0 202.0 361.0 211.0 
face 1.0 279.0 205.0 285.0 213.0 
face 1.0 361.0 142.0 368.0 151.0 
face 1.0 289.0 114.0 296.0 123.0 
face 1.0 266.0 102.0 272.0 110.0 
face 1.0 276.0 89.0 282.0 97.0 
face 1.0 255.0 87.0 262.0 95.0 
face 1.0 222.0 100.0 229.0 108.0 
face 1.0 216.0 115.0 222.0 123.0 
face 1.0 183.0 123.0 189.0 132.0 
face 1.0 202.0 95.0 207.0 104.0 
face 1.0 171.0 85.0 178.0 92.0 
face 1.0 182.0 48.0 188.0 55.0 
face 1.0 245.0 61.0 251.0 68.0 
face 1.0 199.0 84.0 205.0 90.0 
face 1.0 276.0 58.0 282.0 66.0 
face 1.0 237.0 107.0 243.0 115.0 
face 1.0 212.0 139.0 218.0 147.0 
face 1.0 173.0 173.0 181.0 182.0 
face 1.0 162.0 65.0 167.0 73.0 
face 1.0 153.0 121.0 160.0 131.0 
face 1.0 151.0 170.0 158.0 179.0 
face 1.0 106.0 158.0 112.0 167.0 
face 1.0 125.0 121.0 132.0 129.0 
face 1.0 117.0 115.0 123.0 123.0 
face 1.0 122.0 99.0 129.0 108.0 
face 1.0 132.0 64.0 139.0 73.0 
face 1.0 117.0 63.0 124.0 71.0 
face 1.0 101.0 65.0 108.0 73.0 
face 1.0 89.0 62.0 97.0 69.0 
face 1.0 80.0 66.0 87.0 74.0 
face 1.0 67.0 100.0 73.0 108.0 
face 1.0 96.0 162.0 104.0 171.0 
face 1.0 74.0 185.0 81.0 195.0 
face 1.0 79.0 178.0 85.0 186.0 
face 1.0 57.0 159.0 62.0 168.0 
face 1.0 173.0 190.0 180.0 198.0 
face 1.0 197.0 200.0 203.0 208.0 
face 1.0 166.0 218.0 173.0 227.0 
face 1.0 129.0 197.0 137.0 206.0 
face 1.0 60.0 177.0 65.0 185.0 
face 1.0 59.0 264.0 64.0 273.0 
face 1.0 59.0 60.0 66.0 69.0 
face 1.0 48.0 62.0 55.0 70.0 
face 1.0 18.0 98.0 25.0 106.0 
face 1.0 35.0 58.0 42.0 67.0 
face 1.0 10.0 63.0 18.0 70.0 
face 1.0 74.0 139.0 79.0 147.0 
face 1.0 60.0 118.0 67.0 125.0 
face 1.0 33.0 117.0 40.0 126.0 
face 1.0 14.0 113.0 20.0 122.0 
face 1.0 0.0 133.0 4.0 142.0 
face 1.0 19.0 178.0 25.0 188.0 
face 1.0 0.0 183.0 3.0 192.0 
face 1.0 147.0 211.0 155.0 223.0 
face 1.0 207.0 221.0 215.0 229.0 
face 1.0 140.0 185.0 146.0 194.0 
face 1.0 169.0 206.0 176.0 217.0 
face 1.0 259.0 103.0 266.0 111.0 
face 1.0 217.0 89.0 224.0 95.0 
face 1.0 491.0 230.0 499.0 238.0 
face 1.0 406.0 215.0 414.0 224.0 
face 1.0 640.0 303.0 650.0 316.0 
face 1.0 589.0 275.0 596.0 287.0 
face 1.0 728.0 83.0 736.0 93.0 
face 1.0 177.0 373.0 192.0 391.0 
face 1.0 139.0 381.0 162.0 403.0 
face 1.0 294.0 366.0 309.0 386.0 
face 1.0 894.0 139.0 902.0 148.0 
face 1.0 706.0 55.0 713.0 64.0 
face 1.0 719.0 89.0 724.0 96.0 
face 1.0 173.0 241.0 182.0 250.0 
face 1.0 404.0 231.0 409.0 238.0 
face 1.0 477.0 288.0 487.0 302.0 
