face 1.0 551.0 540.0 617.0 619.0 
face 1.0 630.0 514.0 691.0 589.0 
face 1.0 740.0 508.0 808.0 574.0 
face 1.0 918.0 559.0 983.0 643.0 
face 1.0 265.0 492.0 331.0 581.0 
face 1.0 62.0 534.0 132.0 631.0 
face 1.0 228.0 636.0 295.0 671.0 
face 1.0 772.0 120.0 812.0 163.0 
face 1.0 602.0 115.0 637.0 168.0 
face 1.0 683.0 34.0 718.0 70.0 
face 1.0 461.0 77.0 506.0 115.0 
face 1.0 371.0 73.0 407.0 112.0 
face 1.0 239.0 91.0 274.0 130.0 
face 1.0 142.0 64.0 176.0 104.0 
face 1.0 76.0 79.0 118.0 121.0 
face 1.0 0.0 94.0 27.0 131.0 
face 1.0 460.0 157.0 499.0 196.0 
