face 1.0 331.0 519.0 345.0 538.0 
face 1.0 381.0 477.0 395.0 490.0 
face 1.0 376.0 514.0 388.0 530.0 
face 1.0 302.0 610.0 317.0 628.0 
face 1.0 331.0 606.0 352.0 632.0 
face 1.0 325.0 645.0 341.0 663.0 
face 1.0 375.0 631.0 395.0 656.0 
face 1.0 364.0 602.0 378.0 617.0 
face 1.0 378.0 572.0 393.0 588.0 
face 1.0 412.0 562.0 430.0 584.0 
face 1.0 429.0 624.0 449.0 644.0 
face 1.0 445.0 613.0 462.0 622.0 
face 1.0 434.0 593.0 448.0 610.0 
face 1.0 412.0 658.0 433.0 672.0 
face 1.0 453.0 643.0 470.0 662.0 
face 1.0 481.0 642.0 497.0 655.0 
face 1.0 491.0 634.0 508.0 647.0 
face 1.0 521.0 634.0 529.0 645.0 
face 1.0 530.0 617.0 548.0 644.0 
face 1.0 507.0 576.0 521.0 595.0 
face 1.0 521.0 573.0 541.0 598.0 
face 1.0 524.0 529.0 537.0 544.0 
face 1.0 547.0 527.0 563.0 544.0 
face 1.0 572.0 539.0 585.0 554.0 
face 1.0 560.0 499.0 573.0 520.0 
face 1.0 549.0 479.0 563.0 494.0 
face 1.0 415.0 481.0 427.0 495.0 
face 1.0 443.0 481.0 452.0 495.0 
face 1.0 453.0 487.0 464.0 503.0 
face 1.0 494.0 475.0 508.0 493.0 
face 1.0 512.0 502.0 525.0 519.0 
face 1.0 762.0 625.0 782.0 647.0 
face 1.0 802.0 646.0 821.0 668.0 
face 1.0 723.0 631.0 743.0 647.0 
face 1.0 697.0 592.0 713.0 605.0 
face 1.0 623.0 628.0 644.0 647.0 
face 1.0 657.0 642.0 683.0 663.0 
face 1.0 698.0 652.0 711.0 667.0 
face 1.0 745.0 636.0 766.0 670.0 
face 1.0 732.0 647.0 754.0 672.0 
face 1.0 625.0 612.0 643.0 626.0 
face 1.0 603.0 664.0 631.0 672.0 
face 1.0 302.0 664.0 325.0 672.0 
face 1.0 897.0 284.0 905.0 294.0 
face 1.0 933.0 284.0 943.0 294.0 
face 1.0 929.0 312.0 938.0 322.0 
face 1.0 861.0 327.0 871.0 337.0 
face 1.0 929.0 327.0 939.0 336.0 
face 1.0 906.0 323.0 913.0 338.0 
face 1.0 554.0 420.0 564.0 432.0 
face 1.0 567.0 430.0 579.0 446.0 
face 1.0 986.0 262.0 995.0 277.0 
face 1.0 969.0 264.0 977.0 276.0 
face 1.0 681.0 164.0 686.0 172.0 
face 1.0 699.0 168.0 704.0 173.0 
face 1.0 702.0 154.0 707.0 159.0 
face 1.0 732.0 169.0 736.0 173.0 
face 1.0 518.0 283.0 525.0 292.0 
face 1.0 968.0 217.0 972.0 221.0 
face 1.0 974.0 216.0 981.0 225.0 
face 1.0 973.0 197.0 979.0 206.0 
face 1.0 784.0 265.0 794.0 274.0 
face 1.0 826.0 280.0 834.0 290.0 
face 1.0 821.0 275.0 829.0 284.0 
face 1.0 824.0 270.0 835.0 276.0 
face 1.0 807.0 278.0 815.0 288.0 
face 1.0 753.0 272.0 761.0 283.0 
face 1.0 871.0 240.0 879.0 249.0 
face 1.0 835.0 250.0 842.0 259.0 
face 1.0 685.0 253.0 692.0 264.0 
face 1.0 667.0 252.0 676.0 262.0 
face 1.0 654.0 197.0 660.0 206.0 
face 1.0 703.0 220.0 708.0 226.0 
face 1.0 674.0 211.0 680.0 222.0 
face 1.0 710.0 198.0 713.0 203.0 
face 1.0 702.0 203.0 708.0 209.0 
face 1.0 728.0 252.0 736.0 262.0 
face 1.0 720.0 258.0 728.0 267.0 
face 1.0 716.0 250.0 722.0 256.0 
face 1.0 721.0 244.0 724.0 248.0 
face 1.0 685.0 242.0 692.0 252.0 
face 1.0 695.0 246.0 704.0 254.0 
face 1.0 742.0 244.0 751.0 250.0 
face 1.0 727.0 234.0 735.0 244.0 
face 1.0 896.0 203.0 902.0 209.0 
face 1.0 756.0 172.0 759.0 175.0 
face 1.0 793.0 172.0 798.0 179.0 
face 1.0 791.0 175.0 796.0 184.0 
face 1.0 818.0 191.0 824.0 198.0 
face 1.0 865.0 182.0 871.0 186.0 
face 1.0 882.0 183.0 891.0 190.0 
face 1.0 806.0 169.0 812.0 175.0 
face 1.0 867.0 225.0 872.0 232.0 
face 1.0 880.0 225.0 885.0 230.0 
face 1.0 828.0 190.0 836.0 200.0 
face 1.0 844.0 201.0 851.0 207.0 
face 1.0 843.0 164.0 849.0 170.0 
face 1.0 805.0 298.0 816.0 304.0 
face 1.0 801.0 291.0 805.0 298.0 
face 1.0 233.0 463.0 247.0 481.0 
face 1.0 232.0 485.0 248.0 503.0 
face 1.0 157.0 545.0 171.0 565.0 
face 1.0 202.0 541.0 220.0 560.0 
face 1.0 137.0 583.0 159.0 608.0 
face 1.0 160.0 593.0 174.0 610.0 
face 1.0 181.0 617.0 200.0 633.0 
face 1.0 183.0 655.0 206.0 672.0 
face 1.0 218.0 625.0 237.0 643.0 
face 1.0 243.0 604.0 259.0 626.0 
face 1.0 205.0 587.0 218.0 607.0 
face 1.0 249.0 566.0 263.0 582.0 
face 1.0 280.0 526.0 296.0 543.0 
face 1.0 300.0 520.0 314.0 537.0 
face 1.0 302.0 561.0 320.0 579.0 
face 1.0 532.0 493.0 547.0 512.0 
face 1.0 595.0 545.0 606.0 552.0 
face 1.0 597.0 556.0 616.0 565.0 
face 1.0 616.0 526.0 632.0 548.0 
face 1.0 649.0 530.0 663.0 545.0 
face 1.0 686.0 505.0 703.0 523.0 
face 1.0 628.0 473.0 642.0 488.0 
face 1.0 638.0 486.0 651.0 506.0 
face 1.0 683.0 478.0 697.0 494.0 
face 1.0 724.0 475.0 738.0 491.0 
face 1.0 661.0 566.0 674.0 580.0 
face 1.0 674.0 546.0 683.0 560.0 
face 1.0 618.0 569.0 633.0 591.0 
face 1.0 654.0 603.0 670.0 621.0 
face 1.0 710.0 573.0 726.0 589.0 
face 1.0 741.0 547.0 758.0 569.0 
face 1.0 768.0 544.0 786.0 562.0 
face 1.0 778.0 523.0 795.0 540.0 
face 1.0 954.0 639.0 981.0 670.0 
face 1.0 930.0 643.0 947.0 667.0 
face 1.0 901.0 644.0 931.0 671.0 
face 1.0 956.0 592.0 972.0 612.0 
face 1.0 915.0 608.0 932.0 619.0 
face 1.0 911.0 578.0 925.0 595.0 
face 1.0 858.0 599.0 875.0 615.0 
face 1.0 843.0 631.0 867.0 659.0 
face 1.0 833.0 541.0 850.0 563.0 
face 1.0 807.0 567.0 821.0 591.0 
face 1.0 786.0 563.0 802.0 581.0 
face 1.0 756.0 576.0 773.0 599.0 
face 1.0 761.0 597.0 780.0 615.0 
face 1.0 739.0 228.0 747.0 237.0 
face 1.0 679.0 223.0 688.0 233.0 
face 1.0 684.0 215.0 694.0 225.0 
face 1.0 761.0 264.0 767.0 271.0 
face 1.0 769.0 265.0 775.0 271.0 
face 1.0 759.0 251.0 764.0 257.0 
face 1.0 769.0 237.0 777.0 245.0 
face 1.0 764.0 228.0 772.0 235.0 
face 1.0 791.0 232.0 798.0 239.0 
face 1.0 799.0 245.0 805.0 252.0 
face 1.0 796.0 239.0 802.0 246.0 
face 1.0 808.0 245.0 812.0 251.0 
face 1.0 738.0 192.0 743.0 197.0 
face 1.0 762.0 210.0 766.0 221.0 
face 1.0 779.0 205.0 787.0 214.0 
face 1.0 794.0 220.0 799.0 226.0 
face 1.0 825.0 241.0 831.0 247.0 
face 1.0 843.0 225.0 848.0 232.0 
face 1.0 847.0 245.0 852.0 250.0 
face 1.0 862.0 243.0 867.0 247.0 
face 1.0 889.0 233.0 895.0 239.0 
face 1.0 894.0 246.0 901.0 255.0 
face 1.0 932.0 248.0 939.0 255.0 
face 1.0 914.0 230.0 920.0 240.0 
face 1.0 935.0 209.0 941.0 216.0 
face 1.0 946.0 210.0 952.0 216.0 
face 1.0 947.0 192.0 952.0 196.0 
face 1.0 939.0 200.0 943.0 206.0 
face 1.0 925.0 187.0 929.0 193.0 
face 1.0 928.0 204.0 931.0 210.0 
face 1.0 890.0 191.0 895.0 197.0 
face 1.0 534.0 300.0 542.0 309.0 
face 1.0 455.0 398.0 468.0 411.0 
face 1.0 493.0 433.0 500.0 446.0 
face 1.0 502.0 442.0 515.0 451.0 
face 1.0 512.0 388.0 522.0 399.0 
face 1.0 549.0 398.0 560.0 413.0 
face 1.0 515.0 366.0 522.0 377.0 
face 1.0 559.0 357.0 571.0 370.0 
face 1.0 569.0 288.0 577.0 296.0 
face 1.0 578.0 330.0 588.0 343.0 
face 1.0 583.0 315.0 593.0 327.0 
face 1.0 542.0 259.0 548.0 268.0 
face 1.0 565.0 249.0 572.0 256.0 
face 1.0 859.0 292.0 868.0 302.0 
face 1.0 877.0 289.0 885.0 298.0 
face 1.0 592.0 458.0 605.0 474.0 
face 1.0 608.0 435.0 620.0 449.0 
face 1.0 644.0 464.0 656.0 476.0 
face 1.0 702.0 462.0 716.0 480.0 
face 1.0 555.0 384.0 568.0 399.0 
face 1.0 564.0 469.0 577.0 483.0 
face 1.0 601.0 382.0 612.0 395.0 
face 1.0 590.0 385.0 599.0 396.0 
face 1.0 657.0 334.0 665.0 341.0 
face 1.0 594.0 346.0 604.0 358.0 
face 1.0 623.0 378.0 634.0 391.0 
face 1.0 638.0 386.0 650.0 401.0 
face 1.0 673.0 370.0 685.0 384.0 
face 1.0 680.0 395.0 691.0 403.0 
face 1.0 687.0 419.0 699.0 437.0 
face 1.0 713.0 391.0 724.0 402.0 
face 1.0 740.0 397.0 749.0 410.0 
face 1.0 596.0 289.0 603.0 297.0 
face 1.0 601.0 278.0 607.0 286.0 
face 1.0 606.0 316.0 614.0 327.0 
face 1.0 613.0 288.0 620.0 297.0 
face 1.0 787.0 321.0 796.0 331.0 
face 1.0 804.0 303.0 812.0 315.0 
face 1.0 821.0 325.0 831.0 334.0 
face 1.0 682.0 352.0 692.0 364.0 
face 1.0 672.0 318.0 680.0 329.0 
face 1.0 583.0 231.0 590.0 239.0 
face 1.0 597.0 245.0 604.0 253.0 
face 1.0 654.0 275.0 663.0 286.0 
face 1.0 686.0 310.0 695.0 320.0 
face 1.0 679.0 300.0 688.0 311.0 
face 1.0 721.0 314.0 730.0 327.0 
face 1.0 686.0 283.0 693.0 292.0 
face 1.0 693.0 271.0 700.0 281.0 
face 1.0 751.0 287.0 759.0 297.0 
face 1.0 761.0 300.0 769.0 309.0 
face 1.0 771.0 297.0 781.0 305.0 
face 1.0 852.0 268.0 862.0 279.0 
face 1.0 610.0 250.0 617.0 259.0 
face 1.0 629.0 249.0 637.0 255.0 
face 1.0 964.0 234.0 970.0 240.0 
face 1.0 940.0 231.0 947.0 238.0 
face 1.0 953.0 218.0 960.0 225.0 
face 1.0 962.0 218.0 966.0 223.0 
face 1.0 851.0 218.0 862.0 231.0 
face 1.0 936.0 219.0 942.0 225.0 
face 1.0 792.0 282.0 798.0 287.0 
face 1.0 641.0 239.0 649.0 245.0 
face 1.0 570.0 302.0 577.0 308.0 
face 1.0 723.0 353.0 730.0 360.0 
face 1.0 747.0 324.0 754.0 331.0 
face 1.0 486.0 531.0 502.0 549.0 
face 1.0 413.0 529.0 428.0 550.0 
face 1.0 390.0 618.0 403.0 640.0 
face 1.0 281.0 594.0 299.0 620.0 
face 1.0 219.0 596.0 226.0 604.0 
face 1.0 831.0 577.0 845.0 595.0 
face 1.0 332.0 227.0 339.0 236.0 
face 1.0 680.0 205.0 685.0 213.0 
face 1.0 689.0 206.0 697.0 211.0 
face 1.0 975.0 254.0 981.0 260.0 
face 1.0 992.0 256.0 1000.0 266.0 
face 1.0 1002.0 259.0 1011.0 270.0 
face 1.0 888.0 273.0 894.0 280.0 
face 1.0 840.0 331.0 848.0 340.0 
face 1.0 918.0 332.0 924.0 339.0 
face 1.0 780.0 253.0 785.0 260.0 
face 1.0 735.0 271.0 743.0 280.0 
face 1.0 817.0 204.0 824.0 212.0 
face 1.0 774.0 188.0 784.0 199.0 
face 1.0 740.0 200.0 748.0 208.0 
face 1.0 766.0 192.0 773.0 203.0 
face 1.0 789.0 200.0 794.0 209.0 
face 1.0 871.0 192.0 879.0 204.0 
face 1.0 885.0 204.0 891.0 211.0 
face 1.0 889.0 218.0 894.0 224.0 
face 1.0 897.0 217.0 901.0 223.0 
face 1.0 921.0 200.0 927.0 207.0 
face 1.0 912.0 197.0 918.0 203.0 
face 1.0 903.0 208.0 908.0 216.0 
face 1.0 956.0 209.0 960.0 214.0 
face 1.0 956.0 244.0 962.0 251.0 
face 1.0 953.0 249.0 959.0 255.0 
face 1.0 865.0 213.0 870.0 219.0 
face 1.0 836.0 203.0 842.0 210.0 
face 1.0 855.0 191.0 860.0 198.0 
face 1.0 841.0 191.0 847.0 197.0 
face 1.0 807.0 219.0 813.0 226.0 
face 1.0 795.0 205.0 800.0 213.0 
face 1.0 828.0 208.0 836.0 220.0 
face 1.0 776.0 219.0 784.0 228.0 
face 1.0 765.0 251.0 773.0 260.0 
face 1.0 776.0 249.0 783.0 258.0 
face 1.0 735.0 208.0 747.0 224.0 
face 1.0 755.0 205.0 763.0 216.0 
face 1.0 750.0 156.0 757.0 167.0 
face 1.0 800.0 149.0 805.0 154.0 
face 1.0 812.0 158.0 818.0 164.0 
face 1.0 820.0 232.0 824.0 237.0 
face 1.0 804.0 235.0 808.0 240.0 
face 1.0 929.0 228.0 933.0 234.0 
face 1.0 931.0 221.0 935.0 226.0 
face 1.0 1016.0 225.0 1021.0 233.0 
face 1.0 655.0 222.0 661.0 228.0 
face 1.0 689.0 167.0 695.0 174.0 
face 1.0 668.0 175.0 672.0 181.0 
face 1.0 768.0 174.0 774.0 180.0 
face 1.0 746.0 177.0 750.0 183.0 
face 1.0 777.0 157.0 780.0 162.0 
face 1.0 974.0 154.0 977.0 159.0 
face 1.0 694.0 145.0 701.0 152.0 
face 1.0 207.0 638.0 218.0 654.0 
face 1.0 844.0 614.0 859.0 627.0 
face 1.0 464.0 552.0 474.0 566.0 
face 1.0 840.0 306.0 847.0 311.0 
face 1.0 1000.0 220.0 1006.0 227.0 
face 1.0 692.0 300.0 699.0 307.0 
face 1.0 968.0 489.0 982.0 503.0 
face 1.0 30.0 660.0 53.0 672.0 
