face 1.0 58.0 59.0 64.0 65.0 
face 1.0 101.0 61.0 107.0 68.0 
face 1.0 121.0 64.0 126.0 70.0 
face 1.0 153.0 71.0 159.0 78.0 
face 1.0 151.0 84.0 155.0 89.0 
face 1.0 57.0 84.0 61.0 91.0 
face 1.0 122.0 80.0 128.0 88.0 
face 1.0 135.0 95.0 141.0 103.0 
face 1.0 118.0 120.0 123.0 128.0 
face 1.0 108.0 117.0 113.0 126.0 
face 1.0 97.0 119.0 102.0 127.0 
face 1.0 59.0 118.0 64.0 127.0 
face 1.0 45.0 130.0 51.0 137.0 
face 1.0 148.0 117.0 154.0 125.0 
face 1.0 111.0 152.0 117.0 160.0 
face 1.0 114.0 172.0 122.0 179.0 
face 1.0 149.0 160.0 156.0 168.0 
face 1.0 91.0 178.0 98.0 188.0 
face 1.0 62.0 180.0 67.0 187.0 
face 1.0 36.0 115.0 40.0 121.0 
face 1.0 38.0 180.0 44.0 190.0 
face 1.0 52.0 187.0 59.0 196.0 
face 1.0 1.0 207.0 7.0 216.0 
face 1.0 13.0 207.0 16.0 213.0 
face 1.0 0.0 180.0 3.0 189.0 
face 1.0 100.0 74.0 107.0 83.0 
face 1.0 172.0 107.0 177.0 114.0 
face 1.0 184.0 83.0 190.0 91.0 
face 1.0 201.0 84.0 207.0 90.0 
face 1.0 194.0 137.0 202.0 146.0 
face 1.0 183.0 167.0 189.0 174.0 
face 1.0 195.0 167.0 200.0 173.0 
face 1.0 122.0 168.0 127.0 176.0 
face 1.0 140.0 161.0 145.0 169.0 
face 1.0 247.0 61.0 252.0 67.0 
face 1.0 211.0 80.0 218.0 88.0 
face 1.0 231.0 80.0 236.0 86.0 
face 1.0 242.0 80.0 247.0 86.0 
face 1.0 232.0 92.0 237.0 99.0 
face 1.0 237.0 113.0 242.0 121.0 
face 1.0 209.0 135.0 216.0 144.0 
face 1.0 246.0 86.0 251.0 94.0 
face 1.0 250.0 83.0 255.0 91.0 
face 1.0 268.0 82.0 273.0 90.0 
face 1.0 272.0 77.0 276.0 85.0 
face 1.0 288.0 74.0 292.0 81.0 
face 1.0 295.0 77.0 299.0 85.0 
face 1.0 303.0 83.0 307.0 91.0 
face 1.0 313.0 78.0 318.0 88.0 
face 1.0 309.0 89.0 314.0 95.0 
face 1.0 289.0 97.0 293.0 105.0 
face 1.0 266.0 94.0 272.0 102.0 
face 1.0 305.0 97.0 310.0 105.0 
face 1.0 321.0 83.0 326.0 90.0 
face 1.0 331.0 82.0 335.0 87.0 
face 1.0 340.0 79.0 345.0 85.0 
face 1.0 347.0 78.0 351.0 83.0 
face 1.0 323.0 100.0 327.0 106.0 
face 1.0 349.0 98.0 353.0 104.0 
face 1.0 371.0 80.0 375.0 86.0 
face 1.0 379.0 82.0 384.0 89.0 
face 1.0 391.0 78.0 395.0 85.0 
face 1.0 414.0 85.0 419.0 91.0 
face 1.0 414.0 78.0 418.0 84.0 
face 1.0 386.0 90.0 391.0 98.0 
face 1.0 389.0 106.0 394.0 112.0 
face 1.0 377.0 132.0 383.0 141.0 
face 1.0 398.0 141.0 404.0 149.0 
face 1.0 409.0 129.0 415.0 136.0 
face 1.0 380.0 163.0 386.0 169.0 
face 1.0 360.0 163.0 366.0 169.0 
face 1.0 349.0 175.0 356.0 181.0 
face 1.0 510.0 70.0 515.0 77.0 
face 1.0 504.0 63.0 509.0 70.0 
face 1.0 498.0 73.0 504.0 80.0 
face 1.0 509.0 85.0 513.0 91.0 
face 1.0 485.0 92.0 492.0 98.0 
face 1.0 493.0 79.0 497.0 87.0 
face 1.0 479.0 77.0 483.0 84.0 
face 1.0 483.0 72.0 487.0 77.0 
face 1.0 463.0 79.0 468.0 85.0 
face 1.0 463.0 70.0 467.0 74.0 
face 1.0 453.0 81.0 459.0 87.0 
face 1.0 444.0 72.0 447.0 77.0 
face 1.0 441.0 81.0 445.0 85.0 
face 1.0 431.0 85.0 435.0 89.0 
face 1.0 429.0 74.0 433.0 81.0 
face 1.0 445.0 101.0 451.0 110.0 
face 1.0 475.0 104.0 480.0 111.0 
face 1.0 512.0 152.0 518.0 159.0 
face 1.0 501.0 158.0 508.0 165.0 
face 1.0 488.0 151.0 495.0 159.0 
face 1.0 471.0 154.0 478.0 160.0 
face 1.0 439.0 142.0 445.0 149.0 
face 1.0 452.0 172.0 460.0 182.0 
face 1.0 423.0 167.0 431.0 176.0 
face 1.0 502.0 143.0 507.0 151.0 
face 1.0 531.0 132.0 537.0 140.0 
face 1.0 521.0 152.0 529.0 163.0 
face 1.0 523.0 130.0 528.0 138.0 
face 1.0 525.0 89.0 530.0 96.0 
face 1.0 542.0 90.0 545.0 95.0 
face 1.0 524.0 74.0 529.0 83.0 
face 1.0 554.0 76.0 558.0 82.0 
face 1.0 543.0 79.0 547.0 84.0 
face 1.0 538.0 82.0 542.0 87.0 
face 1.0 472.0 88.0 477.0 94.0 
face 1.0 456.0 92.0 460.0 99.0 
face 1.0 440.0 89.0 445.0 96.0 
face 1.0 432.0 95.0 437.0 101.0 
face 1.0 439.0 102.0 444.0 110.0 
face 1.0 462.0 127.0 467.0 134.0 
face 1.0 479.0 127.0 482.0 133.0 
face 1.0 478.0 136.0 481.0 141.0 
face 1.0 479.0 151.0 483.0 157.0 
face 1.0 404.0 162.0 411.0 172.0 
face 1.0 405.0 185.0 411.0 195.0 
face 1.0 440.0 197.0 447.0 207.0 
face 1.0 447.0 207.0 454.0 216.0 
face 1.0 479.0 210.0 487.0 219.0 
face 1.0 453.0 220.0 461.0 229.0 
face 1.0 510.0 189.0 515.0 197.0 
face 1.0 542.0 189.0 548.0 198.0 
face 1.0 535.0 190.0 541.0 199.0 
face 1.0 446.0 155.0 452.0 163.0 
face 1.0 528.0 62.0 534.0 69.0 
face 1.0 541.0 61.0 546.0 66.0 
face 1.0 556.0 41.0 560.0 47.0 
face 1.0 567.0 69.0 572.0 76.0 
face 1.0 571.0 87.0 575.0 92.0 
face 1.0 526.0 33.0 531.0 40.0 
face 1.0 487.0 44.0 493.0 50.0 
face 1.0 484.0 31.0 489.0 37.0 
face 1.0 462.0 40.0 467.0 45.0 
face 1.0 466.0 33.0 471.0 40.0 
face 1.0 510.0 15.0 514.0 22.0 
face 1.0 529.0 41.0 533.0 47.0 
face 1.0 408.0 64.0 414.0 72.0 
face 1.0 377.0 64.0 383.0 73.0 
face 1.0 395.0 65.0 399.0 72.0 
face 1.0 390.0 41.0 394.0 48.0 
face 1.0 577.0 47.0 582.0 52.0 
face 1.0 589.0 56.0 593.0 62.0 
face 1.0 603.0 50.0 608.0 56.0 
face 1.0 596.0 60.0 600.0 65.0 
face 1.0 611.0 63.0 615.0 68.0 
face 1.0 584.0 85.0 588.0 91.0 
face 1.0 607.0 70.0 611.0 75.0 
face 1.0 632.0 70.0 636.0 76.0 
face 1.0 655.0 81.0 659.0 88.0 
face 1.0 652.0 115.0 658.0 120.0 
face 1.0 631.0 117.0 637.0 124.0 
face 1.0 620.0 118.0 625.0 125.0 
face 1.0 614.0 113.0 617.0 119.0 
face 1.0 661.0 132.0 666.0 140.0 
face 1.0 653.0 127.0 659.0 136.0 
face 1.0 641.0 132.0 646.0 139.0 
face 1.0 658.0 152.0 663.0 161.0 
face 1.0 637.0 161.0 644.0 169.0 
face 1.0 638.0 147.0 643.0 154.0 
face 1.0 625.0 138.0 629.0 145.0 
face 1.0 617.0 149.0 623.0 157.0 
face 1.0 612.0 127.0 617.0 134.0 
face 1.0 607.0 134.0 613.0 141.0 
face 1.0 588.0 129.0 592.0 136.0 
face 1.0 573.0 136.0 579.0 142.0 
face 1.0 595.0 165.0 602.0 172.0 
face 1.0 585.0 158.0 592.0 164.0 
face 1.0 575.0 147.0 580.0 155.0 
face 1.0 568.0 161.0 572.0 166.0 
face 1.0 550.0 141.0 555.0 148.0 
face 1.0 592.0 143.0 596.0 148.0 
face 1.0 686.0 79.0 692.0 85.0 
face 1.0 707.0 80.0 712.0 86.0 
face 1.0 683.0 90.0 687.0 96.0 
face 1.0 693.0 104.0 698.0 112.0 
face 1.0 714.0 90.0 719.0 98.0 
face 1.0 720.0 103.0 724.0 109.0 
face 1.0 727.0 104.0 730.0 109.0 
face 1.0 743.0 113.0 748.0 120.0 
face 1.0 746.0 108.0 751.0 117.0 
face 1.0 735.0 132.0 743.0 138.0 
face 1.0 775.0 71.0 779.0 79.0 
face 1.0 787.0 96.0 792.0 103.0 
face 1.0 773.0 113.0 780.0 120.0 
face 1.0 773.0 138.0 779.0 147.0 
face 1.0 769.0 160.0 775.0 170.0 
face 1.0 781.0 179.0 787.0 188.0 
face 1.0 759.0 157.0 765.0 168.0 
face 1.0 688.0 125.0 695.0 135.0 
face 1.0 680.0 134.0 686.0 143.0 
face 1.0 691.0 138.0 695.0 145.0 
face 1.0 690.0 155.0 697.0 163.0 
face 1.0 677.0 148.0 683.0 157.0 
face 1.0 656.0 164.0 661.0 171.0 
face 1.0 668.0 171.0 675.0 181.0 
face 1.0 675.0 184.0 680.0 192.0 
face 1.0 682.0 185.0 687.0 193.0 
face 1.0 703.0 170.0 707.0 177.0 
face 1.0 746.0 195.0 753.0 205.0 
face 1.0 726.0 204.0 734.0 213.0 
face 1.0 794.0 82.0 798.0 90.0 
face 1.0 815.0 82.0 820.0 89.0 
face 1.0 833.0 89.0 839.0 97.0 
face 1.0 869.0 75.0 874.0 82.0 
face 1.0 884.0 74.0 890.0 81.0 
face 1.0 891.0 56.0 895.0 65.0 
face 1.0 876.0 85.0 881.0 93.0 
face 1.0 895.0 81.0 900.0 90.0 
face 1.0 889.0 88.0 894.0 94.0 
face 1.0 852.0 101.0 859.0 108.0 
face 1.0 888.0 109.0 894.0 117.0 
face 1.0 876.0 121.0 884.0 130.0 
face 1.0 864.0 115.0 870.0 123.0 
face 1.0 838.0 115.0 844.0 121.0 
face 1.0 887.0 134.0 893.0 140.0 
face 1.0 899.0 154.0 904.0 164.0 
face 1.0 890.0 160.0 895.0 169.0 
face 1.0 898.0 167.0 905.0 176.0 
face 1.0 867.0 181.0 873.0 190.0 
face 1.0 872.0 210.0 880.0 218.0 
face 1.0 843.0 209.0 850.0 220.0 
face 1.0 835.0 182.0 841.0 190.0 
face 1.0 837.0 172.0 843.0 181.0 
face 1.0 833.0 156.0 838.0 165.0 
face 1.0 838.0 151.0 844.0 158.0 
face 1.0 832.0 151.0 838.0 157.0 
face 1.0 810.0 113.0 818.0 126.0 
face 1.0 805.0 137.0 811.0 144.0 
face 1.0 809.0 158.0 815.0 166.0 
face 1.0 812.0 178.0 820.0 188.0 
face 1.0 796.0 177.0 802.0 186.0 
face 1.0 793.0 193.0 801.0 202.0 
face 1.0 762.0 212.0 770.0 224.0 
face 1.0 980.0 44.0 985.0 51.0 
face 1.0 962.0 51.0 968.0 61.0 
face 1.0 936.0 46.0 940.0 51.0 
face 1.0 926.0 59.0 930.0 65.0 
face 1.0 908.0 45.0 912.0 52.0 
face 1.0 1011.0 88.0 1017.0 94.0 
face 1.0 978.0 79.0 984.0 88.0 
face 1.0 967.0 81.0 974.0 90.0 
face 1.0 1013.0 120.0 1018.0 129.0 
face 1.0 961.0 80.0 965.0 86.0 
face 1.0 949.0 75.0 954.0 83.0 
face 1.0 941.0 81.0 946.0 88.0 
face 1.0 929.0 80.0 934.0 88.0 
face 1.0 919.0 76.0 924.0 84.0 
face 1.0 916.0 89.0 921.0 94.0 
face 1.0 974.0 112.0 978.0 119.0 
face 1.0 928.0 119.0 932.0 127.0 
face 1.0 902.0 142.0 907.0 149.0 
face 1.0 939.0 146.0 947.0 154.0 
face 1.0 967.0 147.0 972.0 154.0 
face 1.0 958.0 149.0 963.0 156.0 
face 1.0 921.0 139.0 927.0 147.0 
face 1.0 923.0 116.0 927.0 123.0 
face 1.0 885.0 155.0 888.0 160.0 
face 1.0 922.0 182.0 930.0 191.0 
face 1.0 974.0 179.0 980.0 188.0 
face 1.0 1007.0 199.0 1015.0 209.0 
face 1.0 949.0 203.0 957.0 211.0 
face 1.0 998.0 242.0 1004.0 252.0 
face 1.0 1019.0 241.0 1023.0 250.0 
face 1.0 1001.0 257.0 1007.0 265.0 
face 1.0 1008.0 266.0 1017.0 275.0 
face 1.0 1001.0 279.0 1010.0 288.0 
face 1.0 1008.0 302.0 1018.0 314.0 
face 1.0 1015.0 276.0 1024.0 288.0 
face 1.0 976.0 231.0 985.0 240.0 
face 1.0 969.0 247.0 978.0 258.0 
face 1.0 955.0 233.0 963.0 243.0 
face 1.0 929.0 235.0 938.0 246.0 
face 1.0 947.0 248.0 956.0 258.0 
face 1.0 942.0 253.0 948.0 261.0 
face 1.0 942.0 272.0 950.0 282.0 
face 1.0 919.0 266.0 929.0 275.0 
face 1.0 944.0 295.0 953.0 308.0 
face 1.0 968.0 326.0 976.0 337.0 
face 1.0 928.0 292.0 938.0 306.0 
face 1.0 918.0 279.0 927.0 292.0 
face 1.0 896.0 265.0 904.0 276.0 
face 1.0 883.0 276.0 892.0 288.0 
face 1.0 849.0 219.0 855.0 228.0 
face 1.0 871.0 220.0 878.0 230.0 
face 1.0 870.0 247.0 880.0 259.0 
face 1.0 860.0 265.0 869.0 278.0 
face 1.0 901.0 278.0 908.0 288.0 
face 1.0 910.0 281.0 918.0 292.0 
face 1.0 873.0 310.0 881.0 321.0 
face 1.0 911.0 322.0 919.0 335.0 
face 1.0 857.0 226.0 862.0 233.0 
face 1.0 862.0 233.0 868.0 240.0 
face 1.0 855.0 236.0 863.0 248.0 
face 1.0 827.0 294.0 837.0 305.0 
face 1.0 877.0 270.0 881.0 277.0 
face 1.0 828.0 218.0 832.0 226.0 
face 1.0 820.0 221.0 826.0 231.0 
face 1.0 829.0 237.0 833.0 245.0 
face 1.0 834.0 251.0 842.0 261.0 
face 1.0 808.0 227.0 813.0 233.0 
face 1.0 767.0 246.0 775.0 257.0 
face 1.0 750.0 245.0 758.0 257.0 
face 1.0 755.0 255.0 761.0 264.0 
face 1.0 782.0 267.0 789.0 276.0 
face 1.0 771.0 271.0 782.0 284.0 
face 1.0 756.0 270.0 765.0 282.0 
face 1.0 741.0 271.0 749.0 282.0 
face 1.0 846.0 319.0 855.0 329.0 
face 1.0 844.0 328.0 854.0 342.0 
face 1.0 799.0 306.0 808.0 318.0 
face 1.0 791.0 318.0 798.0 330.0 
face 1.0 797.0 329.0 807.0 341.0 
face 1.0 789.0 300.0 795.0 312.0 
face 1.0 764.0 313.0 772.0 328.0 
face 1.0 751.0 329.0 758.0 337.0 
face 1.0 741.0 319.0 749.0 330.0 
face 1.0 748.0 319.0 756.0 330.0 
face 1.0 738.0 295.0 746.0 308.0 
face 1.0 765.0 301.0 773.0 312.0 
face 1.0 902.0 334.0 913.0 350.0 
face 1.0 860.0 353.0 870.0 366.0 
face 1.0 948.0 326.0 957.0 339.0 
face 1.0 933.0 337.0 944.0 352.0 
face 1.0 958.0 336.0 966.0 344.0 
face 1.0 936.0 350.0 946.0 365.0 
face 1.0 946.0 367.0 955.0 383.0 
face 1.0 997.0 405.0 1007.0 421.0 
face 1.0 1004.0 412.0 1014.0 426.0 
face 1.0 1013.0 462.0 1022.0 484.0 
face 1.0 959.0 466.0 971.0 481.0 
face 1.0 924.0 405.0 938.0 424.0 
face 1.0 928.0 426.0 937.0 442.0 
face 1.0 904.0 413.0 913.0 429.0 
face 1.0 881.0 376.0 892.0 391.0 
face 1.0 881.0 436.0 892.0 453.0 
face 1.0 867.0 458.0 877.0 473.0 
face 1.0 557.0 93.0 562.0 100.0 
face 1.0 546.0 97.0 551.0 103.0 
face 1.0 507.0 115.0 513.0 122.0 
face 1.0 582.0 176.0 588.0 184.0 
face 1.0 599.0 187.0 607.0 200.0 
face 1.0 950.0 90.0 956.0 100.0 
face 1.0 955.0 273.0 961.0 283.0 
face 1.0 956.0 608.0 973.0 633.0 
face 1.0 964.0 631.0 984.0 653.0 
face 1.0 765.0 347.0 775.0 360.0 
face 1.0 790.0 354.0 797.0 363.0 
face 1.0 819.0 357.0 830.0 370.0 
face 1.0 825.0 375.0 836.0 389.0 
face 1.0 822.0 401.0 832.0 416.0 
face 1.0 812.0 412.0 823.0 428.0 
face 1.0 791.0 386.0 800.0 398.0 
face 1.0 779.0 370.0 784.0 379.0 
face 1.0 768.0 380.0 779.0 395.0 
face 1.0 771.0 388.0 783.0 403.0 
face 1.0 783.0 392.0 792.0 406.0 
face 1.0 789.0 404.0 796.0 414.0 
face 1.0 768.0 413.0 779.0 428.0 
face 1.0 788.0 421.0 801.0 434.0 
face 1.0 778.0 434.0 791.0 451.0 
face 1.0 741.0 415.0 754.0 433.0 
face 1.0 794.0 458.0 808.0 477.0 
face 1.0 826.0 451.0 839.0 468.0 
face 1.0 813.0 476.0 826.0 493.0 
face 1.0 740.0 457.0 753.0 472.0 
face 1.0 558.0 155.0 564.0 162.0 
face 1.0 591.0 154.0 595.0 160.0 
face 1.0 638.0 192.0 646.0 201.0 
face 1.0 646.0 207.0 651.0 212.0 
face 1.0 660.0 220.0 667.0 229.0 
face 1.0 682.0 221.0 690.0 230.0 
face 1.0 696.0 219.0 703.0 229.0 
face 1.0 721.0 219.0 726.0 229.0 
face 1.0 708.0 232.0 716.0 243.0 
face 1.0 693.0 246.0 701.0 257.0 
face 1.0 726.0 255.0 734.0 265.0 
face 1.0 719.0 262.0 728.0 272.0 
face 1.0 715.0 273.0 722.0 283.0 
face 1.0 723.0 285.0 732.0 298.0 
face 1.0 706.0 285.0 711.0 293.0 
face 1.0 688.0 284.0 697.0 296.0 
face 1.0 686.0 260.0 695.0 269.0 
face 1.0 671.0 257.0 677.0 265.0 
face 1.0 669.0 273.0 677.0 283.0 
face 1.0 682.0 275.0 687.0 285.0 
face 1.0 676.0 297.0 686.0 309.0 
face 1.0 669.0 301.0 681.0 313.0 
face 1.0 669.0 308.0 679.0 321.0 
face 1.0 673.0 328.0 683.0 341.0 
face 1.0 702.0 313.0 712.0 326.0 
face 1.0 720.0 317.0 727.0 327.0 
face 1.0 705.0 305.0 713.0 313.0 
face 1.0 708.0 328.0 717.0 341.0 
face 1.0 592.0 214.0 601.0 225.0 
face 1.0 618.0 234.0 625.0 246.0 
face 1.0 633.0 254.0 639.0 264.0 
face 1.0 650.0 233.0 657.0 242.0 
face 1.0 663.0 255.0 669.0 263.0 
face 1.0 639.0 266.0 647.0 276.0 
face 1.0 649.0 277.0 657.0 287.0 
face 1.0 654.0 317.0 663.0 332.0 
face 1.0 644.0 321.0 655.0 332.0 
face 1.0 647.0 301.0 655.0 310.0 
face 1.0 654.0 294.0 660.0 306.0 
face 1.0 628.0 286.0 635.0 299.0 
face 1.0 637.0 288.0 645.0 296.0 
face 1.0 620.0 256.0 627.0 266.0 
face 1.0 619.0 272.0 626.0 281.0 
face 1.0 619.0 282.0 626.0 293.0 
face 1.0 617.0 300.0 626.0 312.0 
face 1.0 608.0 313.0 618.0 327.0 
face 1.0 601.0 308.0 611.0 320.0 
face 1.0 607.0 269.0 615.0 280.0 
face 1.0 596.0 269.0 606.0 281.0 
face 1.0 581.0 251.0 589.0 263.0 
face 1.0 576.0 228.0 585.0 238.0 
face 1.0 560.0 225.0 564.0 233.0 
face 1.0 550.0 229.0 557.0 239.0 
face 1.0 555.0 238.0 562.0 248.0 
face 1.0 564.0 263.0 574.0 276.0 
face 1.0 585.0 271.0 592.0 282.0 
face 1.0 591.0 293.0 601.0 306.0 
face 1.0 584.0 287.0 594.0 299.0 
face 1.0 572.0 296.0 582.0 310.0 
face 1.0 576.0 312.0 585.0 325.0 
face 1.0 558.0 312.0 568.0 325.0 
face 1.0 568.0 311.0 576.0 322.0 
face 1.0 557.0 274.0 566.0 287.0 
face 1.0 555.0 292.0 564.0 303.0 
face 1.0 561.0 289.0 567.0 298.0 
face 1.0 549.0 302.0 557.0 313.0 
face 1.0 549.0 311.0 558.0 324.0 
face 1.0 739.0 343.0 748.0 356.0 
face 1.0 719.0 337.0 723.0 347.0 
face 1.0 711.0 371.0 724.0 387.0 
face 1.0 693.0 341.0 701.0 352.0 
face 1.0 652.0 350.0 661.0 365.0 
face 1.0 669.0 361.0 680.0 374.0 
face 1.0 675.0 371.0 685.0 384.0 
face 1.0 671.0 388.0 682.0 403.0 
face 1.0 694.0 392.0 705.0 407.0 
face 1.0 701.0 404.0 709.0 416.0 
face 1.0 693.0 414.0 700.0 423.0 
face 1.0 696.0 421.0 705.0 437.0 
face 1.0 685.0 410.0 695.0 425.0 
face 1.0 562.0 341.0 570.0 350.0 
face 1.0 577.0 353.0 588.0 367.0 
face 1.0 584.0 368.0 592.0 384.0 
face 1.0 616.0 350.0 625.0 362.0 
face 1.0 627.0 355.0 635.0 366.0 
face 1.0 644.0 392.0 655.0 407.0 
face 1.0 637.0 400.0 646.0 413.0 
face 1.0 614.0 404.0 624.0 417.0 
face 1.0 557.0 384.0 568.0 399.0 
face 1.0 577.0 420.0 587.0 433.0 
face 1.0 609.0 384.0 618.0 397.0 
face 1.0 604.0 438.0 613.0 450.0 
face 1.0 605.0 422.0 614.0 434.0 
face 1.0 566.0 406.0 579.0 422.0 
face 1.0 564.0 483.0 575.0 501.0 
face 1.0 598.0 458.0 610.0 477.0 
face 1.0 607.0 491.0 618.0 507.0 
face 1.0 586.0 507.0 601.0 525.0 
face 1.0 672.0 475.0 684.0 489.0 
face 1.0 618.0 531.0 631.0 545.0 
face 1.0 645.0 522.0 658.0 540.0 
face 1.0 703.0 483.0 715.0 502.0 
face 1.0 726.0 458.0 735.0 476.0 
face 1.0 689.0 533.0 704.0 554.0 
face 1.0 712.0 524.0 727.0 546.0 
face 1.0 754.0 511.0 769.0 531.0 
face 1.0 765.0 498.0 778.0 517.0 
face 1.0 765.0 540.0 780.0 561.0 
face 1.0 700.0 474.0 714.0 489.0 
face 1.0 634.0 380.0 643.0 389.0 
face 1.0 599.0 403.0 614.0 420.0 
face 1.0 596.0 393.0 609.0 409.0 
face 1.0 661.0 491.0 671.0 506.0 
face 1.0 766.0 574.0 782.0 595.0 
face 1.0 836.0 531.0 842.0 543.0 
face 1.0 773.0 245.0 780.0 254.0 
face 1.0 728.0 224.0 734.0 235.0 
face 1.0 759.0 261.0 768.0 272.0 
face 1.0 306.0 140.0 311.0 148.0 
face 1.0 329.0 151.0 334.0 159.0 
face 1.0 339.0 174.0 343.0 181.0 
face 1.0 331.0 174.0 336.0 182.0 
face 1.0 322.0 179.0 327.0 188.0 
face 1.0 288.0 167.0 293.0 176.0 
face 1.0 271.0 150.0 275.0 156.0 
face 1.0 262.0 147.0 266.0 154.0 
face 1.0 242.0 159.0 248.0 167.0 
face 1.0 275.0 178.0 281.0 186.0 
face 1.0 351.0 184.0 356.0 192.0 
face 1.0 315.0 196.0 322.0 206.0 
face 1.0 279.0 208.0 286.0 217.0 
face 1.0 224.0 163.0 228.0 171.0 
face 1.0 227.0 204.0 235.0 214.0 
face 1.0 221.0 188.0 228.0 201.0 
face 1.0 375.0 223.0 382.0 235.0 
face 1.0 378.0 236.0 386.0 246.0 
face 1.0 385.0 239.0 393.0 249.0 
face 1.0 379.0 260.0 387.0 270.0 
face 1.0 366.0 266.0 374.0 278.0 
face 1.0 375.0 275.0 383.0 285.0 
face 1.0 380.0 272.0 387.0 283.0 
face 1.0 374.0 288.0 383.0 299.0 
face 1.0 383.0 291.0 392.0 304.0 
face 1.0 310.0 281.0 319.0 291.0 
face 1.0 315.0 291.0 322.0 302.0 
face 1.0 276.0 287.0 286.0 300.0 
face 1.0 285.0 269.0 293.0 280.0 
face 1.0 282.0 285.0 292.0 295.0 
face 1.0 251.0 265.0 259.0 277.0 
face 1.0 256.0 279.0 264.0 289.0 
face 1.0 254.0 287.0 260.0 296.0 
face 1.0 230.0 282.0 238.0 294.0 
face 1.0 208.0 164.0 212.0 173.0 
face 1.0 158.0 188.0 165.0 195.0 
face 1.0 143.0 190.0 149.0 199.0 
face 1.0 149.0 205.0 157.0 217.0 
face 1.0 162.0 236.0 170.0 246.0 
face 1.0 129.0 241.0 135.0 252.0 
face 1.0 92.0 218.0 98.0 226.0 
face 1.0 224.0 307.0 232.0 320.0 
face 1.0 183.0 291.0 191.0 303.0 
face 1.0 180.0 281.0 187.0 292.0 
face 1.0 185.0 269.0 193.0 283.0 
face 1.0 177.0 271.0 183.0 283.0 
face 1.0 162.0 266.0 167.0 278.0 
face 1.0 155.0 258.0 163.0 272.0 
face 1.0 147.0 275.0 153.0 288.0 
face 1.0 149.0 274.0 158.0 289.0 
face 1.0 121.0 258.0 128.0 271.0 
face 1.0 88.0 272.0 97.0 287.0 
face 1.0 109.0 312.0 119.0 324.0 
face 1.0 156.0 296.0 164.0 309.0 
face 1.0 100.0 295.0 110.0 310.0 
face 1.0 116.0 271.0 124.0 282.0 
face 1.0 391.0 119.0 397.0 132.0 
face 1.0 350.0 119.0 356.0 128.0 
face 1.0 305.0 175.0 309.0 184.0 
face 1.0 391.0 201.0 398.0 212.0 
face 1.0 409.0 250.0 419.0 261.0 
face 1.0 412.0 264.0 419.0 274.0 
face 1.0 428.0 270.0 436.0 281.0 
face 1.0 406.0 282.0 415.0 295.0 
face 1.0 417.0 287.0 425.0 298.0 
face 1.0 416.0 274.0 426.0 288.0 
face 1.0 420.0 302.0 430.0 314.0 
face 1.0 408.0 310.0 417.0 320.0 
face 1.0 418.0 317.0 427.0 330.0 
face 1.0 393.0 280.0 402.0 292.0 
face 1.0 392.0 314.0 401.0 327.0 
face 1.0 361.0 299.0 368.0 312.0 
face 1.0 363.0 319.0 371.0 331.0 
face 1.0 347.0 305.0 356.0 318.0 
face 1.0 337.0 295.0 348.0 307.0 
face 1.0 334.0 312.0 343.0 324.0 
face 1.0 301.0 300.0 310.0 311.0 
face 1.0 295.0 313.0 304.0 325.0 
face 1.0 281.0 325.0 289.0 338.0 
face 1.0 304.0 317.0 313.0 330.0 
face 1.0 559.0 215.0 564.0 222.0 
face 1.0 529.0 229.0 537.0 242.0 
face 1.0 480.0 226.0 486.0 235.0 
face 1.0 467.0 234.0 474.0 244.0 
face 1.0 490.0 238.0 499.0 252.0 
face 1.0 476.0 240.0 485.0 248.0 
face 1.0 458.0 249.0 465.0 260.0 
face 1.0 459.0 260.0 466.0 270.0 
face 1.0 473.0 266.0 482.0 277.0 
face 1.0 486.0 274.0 495.0 286.0 
face 1.0 501.0 278.0 511.0 292.0 
face 1.0 524.0 262.0 534.0 274.0 
face 1.0 535.0 262.0 543.0 277.0 
face 1.0 549.0 273.0 556.0 284.0 
face 1.0 533.0 281.0 542.0 291.0 
face 1.0 522.0 292.0 531.0 303.0 
face 1.0 521.0 286.0 531.0 296.0 
face 1.0 507.0 303.0 516.0 316.0 
face 1.0 500.0 314.0 510.0 329.0 
face 1.0 491.0 319.0 501.0 330.0 
face 1.0 451.0 279.0 459.0 291.0 
face 1.0 438.0 290.0 448.0 303.0 
face 1.0 467.0 294.0 477.0 303.0 
face 1.0 480.0 294.0 490.0 306.0 
face 1.0 447.0 314.0 459.0 329.0 
face 1.0 432.0 320.0 442.0 336.0 
face 1.0 463.0 305.0 474.0 316.0 
face 1.0 477.0 301.0 485.0 315.0 
face 1.0 457.0 363.0 466.0 376.0 
face 1.0 474.0 348.0 483.0 360.0 
face 1.0 488.0 353.0 498.0 366.0 
face 1.0 504.0 342.0 514.0 355.0 
face 1.0 529.0 359.0 540.0 374.0 
face 1.0 538.0 339.0 547.0 354.0 
face 1.0 545.0 346.0 557.0 361.0 
face 1.0 521.0 374.0 531.0 389.0 
face 1.0 538.0 382.0 549.0 401.0 
face 1.0 520.0 399.0 533.0 415.0 
face 1.0 478.0 394.0 490.0 409.0 
face 1.0 463.0 399.0 474.0 412.0 
face 1.0 443.0 392.0 455.0 407.0 
face 1.0 31.0 228.0 37.0 238.0 
face 1.0 40.0 225.0 46.0 233.0 
face 1.0 85.0 233.0 93.0 243.0 
face 1.0 53.0 248.0 61.0 260.0 
face 1.0 10.0 262.0 17.0 272.0 
face 1.0 76.0 269.0 83.0 281.0 
face 1.0 63.0 292.0 74.0 304.0 
face 1.0 77.0 327.0 88.0 341.0 
face 1.0 91.0 336.0 100.0 349.0 
face 1.0 117.0 342.0 126.0 352.0 
face 1.0 51.0 329.0 57.0 341.0 
face 1.0 28.0 327.0 37.0 339.0 
face 1.0 10.0 335.0 18.0 347.0 
face 1.0 14.0 241.0 19.0 249.0 
face 1.0 215.0 314.0 222.0 324.0 
face 1.0 248.0 316.0 258.0 330.0 
face 1.0 232.0 332.0 240.0 343.0 
face 1.0 217.0 324.0 225.0 336.0 
face 1.0 205.0 337.0 214.0 349.0 
face 1.0 209.0 348.0 219.0 363.0 
face 1.0 235.0 357.0 246.0 372.0 
face 1.0 225.0 371.0 235.0 388.0 
face 1.0 232.0 399.0 243.0 412.0 
face 1.0 189.0 373.0 199.0 382.0 
face 1.0 156.0 336.0 166.0 348.0 
face 1.0 100.0 362.0 110.0 374.0 
face 1.0 155.0 360.0 165.0 372.0 
face 1.0 176.0 403.0 188.0 420.0 
face 1.0 212.0 412.0 222.0 428.0 
face 1.0 239.0 418.0 248.0 432.0 
face 1.0 196.0 441.0 210.0 459.0 
face 1.0 214.0 468.0 226.0 484.0 
face 1.0 200.0 472.0 215.0 489.0 
face 1.0 162.0 443.0 173.0 459.0 
face 1.0 155.0 453.0 164.0 469.0 
face 1.0 145.0 475.0 158.0 493.0 
face 1.0 84.0 452.0 96.0 468.0 
face 1.0 25.0 421.0 35.0 436.0 
face 1.0 76.0 398.0 88.0 415.0 
face 1.0 34.0 492.0 49.0 511.0 
face 1.0 91.0 506.0 105.0 525.0 
face 1.0 135.0 547.0 149.0 566.0 
face 1.0 162.0 483.0 176.0 505.0 
face 1.0 188.0 507.0 202.0 524.0 
face 1.0 228.0 499.0 241.0 516.0 
face 1.0 93.0 600.0 111.0 626.0 
face 1.0 249.0 301.0 258.0 314.0 
face 1.0 291.0 304.0 300.0 317.0 
face 1.0 273.0 326.0 280.0 340.0 
face 1.0 309.0 338.0 320.0 350.0 
face 1.0 328.0 333.0 338.0 345.0 
face 1.0 380.0 332.0 389.0 347.0 
face 1.0 333.0 349.0 344.0 364.0 
face 1.0 358.0 359.0 371.0 372.0 
face 1.0 386.0 360.0 396.0 374.0 
face 1.0 408.0 367.0 418.0 382.0 
face 1.0 229.0 351.0 237.0 361.0 
face 1.0 258.0 383.0 268.0 395.0 
face 1.0 259.0 401.0 270.0 416.0 
face 1.0 262.0 421.0 272.0 436.0 
face 1.0 260.0 446.0 274.0 463.0 
face 1.0 277.0 372.0 288.0 383.0 
face 1.0 315.0 357.0 323.0 371.0 
face 1.0 295.0 381.0 305.0 395.0 
face 1.0 282.0 391.0 290.0 401.0 
face 1.0 307.0 414.0 318.0 427.0 
face 1.0 312.0 435.0 323.0 452.0 
face 1.0 304.0 424.0 315.0 440.0 
face 1.0 320.0 415.0 330.0 429.0 
face 1.0 342.0 382.0 353.0 396.0 
face 1.0 332.0 405.0 346.0 415.0 
face 1.0 339.0 416.0 348.0 431.0 
face 1.0 359.0 464.0 373.0 484.0 
face 1.0 370.0 434.0 381.0 451.0 
face 1.0 382.0 409.0 392.0 426.0 
face 1.0 386.0 394.0 397.0 408.0 
face 1.0 391.0 422.0 400.0 439.0 
face 1.0 411.0 398.0 423.0 414.0 
face 1.0 427.0 403.0 441.0 422.0 
face 1.0 394.0 405.0 409.0 420.0 
face 1.0 437.0 429.0 449.0 444.0 
face 1.0 440.0 454.0 453.0 473.0 
face 1.0 421.0 484.0 435.0 500.0 
face 1.0 399.0 450.0 412.0 468.0 
face 1.0 417.0 508.0 432.0 529.0 
face 1.0 309.0 502.0 323.0 524.0 
face 1.0 502.0 406.0 513.0 422.0 
face 1.0 536.0 433.0 547.0 451.0 
face 1.0 543.0 477.0 556.0 496.0 
face 1.0 517.0 467.0 533.0 486.0 
face 1.0 490.0 460.0 502.0 476.0 
face 1.0 482.0 487.0 495.0 509.0 
face 1.0 486.0 512.0 501.0 530.0 
face 1.0 533.0 513.0 546.0 532.0 
face 1.0 419.0 542.0 435.0 561.0 
face 1.0 444.0 528.0 459.0 550.0 
face 1.0 380.0 566.0 394.0 584.0 
face 1.0 364.0 532.0 377.0 551.0 
face 1.0 354.0 521.0 367.0 540.0 
face 1.0 280.0 534.0 296.0 553.0 
face 1.0 251.0 545.0 265.0 568.0 
face 1.0 422.0 44.0 428.0 52.0 
face 1.0 503.0 263.0 513.0 279.0 
face 1.0 498.0 242.0 506.0 252.0 
