face 1.0 890.0 1121.0 982.0 1243.0 
face 1.0 870.0 1053.0 901.0 1085.0 
face 1.0 665.0 1053.0 741.0 1154.0 
face 1.0 452.0 1129.0 526.0 1220.0 
face 1.0 815.0 658.0 880.0 739.0 
face 1.0 680.0 861.0 711.0 911.0 
face 1.0 584.0 870.0 628.0 927.0 
face 1.0 481.0 756.0 556.0 863.0 
face 1.0 392.0 817.0 453.0 888.0 
face 1.0 154.0 816.0 237.0 907.0 
face 1.0 36.0 849.0 80.0 904.0 
face 1.0 637.0 694.0 717.0 772.0 
face 1.0 603.0 637.0 667.0 710.0 
face 1.0 503.0 671.0 564.0 750.0 
face 1.0 363.0 591.0 433.0 662.0 
face 1.0 671.0 476.0 728.0 554.0 
face 1.0 378.0 274.0 474.0 426.0 
face 1.0 547.0 276.0 635.0 421.0 
face 1.0 633.0 141.0 733.0 248.0 
face 1.0 216.0 160.0 302.0 265.0 
face 1.0 13.0 402.0 124.0 545.0 
face 1.0 184.0 462.0 229.0 528.0 
face 1.0 295.0 264.0 386.0 403.0 
