face 1.0 507.0 265.0 530.0 287.0 
face 1.0 553.0 334.0 584.0 371.0 
face 1.0 767.0 397.0 791.0 448.0 
face 1.0 222.0 129.0 253.0 167.0 
face 1.0 960.0 18.0 983.0 39.0 
face 1.0 864.0 71.0 875.0 82.0 
face 1.0 901.0 130.0 911.0 141.0 
face 1.0 773.0 93.0 782.0 103.0 
face 1.0 808.0 117.0 817.0 127.0 
face 1.0 902.0 61.0 911.0 71.0 
face 1.0 756.0 113.0 765.0 125.0 
face 1.0 755.0 164.0 762.0 173.0 
face 1.0 787.0 148.0 796.0 158.0 
face 1.0 680.0 164.0 689.0 178.0 
face 1.0 690.0 150.0 700.0 161.0 
face 1.0 616.0 113.0 626.0 125.0 
face 1.0 641.0 112.0 651.0 126.0 
face 1.0 539.0 123.0 549.0 137.0 
face 1.0 589.0 123.0 601.0 137.0 
face 1.0 525.0 118.0 535.0 131.0 
face 1.0 499.0 124.0 509.0 136.0 
face 1.0 414.0 141.0 426.0 152.0 
face 1.0 429.0 131.0 440.0 147.0 
face 1.0 529.0 184.0 542.0 198.0 
face 1.0 558.0 123.0 569.0 134.0 
face 1.0 599.0 105.0 610.0 119.0 
face 1.0 366.0 153.0 381.0 172.0 
face 1.0 284.0 158.0 296.0 177.0 
face 1.0 155.0 185.0 175.0 209.0 
face 1.0 257.0 172.0 273.0 187.0 
face 1.0 274.0 160.0 286.0 180.0 
face 1.0 49.0 176.0 70.0 199.0 
face 1.0 80.0 204.0 105.0 235.0 
face 1.0 100.0 195.0 116.0 218.0 
face 1.0 128.0 200.0 142.0 218.0 
face 1.0 14.0 206.0 27.0 223.0 
face 1.0 650.0 369.0 698.0 396.0 
face 1.0 999.0 27.0 1013.0 41.0 
face 1.0 513.0 145.0 526.0 161.0 
face 1.0 454.0 136.0 468.0 147.0 
face 1.0 312.0 159.0 326.0 173.0 
