face 1.0 71.0 90.0 102.0 122.0 
face 1.0 132.0 75.0 151.0 95.0 
face 1.0 160.0 83.0 181.0 105.0 
face 1.0 281.0 78.0 293.0 92.0 
face 1.0 34.0 68.0 62.0 97.0 
face 1.0 273.0 237.0 314.0 283.0 
face 1.0 484.0 240.0 518.0 278.0 
face 1.0 481.0 97.0 520.0 141.0 
face 1.0 639.0 58.0 681.0 106.0 
face 1.0 436.0 79.0 456.0 96.0 
face 1.0 706.0 66.0 728.0 94.0 
face 1.0 788.0 68.0 819.0 106.0 
face 1.0 840.0 70.0 869.0 103.0 
face 1.0 884.0 208.0 912.0 242.0 
face 1.0 804.0 181.0 843.0 225.0 
face 1.0 995.0 92.0 1009.0 107.0 
face 1.0 957.0 93.0 976.0 127.0 
face 1.0 751.0 93.0 761.0 105.0 
