face 1.0 994.0 462.0 1024.0 492.0 
face 1.0 999.0 400.0 1022.0 426.0 
face 1.0 991.0 382.0 1008.0 403.0 
face 1.0 949.0 350.0 971.0 372.0 
face 1.0 918.0 379.0 940.0 402.0 
face 1.0 946.0 433.0 976.0 460.0 
face 1.0 922.0 483.0 952.0 509.0 
face 1.0 880.0 524.0 914.0 560.0 
face 1.0 962.0 556.0 1008.0 576.0 
face 1.0 766.0 512.0 785.0 542.0 
face 1.0 758.0 459.0 787.0 492.0 
face 1.0 848.0 428.0 875.0 455.0 
face 1.0 844.0 396.0 865.0 419.0 
face 1.0 848.0 367.0 865.0 387.0 
face 1.0 794.0 365.0 814.0 385.0 
face 1.0 780.0 342.0 797.0 360.0 
face 1.0 762.0 403.0 787.0 428.0 
face 1.0 886.0 330.0 898.0 347.0 
face 1.0 862.0 330.0 875.0 346.0 
face 1.0 833.0 340.0 848.0 358.0 
face 1.0 896.0 349.0 919.0 366.0 
face 1.0 714.0 362.0 734.0 384.0 
face 1.0 718.0 332.0 732.0 349.0 
face 1.0 783.0 320.0 798.0 335.0 
face 1.0 672.0 322.0 687.0 341.0 
face 1.0 712.0 311.0 727.0 327.0 
face 1.0 656.0 428.0 683.0 457.0 
face 1.0 659.0 487.0 692.0 522.0 
face 1.0 553.0 489.0 583.0 522.0 
face 1.0 577.0 405.0 601.0 432.0 
face 1.0 592.0 343.0 608.0 363.0 
face 1.0 535.0 334.0 550.0 353.0 
face 1.0 524.0 337.0 541.0 356.0 
face 1.0 524.0 395.0 542.0 415.0 
face 1.0 417.0 517.0 446.0 553.0 
face 1.0 482.0 439.0 510.0 470.0 
face 1.0 478.0 397.0 497.0 421.0 
face 1.0 388.0 438.0 411.0 466.0 
face 1.0 467.0 328.0 484.0 346.0 
face 1.0 387.0 349.0 402.0 368.0 
face 1.0 420.0 337.0 436.0 352.0 
face 1.0 630.0 378.0 649.0 392.0 
face 1.0 298.0 490.0 328.0 525.0 
face 1.0 230.0 489.0 261.0 516.0 
face 1.0 325.0 417.0 352.0 444.0 
face 1.0 310.0 385.0 331.0 408.0 
face 1.0 339.0 347.0 355.0 366.0 
face 1.0 251.0 373.0 270.0 394.0 
face 1.0 203.0 384.0 225.0 410.0 
face 1.0 318.0 328.0 332.0 345.0 
face 1.0 366.0 325.0 382.0 341.0 
face 1.0 148.0 395.0 168.0 408.0 
face 1.0 80.0 382.0 100.0 405.0 
face 1.0 105.0 351.0 125.0 372.0 
face 1.0 144.0 340.0 157.0 357.0 
face 1.0 184.0 339.0 199.0 354.0 
face 1.0 53.0 436.0 82.0 465.0 
face 1.0 53.0 414.0 76.0 438.0 
face 1.0 1.0 373.0 22.0 398.0 
face 1.0 60.0 345.0 78.0 364.0 
face 1.0 21.0 337.0 35.0 352.0 
face 1.0 32.0 322.0 46.0 336.0 
face 1.0 81.0 318.0 95.0 333.0 
face 1.0 123.0 321.0 137.0 337.0 
face 1.0 127.0 302.0 136.0 313.0 
face 1.0 168.0 288.0 179.0 300.0 
face 1.0 224.0 313.0 234.0 329.0 
face 1.0 248.0 312.0 260.0 326.0 
face 1.0 244.0 293.0 255.0 307.0 
face 1.0 267.0 288.0 277.0 300.0 
face 1.0 215.0 300.0 225.0 312.0 
face 1.0 21.0 298.0 34.0 310.0 
face 1.0 53.0 300.0 64.0 313.0 
face 1.0 38.0 282.0 47.0 291.0 
face 1.0 26.0 288.0 35.0 300.0 
face 1.0 75.0 280.0 84.0 291.0 
face 1.0 134.0 288.0 143.0 299.0 
face 1.0 116.0 273.0 124.0 282.0 
face 1.0 189.0 325.0 203.0 339.0 
face 1.0 276.0 274.0 285.0 284.0 
face 1.0 310.0 267.0 318.0 278.0 
face 1.0 344.0 267.0 353.0 279.0 
face 1.0 357.0 277.0 366.0 287.0 
face 1.0 324.0 297.0 332.0 307.0 
face 1.0 361.0 308.0 377.0 325.0 
face 1.0 191.0 258.0 199.0 267.0 
face 1.0 169.0 257.0 177.0 266.0 
face 1.0 111.0 259.0 119.0 267.0 
face 1.0 189.0 242.0 197.0 250.0 
face 1.0 230.0 256.0 238.0 265.0 
face 1.0 210.0 262.0 218.0 271.0 
face 1.0 270.0 261.0 276.0 268.0 
face 1.0 156.0 332.0 170.0 344.0 
face 1.0 501.0 317.0 516.0 334.0 
face 1.0 578.0 297.0 590.0 311.0 
face 1.0 564.0 303.0 575.0 314.0 
face 1.0 534.0 309.0 547.0 325.0 
face 1.0 544.0 291.0 553.0 302.0 
face 1.0 527.0 279.0 537.0 292.0 
face 1.0 569.0 284.0 577.0 296.0 
face 1.0 503.0 285.0 514.0 298.0 
face 1.0 475.0 295.0 487.0 307.0 
face 1.0 456.0 309.0 469.0 325.0 
face 1.0 442.0 294.0 452.0 307.0 
face 1.0 454.0 272.0 464.0 283.0 
face 1.0 413.0 317.0 425.0 330.0 
face 1.0 371.0 293.0 382.0 305.0 
face 1.0 384.0 283.0 392.0 294.0 
face 1.0 418.0 275.0 427.0 286.0 
face 1.0 560.0 328.0 571.0 345.0 
face 1.0 639.0 300.0 653.0 316.0 
face 1.0 662.0 309.0 676.0 325.0 
face 1.0 1006.0 242.0 1024.0 261.0 
face 1.0 995.0 226.0 1010.0 245.0 
face 1.0 968.0 249.0 984.0 270.0 
face 1.0 958.0 236.0 974.0 252.0 
face 1.0 865.0 229.0 879.0 247.0 
face 1.0 887.0 219.0 901.0 236.0 
face 1.0 810.0 229.0 825.0 247.0 
face 1.0 824.0 179.0 836.0 192.0 
face 1.0 776.0 235.0 789.0 250.0 
face 1.0 771.0 221.0 783.0 238.0 
face 1.0 767.0 304.0 779.0 321.0 
face 1.0 721.0 226.0 735.0 242.0 
face 1.0 684.0 220.0 700.0 238.0 
face 1.0 644.0 220.0 657.0 235.0 
face 1.0 632.0 228.0 642.0 242.0 
face 1.0 616.0 213.0 627.0 228.0 
face 1.0 598.0 213.0 610.0 227.0 
face 1.0 589.0 218.0 600.0 231.0 
face 1.0 561.0 209.0 571.0 222.0 
face 1.0 523.0 207.0 535.0 221.0 
face 1.0 501.0 221.0 511.0 233.0 
face 1.0 507.0 210.0 517.0 222.0 
face 1.0 446.0 213.0 457.0 225.0 
face 1.0 478.0 216.0 487.0 228.0 
face 1.0 466.0 211.0 474.0 221.0 
face 1.0 430.0 222.0 438.0 232.0 
face 1.0 409.0 208.0 419.0 221.0 
face 1.0 714.0 219.0 726.0 234.0 
face 1.0 393.0 214.0 403.0 225.0 
face 1.0 374.0 213.0 384.0 224.0 
face 1.0 343.0 212.0 351.0 223.0 
face 1.0 329.0 212.0 337.0 221.0 
face 1.0 305.0 212.0 315.0 223.0 
face 1.0 321.0 211.0 329.0 222.0 
face 1.0 287.0 204.0 296.0 214.0 
face 1.0 268.0 206.0 276.0 216.0 
face 1.0 282.0 206.0 290.0 217.0 
face 1.0 260.0 206.0 267.0 215.0 
face 1.0 248.0 208.0 255.0 215.0 
face 1.0 272.0 220.0 278.0 228.0 
face 1.0 254.0 219.0 261.0 227.0 
face 1.0 90.0 302.0 101.0 313.0 
face 1.0 75.0 310.0 84.0 323.0 
face 1.0 31.0 268.0 41.0 279.0 
face 1.0 4.0 280.0 14.0 290.0 
face 1.0 80.0 265.0 87.0 273.0 
face 1.0 80.0 215.0 88.0 223.0 
face 1.0 108.0 217.0 116.0 227.0 
face 1.0 46.0 220.0 52.0 228.0 
face 1.0 54.0 222.0 60.0 229.0 
face 1.0 148.0 257.0 155.0 265.0 
face 1.0 162.0 210.0 170.0 219.0 
face 1.0 185.0 209.0 191.0 217.0 
face 1.0 208.0 210.0 216.0 219.0 
face 1.0 227.0 212.0 234.0 221.0 
face 1.0 121.0 214.0 130.0 224.0 
face 1.0 67.0 206.0 75.0 214.0 
face 1.0 48.0 209.0 54.0 217.0 
face 1.0 57.0 266.0 64.0 274.0 
face 1.0 45.0 272.0 54.0 282.0 
face 1.0 241.0 286.0 250.0 298.0 
face 1.0 240.0 272.0 250.0 283.0 
face 1.0 160.0 281.0 169.0 289.0 
face 1.0 150.0 272.0 157.0 279.0 
face 1.0 297.0 310.0 308.0 324.0 
face 1.0 392.0 277.0 401.0 288.0 
face 1.0 371.0 268.0 381.0 278.0 
face 1.0 268.0 257.0 277.0 267.0 
face 1.0 0.0 347.0 12.0 362.0 
face 1.0 83.0 521.0 107.0 540.0 
face 1.0 266.0 353.0 280.0 369.0 
face 1.0 292.0 292.0 303.0 305.0 
face 1.0 332.0 258.0 341.0 270.0 
face 1.0 101.0 280.0 111.0 291.0 
face 1.0 75.0 298.0 85.0 309.0 
face 1.0 134.0 216.0 140.0 224.0 
face 1.0 152.0 211.0 159.0 221.0 
face 1.0 193.0 201.0 201.0 212.0 
face 1.0 363.0 200.0 371.0 213.0 
face 1.0 574.0 210.0 581.0 222.0 
face 1.0 936.0 213.0 947.0 231.0 
face 1.0 971.0 215.0 981.0 230.0 
face 1.0 891.0 184.0 903.0 200.0 
