face 1.0 966.0 586.0 1017.0 634.0 
face 1.0 900.0 511.0 941.0 552.0 
face 1.0 822.0 516.0 849.0 550.0 
face 1.0 940.0 475.0 965.0 505.0 
face 1.0 995.0 481.0 1023.0 517.0 
face 1.0 838.0 467.0 857.0 489.0 
face 1.0 933.0 429.0 959.0 451.0 
face 1.0 980.0 421.0 1008.0 443.0 
face 1.0 958.0 399.0 975.0 415.0 
face 1.0 914.0 391.0 935.0 412.0 
face 1.0 978.0 372.0 998.0 387.0 
face 1.0 1002.0 371.0 1014.0 385.0 
face 1.0 988.0 343.0 1003.0 357.0 
face 1.0 982.0 338.0 993.0 347.0 
face 1.0 960.0 351.0 976.0 366.0 
face 1.0 1020.0 354.0 1024.0 362.0 
face 1.0 908.0 374.0 929.0 392.0 
face 1.0 941.0 339.0 951.0 349.0 
face 1.0 937.0 344.0 945.0 352.0 
face 1.0 932.0 343.0 940.0 352.0 
face 1.0 917.0 343.0 932.0 357.0 
face 1.0 898.0 343.0 911.0 356.0 
face 1.0 894.0 329.0 903.0 339.0 
face 1.0 890.0 397.0 912.0 417.0 
face 1.0 860.0 422.0 884.0 443.0 
face 1.0 867.0 394.0 883.0 407.0 
face 1.0 882.0 357.0 896.0 371.0 
face 1.0 871.0 352.0 881.0 365.0 
face 1.0 854.0 350.0 868.0 364.0 
face 1.0 861.0 340.0 869.0 348.0 
face 1.0 854.0 331.0 863.0 339.0 
face 1.0 841.0 322.0 851.0 331.0 
face 1.0 2.0 498.0 82.0 564.0 
face 1.0 870.0 313.0 876.0 319.0 
face 1.0 855.0 303.0 861.0 308.0 
face 1.0 828.0 319.0 835.0 326.0 
face 1.0 838.0 308.0 845.0 316.0 
face 1.0 840.0 301.0 845.0 306.0 
face 1.0 882.0 303.0 886.0 307.0 
face 1.0 806.0 323.0 817.0 335.0 
face 1.0 815.0 311.0 821.0 319.0 
face 1.0 851.0 319.0 857.0 326.0 
face 1.0 795.0 323.0 802.0 331.0 
face 1.0 783.0 314.0 791.0 323.0 
face 1.0 794.0 306.0 800.0 315.0 
face 1.0 777.0 340.0 790.0 353.0 
face 1.0 770.0 338.0 778.0 347.0 
face 1.0 758.0 327.0 768.0 339.0 
face 1.0 756.0 313.0 762.0 320.0 
face 1.0 777.0 320.0 782.0 328.0 
face 1.0 773.0 311.0 779.0 318.0 
face 1.0 789.0 342.0 797.0 351.0 
face 1.0 836.0 388.0 853.0 403.0 
face 1.0 816.0 395.0 835.0 413.0 
face 1.0 798.0 380.0 813.0 397.0 
face 1.0 814.0 364.0 825.0 377.0 
face 1.0 824.0 359.0 833.0 368.0 
face 1.0 812.0 350.0 824.0 364.0 
face 1.0 773.0 366.0 788.0 378.0 
face 1.0 747.0 378.0 762.0 395.0 
face 1.0 766.0 408.0 784.0 427.0 
face 1.0 723.0 397.0 739.0 415.0 
face 1.0 747.0 363.0 762.0 378.0 
face 1.0 763.0 357.0 773.0 370.0 
face 1.0 715.0 356.0 726.0 367.0 
face 1.0 724.0 337.0 735.0 349.0 
face 1.0 738.0 329.0 746.0 337.0 
face 1.0 747.0 322.0 753.0 329.0 
face 1.0 712.0 324.0 721.0 335.0 
face 1.0 696.0 334.0 705.0 342.0 
face 1.0 741.0 308.0 748.0 316.0 
face 1.0 727.0 329.0 735.0 337.0 
face 1.0 707.0 319.0 715.0 326.0 
face 1.0 693.0 310.0 699.0 317.0 
face 1.0 692.0 301.0 699.0 308.0 
face 1.0 714.0 305.0 720.0 312.0 
face 1.0 708.0 304.0 715.0 312.0 
face 1.0 723.0 299.0 729.0 305.0 
face 1.0 790.0 299.0 795.0 304.0 
face 1.0 691.0 363.0 702.0 378.0 
face 1.0 715.0 432.0 736.0 456.0 
face 1.0 659.0 446.0 688.0 474.0 
face 1.0 821.0 449.0 840.0 470.0 
face 1.0 727.0 564.0 758.0 593.0 
face 1.0 620.0 529.0 645.0 560.0 
face 1.0 603.0 367.0 613.0 381.0 
face 1.0 592.0 314.0 598.0 321.0 
face 1.0 601.0 315.0 607.0 323.0 
face 1.0 583.0 309.0 591.0 318.0 
face 1.0 563.0 313.0 570.0 320.0 
face 1.0 570.0 322.0 577.0 330.0 
face 1.0 560.0 331.0 571.0 341.0 
face 1.0 586.0 297.0 591.0 302.0 
face 1.0 566.0 299.0 570.0 303.0 
face 1.0 569.0 294.0 574.0 299.0 
face 1.0 553.0 292.0 559.0 298.0 
face 1.0 609.0 294.0 615.0 300.0 
face 1.0 597.0 307.0 603.0 314.0 
face 1.0 593.0 300.0 600.0 307.0 
face 1.0 576.0 292.0 581.0 298.0 
face 1.0 483.0 296.0 505.0 321.0 
face 1.0 503.0 267.0 523.0 290.0 
face 1.0 470.0 257.0 489.0 280.0 
face 1.0 521.0 273.0 534.0 286.0 
face 1.0 466.0 238.0 474.0 252.0 
face 1.0 397.0 259.0 409.0 279.0 
face 1.0 361.0 284.0 374.0 301.0 
face 1.0 325.0 289.0 333.0 299.0 
face 1.0 290.0 300.0 304.0 315.0 
face 1.0 275.0 288.0 289.0 303.0 
face 1.0 219.0 270.0 238.0 289.0 
face 1.0 246.0 279.0 253.0 285.0 
face 1.0 215.0 274.0 222.0 282.0 
face 1.0 208.0 273.0 213.0 279.0 
face 1.0 120.0 296.0 134.0 311.0 
face 1.0 110.0 291.0 118.0 303.0 
face 1.0 115.0 284.0 122.0 290.0 
face 1.0 136.0 292.0 144.0 304.0 
face 1.0 183.0 299.0 194.0 314.0 
face 1.0 333.0 282.0 341.0 291.0 
face 1.0 348.0 293.0 357.0 304.0 
face 1.0 336.0 361.0 352.0 383.0 
face 1.0 212.0 418.0 232.0 446.0 
face 1.0 270.0 415.0 284.0 442.0 
face 1.0 27.0 286.0 45.0 302.0 
face 1.0 15.0 291.0 22.0 302.0 
face 1.0 65.0 289.0 76.0 301.0 
face 1.0 81.0 286.0 91.0 299.0 
face 1.0 56.0 271.0 63.0 278.0 
face 1.0 0.0 302.0 13.0 315.0 
face 1.0 25.0 272.0 32.0 281.0 
face 1.0 51.0 267.0 56.0 273.0 
face 1.0 80.0 273.0 89.0 282.0 
face 1.0 151.0 293.0 159.0 306.0 
face 1.0 0.0 273.0 6.0 283.0 
face 1.0 952.0 295.0 958.0 302.0 
face 1.0 173.0 295.0 185.0 314.0 
