face 1.0 920.0 332.0 970.0 396.0 
face 1.0 914.0 309.0 957.0 355.0 
face 1.0 1009.0 316.0 1023.0 368.0 
face 1.0 960.0 301.0 995.0 348.0 
face 1.0 831.0 329.0 873.0 393.0 
face 1.0 768.0 293.0 809.0 332.0 
face 1.0 768.0 333.0 810.0 383.0 
face 1.0 635.0 357.0 687.0 420.0 
face 1.0 722.0 315.0 740.0 333.0 
face 1.0 691.0 283.0 725.0 332.0 
face 1.0 644.0 320.0 689.0 369.0 
face 1.0 592.0 312.0 638.0 361.0 
face 1.0 488.0 314.0 535.0 375.0 
face 1.0 398.0 268.0 434.0 311.0 
face 1.0 373.0 321.0 421.0 388.0 
face 1.0 413.0 340.0 459.0 396.0 
face 1.0 494.0 280.0 518.0 308.0 
face 1.0 372.0 303.0 407.0 331.0 
face 1.0 295.0 284.0 344.0 345.0 
face 1.0 326.0 320.0 367.0 364.0 
face 1.0 175.0 304.0 230.0 355.0 
face 1.0 136.0 308.0 177.0 355.0 
face 1.0 211.0 285.0 241.0 319.0 
face 1.0 21.0 354.0 73.0 422.0 
face 1.0 47.0 310.0 103.0 373.0 
face 1.0 666.0 584.0 693.0 644.0 
