face 1.0 965.0 309.0 991.0 348.0 
face 1.0 935.0 327.0 953.0 355.0 
face 1.0 828.0 335.0 857.0 378.0 
face 1.0 740.0 359.0 794.0 411.0 
face 1.0 687.0 338.0 723.0 385.0 
face 1.0 650.0 294.0 670.0 330.0 
face 1.0 590.0 321.0 610.0 350.0 
face 1.0 580.0 321.0 598.0 343.0 
face 1.0 498.0 314.0 513.0 346.0 
face 1.0 466.0 301.0 486.0 329.0 
face 1.0 429.0 303.0 442.0 320.0 
face 1.0 381.0 309.0 405.0 343.0 
face 1.0 346.0 334.0 366.0 364.0 
face 1.0 317.0 314.0 341.0 356.0 
face 1.0 246.0 303.0 274.0 338.0 
face 1.0 374.0 310.0 390.0 332.0 
face 1.0 256.0 430.0 317.0 502.0 
face 1.0 82.0 518.0 153.0 641.0 
face 1.0 82.0 419.0 123.0 466.0 
face 1.0 201.0 326.0 228.0 363.0 
face 1.0 67.0 342.0 98.0 389.0 
face 1.0 0.0 304.0 16.0 339.0 
face 1.0 92.0 296.0 103.0 312.0 
