face 1.0 615.0 456.0 652.0 505.0 
face 1.0 875.0 386.0 889.0 404.0 
face 1.0 867.0 368.0 872.0 375.0 
face 1.0 992.0 375.0 999.0 383.0 
face 1.0 1000.0 371.0 1004.0 376.0 
face 1.0 1007.0 371.0 1012.0 377.0 
face 1.0 1013.0 388.0 1019.0 396.0 
face 1.0 1018.0 367.0 1024.0 373.0 
face 1.0 854.0 429.0 875.0 455.0 
face 1.0 954.0 401.0 964.0 414.0 
face 1.0 669.0 445.0 699.0 480.0 
face 1.0 712.0 523.0 754.0 579.0 
face 1.0 830.0 563.0 881.0 636.0 
face 1.0 1001.0 487.0 1013.0 512.0 
face 1.0 391.0 464.0 418.0 504.0 
face 1.0 535.0 449.0 556.0 477.0 
face 1.0 514.0 469.0 534.0 501.0 
face 1.0 273.0 453.0 303.0 498.0 
face 1.0 118.0 447.0 139.0 475.0 
face 1.0 158.0 486.0 185.0 521.0 
face 1.0 62.0 458.0 79.0 490.0 
face 1.0 48.0 457.0 67.0 487.0 
face 1.0 25.0 458.0 41.0 493.0 
face 1.0 110.0 370.0 119.0 380.0 
face 1.0 248.0 371.0 258.0 383.0 
face 1.0 49.0 561.0 70.0 608.0 
face 1.0 370.0 408.0 384.0 427.0 
face 1.0 54.0 372.0 66.0 384.0 
face 1.0 90.0 356.0 96.0 365.0 
face 1.0 77.0 386.0 89.0 404.0 
face 1.0 230.0 357.0 239.0 369.0 
face 1.0 316.0 360.0 324.0 369.0 
face 1.0 432.0 411.0 453.0 435.0 
face 1.0 37.0 392.0 47.0 408.0 
face 1.0 223.0 376.0 232.0 386.0 
face 1.0 381.0 363.0 387.0 373.0 
face 1.0 139.0 686.0 169.0 728.0 
