face 1.0 0.0 365.0 13.0 386.0 
face 1.0 35.0 360.0 61.0 392.0 
face 1.0 39.0 391.0 71.0 431.0 
face 1.0 66.0 352.0 84.0 377.0 
face 1.0 133.0 407.0 159.0 446.0 
face 1.0 139.0 371.0 153.0 393.0 
face 1.0 229.0 320.0 236.0 329.0 
face 1.0 215.0 341.0 226.0 355.0 
face 1.0 240.0 343.0 251.0 359.0 
face 1.0 172.0 344.0 181.0 358.0 
face 1.0 192.0 354.0 203.0 368.0 
face 1.0 216.0 370.0 232.0 389.0 
face 1.0 170.0 379.0 197.0 412.0 
face 1.0 260.0 361.0 280.0 388.0 
face 1.0 286.0 367.0 303.0 393.0 
face 1.0 252.0 396.0 272.0 426.0 
face 1.0 262.0 391.0 281.0 417.0 
face 1.0 171.0 327.0 178.0 341.0 
face 1.0 279.0 348.0 288.0 361.0 
face 1.0 197.0 384.0 209.0 407.0 
face 1.0 85.0 479.0 120.0 525.0 
face 1.0 180.0 519.0 218.0 565.0 
face 1.0 38.0 547.0 76.0 601.0 
face 1.0 181.0 600.0 227.0 671.0 
face 1.0 326.0 311.0 332.0 320.0 
face 1.0 330.0 342.0 343.0 359.0 
face 1.0 368.0 381.0 385.0 404.0 
face 1.0 428.0 311.0 434.0 318.0 
face 1.0 422.0 352.0 436.0 373.0 
face 1.0 385.0 430.0 411.0 462.0 
face 1.0 296.0 426.0 320.0 458.0 
face 1.0 262.0 453.0 284.0 481.0 
face 1.0 331.0 443.0 352.0 476.0 
face 1.0 330.0 513.0 361.0 559.0 
face 1.0 470.0 320.0 478.0 331.0 
face 1.0 454.0 344.0 469.0 363.0 
face 1.0 445.0 369.0 461.0 395.0 
face 1.0 478.0 367.0 494.0 391.0 
face 1.0 499.0 369.0 511.0 388.0 
face 1.0 489.0 385.0 511.0 416.0 
face 1.0 458.0 394.0 480.0 429.0 
face 1.0 440.0 461.0 459.0 498.0 
face 1.0 514.0 443.0 542.0 480.0 
face 1.0 602.0 380.0 626.0 413.0 
face 1.0 570.0 397.0 583.0 418.0 
face 1.0 548.0 363.0 563.0 386.0 
face 1.0 562.0 367.0 578.0 389.0 
face 1.0 588.0 360.0 601.0 385.0 
face 1.0 620.0 362.0 634.0 383.0 
face 1.0 598.0 503.0 635.0 552.0 
face 1.0 495.0 562.0 529.0 616.0 
face 1.0 657.0 607.0 710.0 668.0 
face 1.0 699.0 577.0 732.0 627.0 
face 1.0 501.0 353.0 509.0 365.0 
face 1.0 527.0 344.0 534.0 356.0 
face 1.0 562.0 321.0 569.0 332.0 
face 1.0 572.0 341.0 583.0 357.0 
face 1.0 589.0 320.0 595.0 330.0 
face 1.0 672.0 377.0 688.0 402.0 
face 1.0 684.0 452.0 703.0 473.0 
face 1.0 648.0 368.0 663.0 391.0 
face 1.0 620.0 323.0 626.0 334.0 
face 1.0 621.0 319.0 628.0 328.0 
face 1.0 641.0 326.0 649.0 335.0 
face 1.0 594.0 357.0 606.0 373.0 
face 1.0 669.0 335.0 675.0 346.0 
face 1.0 653.0 341.0 660.0 350.0 
face 1.0 670.0 350.0 679.0 364.0 
face 1.0 658.0 330.0 665.0 336.0 
face 1.0 699.0 358.0 711.0 378.0 
face 1.0 758.0 355.0 767.0 373.0 
face 1.0 769.0 350.0 780.0 368.0 
face 1.0 798.0 331.0 803.0 341.0 
face 1.0 813.0 330.0 817.0 339.0 
face 1.0 804.0 358.0 813.0 374.0 
face 1.0 818.0 360.0 825.0 374.0 
face 1.0 805.0 390.0 817.0 411.0 
face 1.0 758.0 404.0 776.0 427.0 
face 1.0 754.0 431.0 777.0 462.0 
face 1.0 839.0 388.0 851.0 410.0 
face 1.0 834.0 367.0 843.0 381.0 
face 1.0 831.0 329.0 838.0 339.0 
face 1.0 842.0 328.0 848.0 339.0 
face 1.0 828.0 339.0 835.0 350.0 
face 1.0 879.0 354.0 885.0 361.0 
face 1.0 884.0 365.0 895.0 382.0 
face 1.0 993.0 340.0 1003.0 355.0 
face 1.0 1002.0 359.0 1011.0 370.0 
face 1.0 865.0 396.0 888.0 429.0 
face 1.0 938.0 406.0 955.0 425.0 
face 1.0 911.0 423.0 928.0 440.0 
face 1.0 895.0 435.0 916.0 479.0 
face 1.0 980.0 478.0 1004.0 515.0 
face 1.0 1005.0 446.0 1024.0 478.0 
face 1.0 905.0 368.0 917.0 383.0 
face 1.0 848.0 517.0 881.0 567.0 
