face 1.0 3.0 348.0 11.0 356.0 
face 1.0 26.0 363.0 34.0 373.0 
face 1.0 25.0 379.0 38.0 391.0 
face 1.0 72.0 348.0 83.0 362.0 
face 1.0 20.0 403.0 35.0 417.0 
face 1.0 16.0 386.0 25.0 391.0 
face 1.0 77.0 405.0 87.0 420.0 
face 1.0 93.0 394.0 111.0 412.0 
face 1.0 101.0 354.0 109.0 362.0 
face 1.0 87.0 345.0 93.0 350.0 
face 1.0 95.0 341.0 99.0 347.0 
face 1.0 74.0 452.0 89.0 467.0 
face 1.0 85.0 455.0 107.0 478.0 
face 1.0 23.0 553.0 46.0 589.0 
face 1.0 100.0 521.0 124.0 549.0 
face 1.0 130.0 503.0 153.0 531.0 
face 1.0 213.0 473.0 237.0 498.0 
face 1.0 190.0 521.0 218.0 551.0 
face 1.0 144.0 436.0 154.0 450.0 
face 1.0 169.0 406.0 180.0 421.0 
face 1.0 179.0 383.0 190.0 396.0 
face 1.0 155.0 370.0 162.0 379.0 
face 1.0 207.0 396.0 219.0 411.0 
face 1.0 224.0 375.0 235.0 382.0 
face 1.0 208.0 358.0 218.0 368.0 
face 1.0 182.0 358.0 186.0 365.0 
face 1.0 219.0 362.0 226.0 370.0 
face 1.0 230.0 360.0 239.0 369.0 
face 1.0 265.0 385.0 274.0 395.0 
face 1.0 264.0 372.0 273.0 380.0 
face 1.0 225.0 353.0 232.0 358.0 
face 1.0 293.0 352.0 298.0 359.0 
face 1.0 282.0 345.0 290.0 352.0 
face 1.0 273.0 341.0 277.0 346.0 
face 1.0 294.0 365.0 304.0 375.0 
face 1.0 327.0 348.0 331.0 354.0 
face 1.0 296.0 406.0 305.0 417.0 
face 1.0 331.0 358.0 339.0 368.0 
face 1.0 313.0 405.0 324.0 415.0 
face 1.0 322.0 429.0 342.0 450.0 
face 1.0 337.0 474.0 357.0 497.0 
face 1.0 360.0 456.0 384.0 483.0 
face 1.0 353.0 406.0 369.0 421.0 
face 1.0 373.0 365.0 378.0 374.0 
face 1.0 384.0 365.0 392.0 374.0 
face 1.0 414.0 404.0 426.0 418.0 
face 1.0 455.0 393.0 468.0 405.0 
face 1.0 456.0 412.0 467.0 431.0 
face 1.0 437.0 351.0 443.0 360.0 
face 1.0 419.0 363.0 427.0 370.0 
face 1.0 414.0 345.0 421.0 351.0 
face 1.0 374.0 354.0 380.0 362.0 
face 1.0 432.0 372.0 439.0 381.0 
face 1.0 444.0 365.0 451.0 374.0 
face 1.0 455.0 370.0 463.0 381.0 
face 1.0 475.0 375.0 484.0 388.0 
face 1.0 465.0 356.0 472.0 360.0 
face 1.0 538.0 416.0 553.0 432.0 
face 1.0 546.0 388.0 557.0 401.0 
face 1.0 515.0 364.0 522.0 372.0 
face 1.0 494.0 367.0 501.0 376.0 
face 1.0 534.0 351.0 541.0 361.0 
face 1.0 557.0 444.0 568.0 464.0 
face 1.0 286.0 540.0 314.0 578.0 
face 1.0 397.0 533.0 426.0 569.0 
face 1.0 527.0 338.0 535.0 346.0 
face 1.0 532.0 333.0 538.0 339.0 
face 1.0 546.0 336.0 551.0 342.0 
face 1.0 556.0 346.0 561.0 354.0 
face 1.0 590.0 368.0 602.0 379.0 
face 1.0 568.0 418.0 587.0 435.0 
face 1.0 592.0 390.0 607.0 405.0 
face 1.0 621.0 410.0 634.0 422.0 
face 1.0 633.0 417.0 648.0 436.0 
face 1.0 620.0 344.0 629.0 354.0 
face 1.0 580.0 331.0 584.0 335.0 
face 1.0 634.0 353.0 641.0 359.0 
face 1.0 672.0 381.0 682.0 393.0 
face 1.0 686.0 336.0 692.0 343.0 
face 1.0 679.0 351.0 687.0 358.0 
face 1.0 507.0 545.0 536.0 576.0 
face 1.0 581.0 457.0 603.0 483.0 
face 1.0 615.0 498.0 639.0 524.0 
face 1.0 688.0 466.0 708.0 491.0 
face 1.0 679.0 559.0 710.0 599.0 
face 1.0 724.0 480.0 741.0 501.0 
face 1.0 709.0 348.0 719.0 358.0 
face 1.0 708.0 359.0 717.0 369.0 
face 1.0 714.0 373.0 724.0 385.0 
face 1.0 703.0 332.0 707.0 340.0 
face 1.0 718.0 335.0 724.0 343.0 
face 1.0 734.0 356.0 743.0 362.0 
face 1.0 729.0 352.0 734.0 358.0 
face 1.0 740.0 367.0 748.0 379.0 
face 1.0 735.0 424.0 756.0 444.0 
face 1.0 785.0 388.0 795.0 401.0 
face 1.0 764.0 355.0 772.0 364.0 
face 1.0 787.0 348.0 793.0 356.0 
face 1.0 780.0 349.0 787.0 358.0 
face 1.0 768.0 334.0 775.0 340.0 
face 1.0 803.0 370.0 816.0 381.0 
face 1.0 819.0 392.0 832.0 410.0 
face 1.0 806.0 432.0 825.0 451.0 
face 1.0 809.0 349.0 817.0 357.0 
face 1.0 817.0 342.0 824.0 349.0 
face 1.0 847.0 362.0 854.0 369.0 
face 1.0 826.0 351.0 831.0 359.0 
face 1.0 848.0 349.0 854.0 356.0 
face 1.0 876.0 354.0 883.0 363.0 
face 1.0 872.0 339.0 877.0 347.0 
face 1.0 872.0 392.0 889.0 408.0 
face 1.0 865.0 421.0 881.0 439.0 
face 1.0 889.0 349.0 894.0 355.0 
face 1.0 862.0 333.0 869.0 341.0 
face 1.0 754.0 474.0 780.0 506.0 
face 1.0 780.0 463.0 801.0 486.0 
face 1.0 864.0 462.0 877.0 478.0 
face 1.0 902.0 478.0 911.0 501.0 
face 1.0 886.0 491.0 904.0 513.0 
face 1.0 903.0 345.0 909.0 354.0 
face 1.0 953.0 345.0 960.0 354.0 
face 1.0 959.0 355.0 965.0 365.0 
face 1.0 976.0 355.0 986.0 365.0 
face 1.0 985.0 368.0 996.0 379.0 
face 1.0 988.0 351.0 997.0 361.0 
face 1.0 983.0 343.0 989.0 350.0 
face 1.0 959.0 337.0 965.0 346.0 
face 1.0 1013.0 370.0 1024.0 381.0 
face 1.0 920.0 421.0 934.0 436.0 
face 1.0 970.0 428.0 992.0 450.0 
face 1.0 939.0 460.0 954.0 488.0 
face 1.0 1017.0 337.0 1022.0 342.0 
face 1.0 831.0 594.0 861.0 648.0 
face 1.0 217.0 454.0 242.0 481.0 
face 1.0 689.0 408.0 701.0 426.0 
face 1.0 667.0 400.0 677.0 417.0 
face 1.0 699.0 380.0 711.0 398.0 
face 1.0 739.0 395.0 749.0 411.0 
