face 1.0 709.0 505.0 725.0 525.0 
face 1.0 652.0 467.0 665.0 484.0 
face 1.0 613.0 472.0 625.0 488.0 
face 1.0 581.0 462.0 595.0 481.0 
face 1.0 515.0 453.0 523.0 466.0 
face 1.0 513.0 415.0 525.0 429.0 
face 1.0 619.0 428.0 631.0 443.0 
face 1.0 678.0 591.0 697.0 613.0 
face 1.0 736.0 608.0 758.0 624.0 
face 1.0 622.0 567.0 637.0 589.0 
face 1.0 645.0 578.0 658.0 595.0 
face 1.0 601.0 519.0 618.0 536.0 
face 1.0 532.0 511.0 549.0 532.0 
face 1.0 440.0 504.0 457.0 523.0 
face 1.0 386.0 550.0 406.0 573.0 
face 1.0 334.0 457.0 350.0 476.0 
face 1.0 394.0 426.0 409.0 444.0 
face 1.0 455.0 451.0 471.0 468.0 
face 1.0 334.0 402.0 344.0 415.0 
face 1.0 731.0 439.0 741.0 452.0 
face 1.0 786.0 461.0 797.0 473.0 
face 1.0 812.0 480.0 825.0 495.0 
face 1.0 237.0 577.0 257.0 601.0 
face 1.0 140.0 596.0 163.0 624.0 
face 1.0 219.0 546.0 237.0 568.0 
face 1.0 179.0 510.0 195.0 532.0 
face 1.0 66.0 472.0 80.0 490.0 
face 1.0 26.0 459.0 44.0 477.0 
face 1.0 240.0 391.0 253.0 407.0 
face 1.0 212.0 371.0 222.0 383.0 
face 1.0 43.0 365.0 53.0 378.0 
face 1.0 92.0 355.0 105.0 373.0 
face 1.0 98.0 416.0 112.0 434.0 
face 1.0 144.0 394.0 157.0 413.0 
face 1.0 153.0 334.0 166.0 348.0 
face 1.0 280.0 348.0 290.0 361.0 
face 1.0 211.0 329.0 222.0 341.0 
face 1.0 124.0 322.0 134.0 333.0 
face 1.0 17.0 298.0 29.0 311.0 
face 1.0 599.0 369.0 612.0 385.0 
face 1.0 480.0 399.0 490.0 413.0 
face 1.0 403.0 298.0 412.0 312.0 
face 1.0 495.0 332.0 503.0 346.0 
face 1.0 550.0 340.0 558.0 353.0 
face 1.0 988.0 525.0 1001.0 543.0 
face 1.0 969.0 456.0 982.0 472.0 
face 1.0 862.0 415.0 873.0 429.0 
face 1.0 906.0 408.0 917.0 422.0 
face 1.0 958.0 385.0 969.0 399.0 
face 1.0 968.0 430.0 979.0 442.0 
face 1.0 693.0 374.0 701.0 386.0 
face 1.0 751.0 359.0 759.0 371.0 
face 1.0 793.0 367.0 800.0 376.0 
face 1.0 733.0 354.0 741.0 365.0 
face 1.0 701.0 341.0 709.0 353.0 
face 1.0 929.0 596.0 951.0 624.0 
face 1.0 855.0 495.0 869.0 510.0 
