face 1.0 22.0 1.0 73.0 58.0 
face 1.0 64.0 49.0 103.0 92.0 
face 1.0 114.0 39.0 151.0 83.0 
face 1.0 134.0 89.0 182.0 145.0 
face 1.0 207.0 54.0 250.0 107.0 
face 1.0 251.0 106.0 315.0 174.0 
face 1.0 375.0 100.0 402.0 129.0 
face 1.0 606.0 177.0 615.0 191.0 
face 1.0 622.0 159.0 629.0 170.0 
face 1.0 708.0 173.0 730.0 205.0 
face 1.0 731.0 174.0 754.0 196.0 
face 1.0 666.0 153.0 691.0 188.0 
face 1.0 793.0 194.0 812.0 218.0 
face 1.0 861.0 175.0 895.0 213.0 
face 1.0 911.0 165.0 923.0 178.0 
face 1.0 930.0 181.0 965.0 223.0 
face 1.0 956.0 193.0 983.0 225.0 
face 1.0 980.0 223.0 1001.0 249.0 
face 1.0 608.0 160.0 613.0 166.0 
face 1.0 585.0 148.0 592.0 156.0 
