face 1.0 12.0 209.0 47.0 244.0 
face 1.0 0.0 305.0 27.0 372.0 
face 1.0 103.0 140.0 126.0 163.0 
face 1.0 100.0 207.0 133.0 239.0 
face 1.0 93.0 245.0 126.0 283.0 
face 1.0 155.0 204.0 188.0 242.0 
face 1.0 136.0 204.0 160.0 224.0 
face 1.0 159.0 168.0 183.0 191.0 
face 1.0 194.0 192.0 220.0 229.0 
face 1.0 209.0 140.0 233.0 165.0 
face 1.0 266.0 219.0 298.0 263.0 
face 1.0 220.0 247.0 255.0 292.0 
face 1.0 151.0 269.0 191.0 314.0 
face 1.0 86.0 297.0 135.0 345.0 
face 1.0 183.0 375.0 234.0 434.0 
face 1.0 195.0 403.0 260.0 470.0 
face 1.0 100.0 470.0 171.0 539.0 
face 1.0 218.0 497.0 288.0 566.0 
face 1.0 328.0 472.0 368.0 520.0 
face 1.0 260.0 362.0 319.0 419.0 
face 1.0 303.0 277.0 347.0 323.0 
face 1.0 280.0 290.0 310.0 331.0 
face 1.0 357.0 229.0 390.0 266.0 
face 1.0 329.0 218.0 358.0 261.0 
face 1.0 341.0 193.0 366.0 219.0 
face 1.0 292.0 199.0 317.0 221.0 
face 1.0 306.0 169.0 329.0 196.0 
face 1.0 393.0 241.0 435.0 283.0 
face 1.0 369.0 288.0 413.0 335.0 
face 1.0 411.0 193.0 447.0 233.0 
face 1.0 432.0 310.0 468.0 360.0 
face 1.0 421.0 291.0 460.0 337.0 
face 1.0 384.0 319.0 435.0 377.0 
face 1.0 506.0 357.0 548.0 414.0 
face 1.0 503.0 302.0 553.0 359.0 
face 1.0 482.0 321.0 530.0 365.0 
face 1.0 536.0 260.0 572.0 309.0 
face 1.0 481.0 206.0 520.0 252.0 
face 1.0 568.0 242.0 601.0 272.0 
face 1.0 601.0 273.0 633.0 309.0 
face 1.0 646.0 266.0 687.0 309.0 
face 1.0 605.0 325.0 654.0 390.0 
face 1.0 672.0 337.0 716.0 390.0 
face 1.0 596.0 423.0 650.0 477.0 
face 1.0 646.0 437.0 698.0 498.0 
face 1.0 650.0 490.0 710.0 563.0 
face 1.0 703.0 498.0 743.0 559.0 
face 1.0 494.0 425.0 549.0 486.0 
face 1.0 550.0 374.0 591.0 429.0 
face 1.0 436.0 470.0 501.0 521.0 
face 1.0 496.0 520.0 577.0 576.0 
face 1.0 39.0 186.0 76.0 224.0 
face 1.0 736.0 285.0 759.0 325.0 
face 1.0 714.0 403.0 753.0 462.0 
face 1.0 762.0 319.0 802.0 366.0 
face 1.0 748.0 360.0 797.0 413.0 
face 1.0 750.0 415.0 798.0 475.0 
face 1.0 807.0 480.0 870.0 560.0 
face 1.0 942.0 406.0 996.0 466.0 
face 1.0 902.0 353.0 944.0 398.0 
face 1.0 900.0 405.0 939.0 459.0 
face 1.0 837.0 387.0 880.0 438.0 
face 1.0 867.0 340.0 907.0 386.0 
face 1.0 948.0 227.0 979.0 272.0 
face 1.0 1004.0 220.0 1024.0 244.0 
face 1.0 926.0 212.0 956.0 239.0 
face 1.0 885.0 211.0 912.0 238.0 
face 1.0 923.0 171.0 946.0 199.0 
face 1.0 961.0 152.0 978.0 184.0 
face 1.0 907.0 131.0 926.0 154.0 
face 1.0 1004.0 125.0 1022.0 159.0 
face 1.0 807.0 263.0 841.0 312.0 
