face 1.0 39.0 541.0 49.0 549.0 
face 1.0 31.0 565.0 61.0 592.0 
face 1.0 40.0 594.0 69.0 618.0 
face 1.0 74.0 572.0 105.0 600.0 
face 1.0 102.0 553.0 117.0 566.0 
face 1.0 39.0 624.0 74.0 668.0 
face 1.0 119.0 606.0 142.0 635.0 
face 1.0 143.0 605.0 177.0 638.0 
face 1.0 144.0 575.0 166.0 598.0 
face 1.0 88.0 551.0 98.0 561.0 
face 1.0 61.0 549.0 74.0 564.0 
face 1.0 141.0 551.0 156.0 564.0 
face 1.0 54.0 637.0 113.0 702.0 
face 1.0 195.0 636.0 243.0 682.0 
face 1.0 248.0 563.0 272.0 590.0 
face 1.0 327.0 650.0 371.0 683.0 
face 1.0 322.0 631.0 345.0 658.0 
face 1.0 344.0 589.0 365.0 627.0 
face 1.0 319.0 567.0 339.0 590.0 
face 1.0 338.0 558.0 354.0 579.0 
face 1.0 373.0 561.0 386.0 572.0 
face 1.0 367.0 582.0 382.0 595.0 
face 1.0 514.0 606.0 557.0 652.0 
face 1.0 433.0 604.0 457.0 646.0 
face 1.0 478.0 580.0 507.0 615.0 
face 1.0 500.0 558.0 521.0 581.0 
face 1.0 436.0 580.0 449.0 593.0 
face 1.0 433.0 558.0 444.0 569.0 
face 1.0 418.0 547.0 429.0 555.0 
face 1.0 380.0 546.0 392.0 557.0 
face 1.0 400.0 538.0 407.0 544.0 
face 1.0 276.0 536.0 290.0 556.0 
face 1.0 279.0 568.0 286.0 578.0 
face 1.0 369.0 536.0 375.0 541.0 
face 1.0 310.0 551.0 319.0 561.0 
face 1.0 518.0 531.0 529.0 544.0 
face 1.0 536.0 540.0 558.0 566.0 
face 1.0 555.0 574.0 579.0 587.0 
face 1.0 505.0 535.0 512.0 545.0 
face 1.0 421.0 534.0 426.0 542.0 
face 1.0 563.0 649.0 610.0 682.0 
face 1.0 569.0 532.0 576.0 539.0 
face 1.0 581.0 557.0 602.0 578.0 
face 1.0 577.0 542.0 588.0 551.0 
face 1.0 615.0 551.0 636.0 570.0 
face 1.0 614.0 538.0 623.0 546.0 
face 1.0 599.0 537.0 609.0 548.0 
face 1.0 619.0 598.0 644.0 631.0 
face 1.0 649.0 622.0 701.0 674.0 
face 1.0 647.0 575.0 664.0 587.0 
face 1.0 636.0 545.0 646.0 563.0 
face 1.0 656.0 541.0 666.0 553.0 
face 1.0 665.0 546.0 682.0 564.0 
face 1.0 681.0 567.0 709.0 592.0 
face 1.0 673.0 532.0 680.0 537.0 
face 1.0 650.0 537.0 656.0 543.0 
face 1.0 756.0 573.0 772.0 594.0 
face 1.0 750.0 535.0 760.0 544.0 
face 1.0 715.0 537.0 733.0 554.0 
face 1.0 694.0 539.0 708.0 549.0 
face 1.0 685.0 532.0 692.0 539.0 
face 1.0 779.0 587.0 804.0 617.0 
face 1.0 781.0 553.0 803.0 575.0 
face 1.0 764.0 535.0 773.0 543.0 
face 1.0 781.0 530.0 789.0 538.0 
face 1.0 787.0 630.0 809.0 663.0 
face 1.0 857.0 599.0 923.0 673.0 
face 1.0 956.0 586.0 1012.0 639.0 
face 1.0 979.0 569.0 1009.0 601.0 
face 1.0 799.0 532.0 814.0 549.0 
face 1.0 855.0 538.0 866.0 556.0 
face 1.0 905.0 521.0 912.0 529.0 
face 1.0 961.0 534.0 972.0 550.0 
face 1.0 817.0 524.0 824.0 534.0 
face 1.0 867.0 526.0 879.0 540.0 
face 1.0 878.0 516.0 886.0 523.0 
face 1.0 929.0 575.0 945.0 610.0 
face 1.0 849.0 377.0 872.0 401.0 
face 1.0 912.0 358.0 922.0 369.0 
face 1.0 888.0 377.0 915.0 404.0 
face 1.0 932.0 350.0 947.0 366.0 
