face 1.0 683.0 414.0 714.0 451.0 
face 1.0 966.0 556.0 1024.0 609.0 
face 1.0 805.0 424.0 845.0 466.0 
face 1.0 968.0 353.0 999.0 393.0 
face 1.0 903.0 371.0 932.0 409.0 
face 1.0 980.0 306.0 1000.0 331.0 
face 1.0 932.0 322.0 959.0 353.0 
face 1.0 893.0 306.0 910.0 326.0 
face 1.0 916.0 293.0 934.0 315.0 
face 1.0 1013.0 296.0 1023.0 319.0 
face 1.0 1007.0 260.0 1022.0 278.0 
face 1.0 968.0 262.0 981.0 278.0 
face 1.0 909.0 264.0 922.0 280.0 
face 1.0 934.0 266.0 943.0 276.0 
face 1.0 945.0 249.0 954.0 260.0 
face 1.0 990.0 253.0 1000.0 266.0 
face 1.0 1008.0 244.0 1017.0 254.0 
face 1.0 1016.0 235.0 1023.0 245.0 
face 1.0 978.0 244.0 987.0 255.0 
face 1.0 988.0 235.0 996.0 244.0 
face 1.0 1008.0 220.0 1015.0 228.0 
face 1.0 953.0 231.0 961.0 242.0 
face 1.0 941.0 237.0 947.0 247.0 
face 1.0 924.0 233.0 933.0 244.0 
face 1.0 899.0 234.0 911.0 248.0 
face 1.0 885.0 254.0 896.0 270.0 
face 1.0 864.0 265.0 878.0 282.0 
face 1.0 839.0 285.0 855.0 303.0 
face 1.0 965.0 220.0 972.0 229.0 
face 1.0 914.0 224.0 922.0 233.0 
face 1.0 899.0 215.0 906.0 222.0 
face 1.0 918.0 196.0 926.0 204.0 
face 1.0 881.0 241.0 890.0 250.0 
face 1.0 875.0 229.0 884.0 239.0 
face 1.0 885.0 211.0 892.0 221.0 
face 1.0 904.0 213.0 911.0 222.0 
face 1.0 873.0 213.0 879.0 221.0 
face 1.0 860.0 211.0 867.0 220.0 
face 1.0 912.0 206.0 918.0 213.0 
face 1.0 808.0 324.0 836.0 356.0 
face 1.0 825.0 302.0 842.0 324.0 
face 1.0 731.0 342.0 759.0 378.0 
face 1.0 765.0 301.0 786.0 327.0 
face 1.0 839.0 244.0 851.0 258.0 
face 1.0 817.0 266.0 830.0 281.0 
face 1.0 785.0 278.0 797.0 295.0 
face 1.0 765.0 284.0 780.0 300.0 
face 1.0 729.0 295.0 744.0 312.0 
face 1.0 740.0 279.0 754.0 298.0 
face 1.0 773.0 250.0 785.0 265.0 
face 1.0 818.0 218.0 827.0 227.0 
face 1.0 794.0 242.0 803.0 251.0 
face 1.0 783.0 209.0 789.0 216.0 
face 1.0 756.0 219.0 762.0 225.0 
face 1.0 760.0 204.0 765.0 210.0 
face 1.0 775.0 210.0 781.0 217.0 
face 1.0 764.0 241.0 773.0 254.0 
face 1.0 731.0 257.0 743.0 270.0 
face 1.0 700.0 253.0 712.0 267.0 
face 1.0 702.0 237.0 712.0 249.0 
face 1.0 704.0 224.0 711.0 233.0 
face 1.0 745.0 226.0 753.0 235.0 
face 1.0 785.0 227.0 792.0 235.0 
face 1.0 793.0 219.0 798.0 226.0 
face 1.0 785.0 218.0 791.0 225.0 
face 1.0 779.0 220.0 785.0 227.0 
face 1.0 772.0 222.0 777.0 227.0 
face 1.0 764.0 197.0 768.0 202.0 
face 1.0 726.0 231.0 734.0 241.0 
face 1.0 722.0 208.0 728.0 216.0 
face 1.0 710.0 202.0 716.0 209.0 
face 1.0 742.0 204.0 748.0 210.0 
face 1.0 746.0 210.0 752.0 217.0 
face 1.0 757.0 208.0 763.0 215.0 
face 1.0 735.0 207.0 741.0 214.0 
face 1.0 727.0 197.0 732.0 204.0 
face 1.0 875.0 200.0 880.0 205.0 
face 1.0 896.0 184.0 900.0 189.0 
face 1.0 854.0 184.0 859.0 190.0 
face 1.0 834.0 180.0 839.0 187.0 
face 1.0 814.0 176.0 819.0 183.0 
face 1.0 753.0 174.0 758.0 180.0 
face 1.0 779.0 173.0 784.0 179.0 
face 1.0 538.0 446.0 582.0 495.0 
face 1.0 676.0 308.0 704.0 339.0 
face 1.0 461.0 378.0 496.0 418.0 
face 1.0 601.0 330.0 626.0 363.0 
face 1.0 627.0 317.0 646.0 334.0 
face 1.0 493.0 319.0 516.0 351.0 
face 1.0 531.0 303.0 553.0 329.0 
face 1.0 566.0 289.0 585.0 312.0 
face 1.0 452.0 303.0 471.0 324.0 
face 1.0 681.0 269.0 697.0 288.0 
face 1.0 655.0 279.0 675.0 303.0 
face 1.0 677.0 254.0 688.0 265.0 
face 1.0 652.0 247.0 664.0 259.0 
face 1.0 605.0 270.0 622.0 291.0 
face 1.0 620.0 256.0 635.0 272.0 
face 1.0 672.0 225.0 681.0 235.0 
face 1.0 651.0 225.0 659.0 235.0 
face 1.0 610.0 254.0 618.0 264.0 
face 1.0 632.0 251.0 640.0 257.0 
face 1.0 631.0 232.0 640.0 242.0 
face 1.0 595.0 235.0 604.0 248.0 
face 1.0 573.0 274.0 590.0 291.0 
face 1.0 571.0 243.0 583.0 256.0 
face 1.0 611.0 228.0 617.0 237.0 
face 1.0 573.0 231.0 582.0 241.0 
face 1.0 566.0 237.0 572.0 249.0 
face 1.0 550.0 232.0 558.0 244.0 
face 1.0 662.0 219.0 669.0 227.0 
face 1.0 695.0 213.0 700.0 220.0 
face 1.0 653.0 216.0 659.0 223.0 
face 1.0 636.0 215.0 643.0 222.0 
face 1.0 634.0 223.0 643.0 232.0 
face 1.0 624.0 211.0 632.0 221.0 
face 1.0 608.0 214.0 617.0 222.0 
face 1.0 579.0 217.0 588.0 225.0 
face 1.0 664.0 203.0 670.0 210.0 
face 1.0 683.0 210.0 688.0 217.0 
face 1.0 531.0 282.0 549.0 300.0 
face 1.0 512.0 262.0 528.0 280.0 
face 1.0 510.0 243.0 523.0 256.0 
face 1.0 522.0 235.0 534.0 248.0 
face 1.0 557.0 245.0 565.0 256.0 
face 1.0 534.0 229.0 543.0 241.0 
face 1.0 543.0 212.0 550.0 222.0 
face 1.0 515.0 231.0 524.0 241.0 
face 1.0 486.0 257.0 498.0 273.0 
face 1.0 483.0 238.0 494.0 249.0 
face 1.0 493.0 230.0 502.0 243.0 
face 1.0 489.0 225.0 497.0 234.0 
face 1.0 501.0 213.0 507.0 222.0 
face 1.0 462.0 249.0 476.0 264.0 
face 1.0 446.0 268.0 464.0 290.0 
face 1.0 458.0 233.0 468.0 245.0 
face 1.0 490.0 215.0 496.0 223.0 
face 1.0 483.0 217.0 489.0 225.0 
face 1.0 453.0 225.0 460.0 234.0 
face 1.0 451.0 216.0 457.0 223.0 
face 1.0 461.0 222.0 468.0 231.0 
face 1.0 349.0 477.0 400.0 521.0 
face 1.0 320.0 364.0 352.0 404.0 
face 1.0 390.0 332.0 416.0 362.0 
face 1.0 284.0 336.0 314.0 370.0 
face 1.0 399.0 302.0 422.0 326.0 
face 1.0 331.0 300.0 352.0 326.0 
face 1.0 276.0 294.0 295.0 315.0 
face 1.0 360.0 273.0 377.0 292.0 
face 1.0 328.0 266.0 343.0 285.0 
face 1.0 427.0 258.0 441.0 273.0 
face 1.0 294.0 277.0 309.0 291.0 
face 1.0 397.0 246.0 409.0 261.0 
face 1.0 374.0 252.0 388.0 264.0 
face 1.0 321.0 257.0 336.0 271.0 
face 1.0 270.0 278.0 284.0 292.0 
face 1.0 282.0 248.0 292.0 261.0 
face 1.0 247.0 257.0 262.0 275.0 
face 1.0 261.0 257.0 275.0 272.0 
face 1.0 357.0 251.0 368.0 264.0 
face 1.0 422.0 241.0 432.0 251.0 
face 1.0 429.0 244.0 438.0 256.0 
face 1.0 41.0 602.0 116.0 675.0 
face 1.0 46.0 482.0 92.0 533.0 
face 1.0 184.0 377.0 220.0 414.0 
face 1.0 118.0 341.0 146.0 373.0 
face 1.0 218.0 331.0 242.0 361.0 
face 1.0 0.0 361.0 13.0 395.0 
face 1.0 186.0 314.0 209.0 342.0 
face 1.0 121.0 298.0 142.0 321.0 
face 1.0 73.0 313.0 96.0 340.0 
face 1.0 23.0 298.0 47.0 324.0 
face 1.0 0.0 281.0 14.0 302.0 
face 1.0 96.0 280.0 114.0 300.0 
face 1.0 151.0 276.0 166.0 291.0 
face 1.0 197.0 277.0 215.0 294.0 
face 1.0 53.0 279.0 74.0 301.0 
face 1.0 25.0 278.0 41.0 295.0 
face 1.0 129.0 277.0 144.0 291.0 
face 1.0 101.0 247.0 115.0 263.0 
face 1.0 72.0 269.0 87.0 281.0 
face 1.0 25.0 265.0 41.0 281.0 
face 1.0 230.0 235.0 240.0 247.0 
face 1.0 262.0 235.0 271.0 244.0 
face 1.0 253.0 241.0 260.0 249.0 
face 1.0 185.0 234.0 197.0 248.0 
face 1.0 199.0 232.0 210.0 244.0 
face 1.0 155.0 235.0 169.0 253.0 
face 1.0 134.0 233.0 149.0 248.0 
face 1.0 168.0 235.0 177.0 245.0 
face 1.0 175.0 217.0 184.0 227.0 
face 1.0 220.0 214.0 229.0 224.0 
face 1.0 255.0 230.0 263.0 240.0 
face 1.0 221.0 229.0 231.0 241.0 
face 1.0 246.0 216.0 252.0 224.0 
face 1.0 275.0 227.0 284.0 241.0 
face 1.0 210.0 232.0 217.0 240.0 
face 1.0 207.0 220.0 213.0 228.0 
face 1.0 158.0 216.0 165.0 225.0 
face 1.0 188.0 216.0 196.0 225.0 
face 1.0 357.0 233.0 367.0 245.0 
face 1.0 375.0 243.0 384.0 252.0 
face 1.0 401.0 227.0 410.0 239.0 
face 1.0 426.0 228.0 435.0 236.0 
face 1.0 306.0 233.0 318.0 246.0 
face 1.0 293.0 232.0 302.0 243.0 
face 1.0 374.0 233.0 382.0 242.0 
face 1.0 412.0 233.0 420.0 243.0 
face 1.0 423.0 218.0 429.0 226.0 
face 1.0 409.0 222.0 415.0 229.0 
face 1.0 412.0 209.0 418.0 217.0 
face 1.0 402.0 210.0 408.0 216.0 
face 1.0 333.0 220.0 341.0 229.0 
face 1.0 316.0 222.0 327.0 232.0 
face 1.0 371.0 221.0 379.0 229.0 
face 1.0 354.0 219.0 361.0 226.0 
face 1.0 348.0 221.0 353.0 227.0 
face 1.0 363.0 221.0 370.0 228.0 
face 1.0 392.0 210.0 397.0 217.0 
face 1.0 394.0 221.0 399.0 230.0 
face 1.0 383.0 215.0 388.0 221.0 
face 1.0 375.0 211.0 381.0 217.0 
face 1.0 284.0 216.0 290.0 224.0 
face 1.0 277.0 216.0 282.0 222.0 
face 1.0 294.0 213.0 299.0 220.0 
face 1.0 301.0 207.0 306.0 215.0 
face 1.0 311.0 210.0 316.0 217.0 
face 1.0 338.0 214.0 343.0 220.0 
face 1.0 437.0 213.0 442.0 219.0 
face 1.0 439.0 220.0 444.0 226.0 
face 1.0 348.0 205.0 352.0 209.0 
face 1.0 382.0 203.0 387.0 207.0 
face 1.0 323.0 211.0 327.0 216.0 
face 1.0 309.0 203.0 315.0 209.0 
face 1.0 101.0 193.0 114.0 207.0 
face 1.0 130.0 181.0 139.0 192.0 
face 1.0 154.0 185.0 162.0 195.0 
face 1.0 95.0 184.0 104.0 193.0 
face 1.0 105.0 184.0 114.0 193.0 
face 1.0 67.0 187.0 80.0 203.0 
face 1.0 77.0 180.0 89.0 195.0 
face 1.0 48.0 186.0 58.0 199.0 
face 1.0 36.0 183.0 48.0 199.0 
face 1.0 17.0 195.0 32.0 212.0 
face 1.0 17.0 186.0 30.0 200.0 
face 1.0 235.0 202.0 241.0 209.0 
face 1.0 225.0 181.0 231.0 188.0 
face 1.0 181.0 177.0 188.0 185.0 
face 1.0 202.0 203.0 208.0 210.0 
face 1.0 239.0 180.0 243.0 185.0 
face 1.0 235.0 184.0 240.0 190.0 
face 1.0 181.0 207.0 188.0 215.0 
face 1.0 157.0 206.0 162.0 213.0 
face 1.0 211.0 190.0 215.0 195.0 
face 1.0 209.0 201.0 214.0 206.0 
face 1.0 255.0 207.0 263.0 215.0 
face 1.0 266.0 193.0 272.0 203.0 
face 1.0 314.0 195.0 319.0 200.0 
face 1.0 323.0 185.0 327.0 190.0 
face 1.0 300.0 200.0 304.0 205.0 
face 1.0 280.0 196.0 287.0 204.0 
face 1.0 276.0 211.0 281.0 216.0 
face 1.0 297.0 191.0 302.0 197.0 
face 1.0 289.0 188.0 293.0 193.0 
face 1.0 331.0 186.0 334.0 189.0 
face 1.0 349.0 196.0 352.0 200.0 
face 1.0 359.0 191.0 365.0 197.0 
face 1.0 325.0 194.0 329.0 199.0 
face 1.0 707.0 190.0 711.0 194.0 
face 1.0 702.0 191.0 705.0 195.0 
face 1.0 696.0 190.0 701.0 194.0 
face 1.0 690.0 187.0 695.0 193.0 
face 1.0 680.0 189.0 684.0 193.0 
face 1.0 684.0 185.0 687.0 189.0 
face 1.0 687.0 179.0 694.0 188.0 
face 1.0 671.0 176.0 673.0 179.0 
face 1.0 665.0 188.0 668.0 192.0 
face 1.0 671.0 188.0 675.0 192.0 
face 1.0 669.0 199.0 674.0 207.0 
face 1.0 676.0 202.0 682.0 212.0 
face 1.0 517.0 206.0 523.0 213.0 
face 1.0 427.0 201.0 431.0 207.0 
