face 1.0 882.0 188.0 890.0 231.0 
face 1.0 837.0 202.0 864.0 238.0 
face 1.0 958.0 189.0 979.0 217.0 
face 1.0 790.0 212.0 813.0 239.0 
face 1.0 808.0 189.0 821.0 205.0 
face 1.0 726.0 219.0 755.0 253.0 
face 1.0 699.0 209.0 718.0 234.0 
face 1.0 781.0 205.0 793.0 220.0 
face 1.0 790.0 192.0 801.0 205.0 
face 1.0 588.0 197.0 621.0 236.0 
face 1.0 631.0 206.0 655.0 235.0 
face 1.0 478.0 193.0 488.0 205.0 
face 1.0 535.0 195.0 543.0 205.0 
face 1.0 546.0 189.0 552.0 196.0 
face 1.0 525.0 191.0 531.0 199.0 
face 1.0 376.0 218.0 407.0 250.0 
face 1.0 416.0 206.0 436.0 231.0 
face 1.0 453.0 197.0 464.0 213.0 
face 1.0 374.0 184.0 379.0 193.0 
face 1.0 363.0 204.0 370.0 212.0 
face 1.0 398.0 191.0 404.0 201.0 
face 1.0 287.0 195.0 310.0 225.0 
face 1.0 175.0 198.0 184.0 211.0 
face 1.0 143.0 210.0 158.0 228.0 
face 1.0 123.0 219.0 137.0 238.0 
face 1.0 62.0 199.0 82.0 224.0 
face 1.0 23.0 200.0 46.0 227.0 
face 1.0 204.0 200.0 215.0 214.0 
