face 1.0 1003.0 499.0 1016.0 518.0 
face 1.0 981.0 514.0 997.0 538.0 
face 1.0 954.0 491.0 971.0 512.0 
face 1.0 758.0 578.0 775.0 604.0 
face 1.0 700.0 538.0 714.0 560.0 
face 1.0 668.0 544.0 694.0 571.0 
face 1.0 798.0 524.0 819.0 546.0 
face 1.0 624.0 653.0 639.0 681.0 
face 1.0 635.0 582.0 648.0 608.0 
face 1.0 425.0 610.0 447.0 643.0 
face 1.0 265.0 584.0 285.0 611.0 
face 1.0 240.0 585.0 257.0 614.0 
face 1.0 222.0 512.0 236.0 532.0 
face 1.0 233.0 605.0 250.0 629.0 
face 1.0 80.0 605.0 100.0 635.0 
face 1.0 84.0 589.0 103.0 609.0 
face 1.0 755.0 536.0 771.0 555.0 
face 1.0 359.0 534.0 376.0 561.0 
face 1.0 408.0 610.0 423.0 637.0 
