face 1.0 132.0 265.0 160.0 297.0 
face 1.0 152.0 239.0 171.0 258.0 
face 1.0 82.0 233.0 99.0 254.0 
face 1.0 67.0 218.0 77.0 228.0 
face 1.0 299.0 270.0 304.0 277.0 
face 1.0 452.0 168.0 584.0 289.0 
face 1.0 817.0 292.0 857.0 347.0 
face 1.0 991.0 384.0 1024.0 434.0 
face 1.0 955.0 312.0 959.0 318.0 
face 1.0 916.0 359.0 920.0 364.0 
face 1.0 930.0 371.0 938.0 380.0 
face 1.0 988.0 320.0 993.0 327.0 
face 1.0 1007.0 319.0 1012.0 324.0 
face 1.0 963.0 402.0 968.0 411.0 
face 1.0 966.0 383.0 973.0 391.0 
face 1.0 33.0 227.0 45.0 239.0 
