face 1.0 0.0 1262.0 57.0 1371.0 
face 1.0 0.0 1092.0 17.0 1148.0 
face 1.0 51.0 1049.0 89.0 1097.0 
face 1.0 25.0 1080.0 50.0 1111.0 
face 1.0 169.0 1087.0 223.0 1162.0 
face 1.0 307.0 1099.0 358.0 1178.0 
face 1.0 242.0 1250.0 320.0 1352.0 
face 1.0 290.0 1085.0 329.0 1141.0 
face 1.0 271.0 1061.0 310.0 1113.0 
face 1.0 457.0 1069.0 506.0 1131.0 
face 1.0 193.0 1041.0 226.0 1073.0 
face 1.0 149.0 1038.0 186.0 1081.0 
face 1.0 302.0 1035.0 321.0 1061.0 
face 1.0 338.0 1036.0 365.0 1065.0 
face 1.0 372.0 1035.0 391.0 1057.0 
face 1.0 409.0 1032.0 424.0 1056.0 
face 1.0 427.0 1044.0 463.0 1078.0 
face 1.0 293.0 1032.0 304.0 1046.0 
face 1.0 205.0 1014.0 223.0 1032.0 
face 1.0 257.0 1049.0 282.0 1079.0 
face 1.0 518.0 1063.0 546.0 1099.0 
face 1.0 528.0 1118.0 558.0 1158.0 
face 1.0 628.0 1067.0 654.0 1101.0 
face 1.0 692.0 1046.0 709.0 1072.0 
face 1.0 637.0 1038.0 653.0 1056.0 
face 1.0 523.0 1158.0 582.0 1241.0 
face 1.0 703.0 1106.0 739.0 1160.0 
face 1.0 727.0 1106.0 783.0 1171.0 
face 1.0 774.0 1060.0 792.0 1082.0 
face 1.0 748.0 1077.0 771.0 1102.0 
face 1.0 835.0 1101.0 853.0 1124.0 
face 1.0 866.0 1117.0 889.0 1144.0 
face 1.0 895.0 1025.0 921.0 1052.0 
face 1.0 938.0 1083.0 956.0 1104.0 
face 1.0 969.0 1126.0 991.0 1152.0 
face 1.0 964.0 1071.0 979.0 1091.0 
face 1.0 981.0 1063.0 996.0 1080.0 
face 1.0 997.0 1061.0 1008.0 1075.0 
face 1.0 1008.0 1106.0 1024.0 1134.0 
face 1.0 723.0 1056.0 742.0 1073.0 
face 1.0 286.0 821.0 302.0 836.0 
face 1.0 355.0 867.0 369.0 885.0 
face 1.0 841.0 1057.0 856.0 1073.0 
face 1.0 576.0 1081.0 598.0 1111.0 
face 1.0 547.0 1061.0 567.0 1090.0 
face 1.0 524.0 1033.0 541.0 1049.0 
face 1.0 491.0 1020.0 503.0 1038.0 
