face 1.0 977.0 363.0 991.0 381.0 
face 1.0 999.0 366.0 1018.0 386.0 
face 1.0 945.0 381.0 975.0 425.0 
face 1.0 1006.0 393.0 1020.0 433.0 
face 1.0 710.0 410.0 737.0 473.0 
face 1.0 723.0 379.0 794.0 498.0 
face 1.0 671.0 360.0 713.0 416.0 
face 1.0 585.0 426.0 634.0 505.0 
face 1.0 517.0 397.0 550.0 440.0 
face 1.0 301.0 333.0 349.0 418.0 
face 1.0 457.0 395.0 483.0 426.0 
face 1.0 205.0 385.0 246.0 441.0 
face 1.0 133.0 363.0 160.0 398.0 
face 1.0 95.0 426.0 158.0 489.0 
face 1.0 27.0 358.0 66.0 421.0 
face 1.0 80.0 392.0 101.0 420.0 
face 1.0 372.0 382.0 407.0 441.0 
