face 1.0 1.0 281.0 10.0 299.0 
face 1.0 24.0 284.0 44.0 310.0 
face 1.0 53.0 268.0 65.0 286.0 
face 1.0 68.0 284.0 84.0 304.0 
face 1.0 67.0 310.0 83.0 333.0 
face 1.0 47.0 295.0 61.0 315.0 
face 1.0 112.0 283.0 131.0 306.0 
face 1.0 139.0 271.0 152.0 292.0 
face 1.0 198.0 273.0 211.0 290.0 
face 1.0 218.0 281.0 227.0 296.0 
face 1.0 208.0 371.0 229.0 411.0 
face 1.0 256.0 267.0 266.0 282.0 
face 1.0 275.0 302.0 298.0 336.0 
face 1.0 156.0 289.0 164.0 301.0 
face 1.0 230.0 316.0 246.0 343.0 
face 1.0 207.0 306.0 230.0 336.0 
face 1.0 299.0 311.0 316.0 335.0 
face 1.0 374.0 318.0 395.0 350.0 
face 1.0 279.0 288.0 289.0 301.0 
face 1.0 330.0 292.0 345.0 312.0 
face 1.0 337.0 278.0 355.0 299.0 
face 1.0 388.0 275.0 399.0 289.0 
face 1.0 300.0 272.0 320.0 297.0 
face 1.0 408.0 286.0 416.0 300.0 
face 1.0 416.0 278.0 427.0 294.0 
face 1.0 428.0 309.0 439.0 324.0 
face 1.0 452.0 301.0 462.0 323.0 
face 1.0 462.0 297.0 479.0 318.0 
face 1.0 519.0 290.0 534.0 311.0 
face 1.0 574.0 353.0 590.0 377.0 
face 1.0 485.0 349.0 536.0 417.0 
face 1.0 608.0 280.0 619.0 298.0 
face 1.0 678.0 276.0 688.0 289.0 
face 1.0 746.0 297.0 762.0 314.0 
face 1.0 673.0 331.0 705.0 373.0 
face 1.0 633.0 337.0 661.0 375.0 
face 1.0 616.0 330.0 635.0 361.0 
face 1.0 803.0 305.0 825.0 332.0 
face 1.0 822.0 313.0 834.0 328.0 
face 1.0 808.0 335.0 830.0 368.0 
face 1.0 830.0 345.0 861.0 375.0 
face 1.0 926.0 310.0 939.0 326.0 
face 1.0 965.0 305.0 981.0 325.0 
face 1.0 866.0 328.0 891.0 360.0 
face 1.0 1011.0 294.0 1023.0 310.0 
face 1.0 248.0 343.0 269.0 373.0 
