face 1.0 926.0 174.0 1011.0 259.0 
face 1.0 867.0 195.0 921.0 256.0 
face 1.0 736.0 146.0 797.0 222.0 
face 1.0 721.0 125.0 761.0 173.0 
face 1.0 589.0 107.0 635.0 164.0 
face 1.0 556.0 153.0 570.0 174.0 
face 1.0 539.0 153.0 552.0 168.0 
face 1.0 488.0 165.0 525.0 213.0 
face 1.0 322.0 119.0 377.0 202.0 
face 1.0 303.0 138.0 309.0 146.0 
face 1.0 258.0 133.0 275.0 154.0 
face 1.0 191.0 116.0 225.0 160.0 
face 1.0 39.0 121.0 58.0 148.0 
face 1.0 6.0 125.0 25.0 146.0 
face 1.0 72.0 123.0 85.0 142.0 
face 1.0 90.0 133.0 100.0 147.0 
