face 1.0 677.0 323.0 695.0 339.0 
face 1.0 503.0 269.0 514.0 282.0 
face 1.0 247.0 246.0 256.0 258.0 
face 1.0 179.0 236.0 189.0 250.0 
face 1.0 211.0 253.0 218.0 262.0 
face 1.0 136.0 271.0 143.0 280.0 
face 1.0 197.0 285.0 205.0 294.0 
face 1.0 165.0 277.0 174.0 288.0 
face 1.0 141.0 234.0 151.0 247.0 
face 1.0 339.0 281.0 349.0 294.0 
face 1.0 352.0 276.0 360.0 287.0 
face 1.0 369.0 254.0 377.0 266.0 
face 1.0 418.0 310.0 428.0 323.0 
face 1.0 438.0 303.0 445.0 313.0 
face 1.0 475.0 266.0 483.0 278.0 
face 1.0 453.0 256.0 464.0 272.0 
face 1.0 403.0 247.0 415.0 260.0 
face 1.0 313.0 255.0 324.0 266.0 
face 1.0 472.0 304.0 481.0 317.0 
face 1.0 29.0 263.0 36.0 277.0 
