face 1.0 613.0 344.0 660.0 391.0 
face 1.0 736.0 441.0 795.0 495.0 
face 1.0 433.0 319.0 472.0 388.0 
face 1.0 249.0 315.0 292.0 371.0 
face 1.0 135.0 329.0 169.0 370.0 
face 1.0 54.0 295.0 91.0 334.0 
face 1.0 0.0 321.0 20.0 348.0 
face 1.0 986.0 0.0 1024.0 53.0 
face 1.0 624.0 112.0 645.0 140.0 
face 1.0 60.0 143.0 86.0 168.0 
face 1.0 99.0 162.0 113.0 180.0 
face 1.0 33.0 150.0 47.0 165.0 
face 1.0 271.0 172.0 281.0 183.0 
face 1.0 674.0 140.0 681.0 150.0 
face 1.0 688.0 140.0 695.0 149.0 
face 1.0 714.0 141.0 720.0 151.0 
face 1.0 563.0 142.0 572.0 152.0 
