face 1.0 871.0 137.0 888.0 156.0 
face 1.0 812.0 107.0 826.0 128.0 
face 1.0 688.0 165.0 705.0 188.0 
face 1.0 678.0 127.0 696.0 149.0 
face 1.0 601.0 141.0 618.0 163.0 
face 1.0 522.0 138.0 543.0 159.0 
face 1.0 549.0 59.0 562.0 76.0 
face 1.0 522.0 70.0 537.0 90.0 
face 1.0 439.0 134.0 456.0 157.0 
face 1.0 419.0 100.0 436.0 125.0 
face 1.0 393.0 77.0 407.0 95.0 
face 1.0 363.0 79.0 375.0 96.0 
face 1.0 315.0 139.0 333.0 165.0 
face 1.0 296.0 87.0 309.0 106.0 
face 1.0 333.0 67.0 346.0 85.0 
face 1.0 343.0 67.0 351.0 83.0 
face 1.0 281.0 54.0 288.0 63.0 
face 1.0 408.0 262.0 435.0 298.0 
face 1.0 352.0 232.0 373.0 249.0 
face 1.0 174.0 50.0 181.0 59.0 
face 1.0 90.0 59.0 100.0 69.0 
face 1.0 359.0 43.0 369.0 53.0 
face 1.0 229.0 163.0 247.0 184.0 
face 1.0 170.0 162.0 189.0 186.0 
face 1.0 143.0 164.0 162.0 189.0 
face 1.0 151.0 208.0 172.0 235.0 
face 1.0 23.0 212.0 44.0 240.0 
face 1.0 17.0 161.0 37.0 185.0 
face 1.0 72.0 96.0 86.0 116.0 
face 1.0 950.0 57.0 959.0 69.0 
face 1.0 1000.0 72.0 1006.0 82.0 
