face 1.0 516.0 182.0 560.0 241.0 
face 1.0 184.0 256.0 205.0 294.0 
face 1.0 184.0 220.0 204.0 243.0 
face 1.0 7.0 200.0 37.0 242.0 
face 1.0 63.0 266.0 75.0 282.0 
face 1.0 34.0 250.0 44.0 262.0 
face 1.0 472.0 236.0 500.0 266.0 
face 1.0 108.0 256.0 116.0 269.0 
face 1.0 252.0 259.0 263.0 272.0 
face 1.0 676.0 255.0 688.0 269.0 
face 1.0 695.0 260.0 703.0 271.0 
face 1.0 639.0 253.0 645.0 264.0 
face 1.0 502.0 237.0 512.0 252.0 
face 1.0 984.0 225.0 1022.0 255.0 
face 1.0 856.0 241.0 876.0 260.0 
face 1.0 806.0 250.0 817.0 263.0 
face 1.0 309.0 259.0 316.0 269.0 
face 1.0 58.0 256.0 67.0 268.0 
face 1.0 396.0 257.0 401.0 262.0 
