face 1.0 607.0 250.0 648.0 309.0 
face 1.0 783.0 262.0 821.0 319.0 
face 1.0 746.0 287.0 774.0 328.0 
face 1.0 564.0 239.0 601.0 290.0 
face 1.0 531.0 271.0 560.0 311.0 
face 1.0 804.0 231.0 827.0 293.0 
face 1.0 959.0 274.0 1004.0 330.0 
face 1.0 927.0 271.0 958.0 321.0 
face 1.0 893.0 255.0 931.0 299.0 
face 1.0 848.0 96.0 883.0 136.0 
face 1.0 895.0 122.0 936.0 160.0 
face 1.0 961.0 175.0 1004.0 207.0 
face 1.0 1003.0 117.0 1023.0 159.0 
face 1.0 480.0 286.0 522.0 339.0 
face 1.0 481.0 255.0 521.0 291.0 
face 1.0 409.0 248.0 448.0 296.0 
face 1.0 357.0 258.0 398.0 308.0 
face 1.0 299.0 265.0 337.0 307.0 
face 1.0 344.0 248.0 379.0 291.0 
face 1.0 205.0 128.0 250.0 178.0 
face 1.0 173.0 167.0 208.0 216.0 
face 1.0 205.0 250.0 250.0 294.0 
face 1.0 145.0 237.0 178.0 295.0 
face 1.0 718.0 46.0 733.0 61.0 
face 1.0 615.0 156.0 622.0 164.0 
face 1.0 623.0 167.0 628.0 175.0 
face 1.0 544.0 156.0 560.0 171.0 
face 1.0 481.0 35.0 514.0 75.0 
face 1.0 347.0 14.0 384.0 53.0 
face 1.0 357.0 78.0 374.0 96.0 
face 1.0 224.0 2.0 256.0 43.0 
face 1.0 46.0 252.0 73.0 306.0 
face 1.0 111.0 304.0 146.0 343.0 
face 1.0 243.0 275.0 267.0 308.0 
face 1.0 265.0 329.0 281.0 350.0 
face 1.0 315.0 409.0 337.0 435.0 
face 1.0 402.0 379.0 413.0 393.0 
face 1.0 377.0 388.0 395.0 410.0 
face 1.0 361.0 364.0 374.0 380.0 
face 1.0 386.0 360.0 394.0 374.0 
face 1.0 398.0 362.0 407.0 371.0 
face 1.0 411.0 362.0 421.0 371.0 
face 1.0 353.0 375.0 359.0 383.0 
face 1.0 357.0 393.0 363.0 402.0 
face 1.0 814.0 532.0 857.0 585.0 
face 1.0 737.0 579.0 774.0 636.0 
face 1.0 694.0 531.0 730.0 599.0 
face 1.0 620.0 534.0 654.0 593.0 
face 1.0 517.0 476.0 556.0 519.0 
face 1.0 517.0 572.0 553.0 641.0 
face 1.0 322.0 478.0 365.0 526.0 
face 1.0 311.0 520.0 351.0 581.0 
face 1.0 227.0 552.0 243.0 572.0 
face 1.0 120.0 487.0 164.0 549.0 
face 1.0 195.0 466.0 231.0 522.0 
face 1.0 196.0 605.0 225.0 667.0 
