face 1.0 274.0 388.0 316.0 437.0 
face 1.0 408.0 383.0 453.0 435.0 
face 1.0 442.0 387.0 469.0 423.0 
face 1.0 321.0 395.0 355.0 435.0 
face 1.0 197.0 361.0 226.0 395.0 
face 1.0 188.0 417.0 212.0 449.0 
face 1.0 110.0 376.0 157.0 436.0 
face 1.0 25.0 339.0 45.0 381.0 
face 1.0 96.0 316.0 136.0 360.0 
face 1.0 685.0 386.0 707.0 414.0 
face 1.0 767.0 362.0 792.0 386.0 
face 1.0 787.0 469.0 810.0 498.0 
face 1.0 921.0 379.0 943.0 404.0 
face 1.0 599.0 340.0 620.0 371.0 
face 1.0 879.0 381.0 899.0 408.0 
face 1.0 610.0 395.0 636.0 426.0 
