face 1.0 228.0 192.0 278.0 263.0 
face 1.0 336.0 184.0 357.0 217.0 
face 1.0 391.0 178.0 411.0 202.0 
face 1.0 118.0 170.0 159.0 219.0 
face 1.0 90.0 195.0 118.0 231.0 
face 1.0 344.0 251.0 456.0 397.0 
face 1.0 474.0 211.0 552.0 320.0 
face 1.0 556.0 212.0 608.0 269.0 
face 1.0 652.0 217.0 732.0 311.0 
face 1.0 591.0 177.0 614.0 208.0 
face 1.0 450.0 163.0 497.0 239.0 
face 1.0 280.0 170.0 295.0 190.0 
face 1.0 294.0 176.0 304.0 190.0 
face 1.0 977.0 218.0 1024.0 280.0 
face 1.0 741.0 196.0 760.0 220.0 
face 1.0 189.0 187.0 209.0 207.0 
