face 1.0 12.0 381.0 101.0 494.0 
face 1.0 233.0 305.0 305.0 395.0 
face 1.0 299.0 295.0 360.0 387.0 
face 1.0 372.0 338.0 419.0 400.0 
face 1.0 418.0 319.0 471.0 385.0 
face 1.0 396.0 280.0 421.0 312.0 
face 1.0 555.0 324.0 586.0 371.0 
face 1.0 651.0 275.0 687.0 323.0 
face 1.0 196.0 287.0 226.0 322.0 
face 1.0 0.0 308.0 25.0 351.0 
face 1.0 757.0 272.0 792.0 315.0 
face 1.0 458.0 276.0 478.0 304.0 
face 1.0 479.0 282.0 501.0 310.0 
face 1.0 907.0 282.0 936.0 314.0 
face 1.0 929.0 267.0 955.0 300.0 
face 1.0 841.0 269.0 872.0 300.0 
face 1.0 787.0 280.0 817.0 320.0 
face 1.0 706.0 272.0 730.0 297.0 
face 1.0 369.0 277.0 394.0 307.0 
