face 1.0 0.0 707.0 6.0 716.0 
face 1.0 28.0 664.0 34.0 673.0 
face 1.0 61.0 668.0 66.0 676.0 
face 1.0 36.0 735.0 48.0 749.0 
face 1.0 86.0 718.0 97.0 728.0 
face 1.0 130.0 735.0 140.0 745.0 
face 1.0 157.0 747.0 169.0 758.0 
face 1.0 182.0 726.0 192.0 738.0 
face 1.0 152.0 722.0 162.0 733.0 
face 1.0 109.0 672.0 118.0 682.0 
face 1.0 134.0 677.0 145.0 688.0 
face 1.0 146.0 639.0 152.0 647.0 
face 1.0 123.0 660.0 129.0 666.0 
face 1.0 129.0 655.0 134.0 662.0 
face 1.0 185.0 646.0 192.0 655.0 
face 1.0 210.0 696.0 220.0 707.0 
face 1.0 251.0 718.0 260.0 729.0 
face 1.0 270.0 688.0 279.0 698.0 
face 1.0 317.0 713.0 326.0 722.0 
face 1.0 349.0 727.0 359.0 739.0 
face 1.0 374.0 715.0 381.0 725.0 
face 1.0 363.0 650.0 372.0 660.0 
face 1.0 17.0 568.0 24.0 574.0 
face 1.0 164.0 491.0 170.0 498.0 
face 1.0 64.0 486.0 70.0 492.0 
face 1.0 73.0 445.0 79.0 451.0 
face 1.0 91.0 447.0 98.0 454.0 
face 1.0 119.0 471.0 124.0 477.0 
face 1.0 147.0 472.0 153.0 479.0 
face 1.0 178.0 484.0 184.0 490.0 
face 1.0 176.0 469.0 181.0 475.0 
face 1.0 193.0 466.0 198.0 472.0 
face 1.0 167.0 462.0 172.0 467.0 
face 1.0 144.0 449.0 149.0 454.0 
face 1.0 161.0 445.0 167.0 450.0 
face 1.0 2.0 507.0 7.0 513.0 
face 1.0 0.0 472.0 5.0 478.0 
face 1.0 35.0 453.0 39.0 459.0 
face 1.0 37.0 396.0 43.0 402.0 
face 1.0 29.0 348.0 32.0 352.0 
face 1.0 62.0 379.0 66.0 383.0 
face 1.0 77.0 397.0 82.0 403.0 
face 1.0 93.0 381.0 97.0 386.0 
face 1.0 68.0 369.0 72.0 373.0 
face 1.0 93.0 364.0 97.0 369.0 
face 1.0 93.0 334.0 98.0 339.0 
face 1.0 112.0 332.0 115.0 337.0 
face 1.0 112.0 363.0 115.0 367.0 
face 1.0 117.0 368.0 121.0 372.0 
face 1.0 134.0 377.0 138.0 383.0 
face 1.0 126.0 363.0 131.0 368.0 
face 1.0 127.0 329.0 132.0 334.0 
face 1.0 144.0 367.0 148.0 371.0 
face 1.0 145.0 357.0 150.0 363.0 
face 1.0 152.0 340.0 156.0 345.0 
face 1.0 158.0 328.0 162.0 333.0 
face 1.0 162.0 354.0 166.0 359.0 
face 1.0 171.0 377.0 175.0 382.0 
face 1.0 191.0 374.0 196.0 379.0 
face 1.0 181.0 353.0 186.0 357.0 
face 1.0 181.0 346.0 187.0 351.0 
face 1.0 187.0 323.0 192.0 327.0 
face 1.0 23.0 258.0 26.0 261.0 
face 1.0 40.0 261.0 43.0 265.0 
face 1.0 91.0 306.0 94.0 310.0 
face 1.0 97.0 285.0 100.0 288.0 
face 1.0 112.0 284.0 115.0 289.0 
face 1.0 279.0 582.0 288.0 592.0 
face 1.0 240.0 498.0 246.0 504.0 
face 1.0 194.0 496.0 200.0 502.0 
face 1.0 343.0 512.0 352.0 521.0 
face 1.0 358.0 540.0 366.0 548.0 
face 1.0 385.0 540.0 391.0 547.0 
face 1.0 411.0 559.0 418.0 566.0 
face 1.0 387.0 490.0 396.0 498.0 
face 1.0 372.0 446.0 377.0 451.0 
face 1.0 332.0 484.0 338.0 491.0 
face 1.0 340.0 510.0 345.0 517.0 
face 1.0 304.0 479.0 310.0 486.0 
face 1.0 297.0 462.0 302.0 468.0 
face 1.0 218.0 475.0 224.0 482.0 
face 1.0 219.0 445.0 224.0 452.0 
face 1.0 238.0 446.0 244.0 453.0 
face 1.0 231.0 429.0 236.0 434.0 
face 1.0 277.0 458.0 282.0 463.0 
face 1.0 231.0 473.0 235.0 478.0 
face 1.0 267.0 475.0 272.0 481.0 
face 1.0 233.0 460.0 238.0 466.0 
face 1.0 263.0 477.0 267.0 482.0 
face 1.0 248.0 427.0 253.0 434.0 
face 1.0 297.0 416.0 302.0 421.0 
face 1.0 296.0 407.0 302.0 413.0 
face 1.0 305.0 412.0 310.0 419.0 
face 1.0 332.0 387.0 336.0 392.0 
face 1.0 287.0 388.0 292.0 394.0 
face 1.0 289.0 444.0 294.0 449.0 
face 1.0 223.0 350.0 227.0 355.0 
face 1.0 202.0 348.0 205.0 351.0 
face 1.0 198.0 344.0 202.0 348.0 
face 1.0 200.0 333.0 204.0 336.0 
face 1.0 217.0 323.0 221.0 328.0 
face 1.0 238.0 322.0 242.0 326.0 
face 1.0 253.0 340.0 258.0 345.0 
face 1.0 282.0 323.0 287.0 328.0 
face 1.0 296.0 313.0 299.0 318.0 
face 1.0 302.0 304.0 306.0 308.0 
face 1.0 261.0 315.0 264.0 319.0 
face 1.0 258.0 308.0 261.0 313.0 
face 1.0 234.0 308.0 238.0 311.0 
face 1.0 224.0 309.0 228.0 313.0 
face 1.0 203.0 303.0 206.0 306.0 
face 1.0 207.0 296.0 210.0 300.0 
face 1.0 189.0 297.0 192.0 301.0 
face 1.0 186.0 287.0 189.0 290.0 
face 1.0 247.0 294.0 251.0 297.0 
face 1.0 257.0 286.0 262.0 292.0 
face 1.0 275.0 307.0 278.0 311.0 
face 1.0 304.0 294.0 307.0 297.0 
face 1.0 295.0 285.0 300.0 290.0 
face 1.0 281.0 284.0 287.0 289.0 
face 1.0 221.0 250.0 225.0 253.0 
face 1.0 188.0 251.0 191.0 254.0 
face 1.0 190.0 237.0 192.0 240.0 
face 1.0 209.0 251.0 212.0 254.0 
face 1.0 164.0 228.0 167.0 231.0 
face 1.0 177.0 253.0 179.0 257.0 
face 1.0 193.0 226.0 196.0 229.0 
face 1.0 11.0 286.0 15.0 290.0 
face 1.0 6.0 228.0 9.0 230.0 
face 1.0 14.0 227.0 16.0 229.0 
face 1.0 61.0 222.0 63.0 224.0 
face 1.0 57.0 216.0 60.0 218.0 
face 1.0 55.0 209.0 57.0 211.0 
face 1.0 62.0 210.0 64.0 212.0 
face 1.0 114.0 230.0 117.0 233.0 
face 1.0 104.0 232.0 106.0 235.0 
face 1.0 148.0 214.0 150.0 217.0 
face 1.0 125.0 219.0 127.0 221.0 
face 1.0 116.0 212.0 118.0 214.0 
face 1.0 129.0 210.0 131.0 212.0 
face 1.0 212.0 222.0 215.0 226.0 
face 1.0 200.0 221.0 203.0 224.0 
face 1.0 274.0 252.0 278.0 255.0 
face 1.0 252.0 282.0 257.0 286.0 
face 1.0 314.0 274.0 319.0 282.0 
face 1.0 223.0 281.0 227.0 285.0 
face 1.0 237.0 271.0 243.0 278.0 
face 1.0 252.0 275.0 255.0 279.0 
face 1.0 310.0 321.0 314.0 324.0 
face 1.0 326.0 340.0 330.0 345.0 
face 1.0 340.0 337.0 343.0 342.0 
face 1.0 305.0 352.0 309.0 357.0 
face 1.0 324.0 309.0 327.0 312.0 
face 1.0 320.0 306.0 324.0 312.0 
face 1.0 335.0 289.0 338.0 293.0 
face 1.0 350.0 291.0 352.0 294.0 
face 1.0 354.0 298.0 357.0 301.0 
face 1.0 365.0 309.0 368.0 313.0 
face 1.0 344.0 319.0 348.0 323.0 
face 1.0 344.0 330.0 348.0 335.0 
face 1.0 339.0 212.0 343.0 216.0 
face 1.0 349.0 207.0 352.0 212.0 
face 1.0 365.0 237.0 369.0 242.0 
face 1.0 375.0 226.0 378.0 230.0 
face 1.0 366.0 230.0 370.0 235.0 
face 1.0 348.0 225.0 351.0 229.0 
face 1.0 354.0 223.0 359.0 228.0 
face 1.0 363.0 218.0 367.0 223.0 
face 1.0 362.0 206.0 364.0 208.0 
face 1.0 347.0 236.0 350.0 240.0 
face 1.0 432.0 314.0 436.0 319.0 
face 1.0 449.0 308.0 453.0 313.0 
face 1.0 376.0 280.0 380.0 284.0 
face 1.0 395.0 274.0 399.0 279.0 
face 1.0 408.0 258.0 412.0 263.0 
face 1.0 415.0 276.0 419.0 280.0 
face 1.0 426.0 260.0 430.0 264.0 
face 1.0 441.0 260.0 444.0 264.0 
face 1.0 435.0 271.0 439.0 275.0 
face 1.0 433.0 295.0 437.0 300.0 
face 1.0 407.0 335.0 411.0 338.0 
face 1.0 410.0 316.0 414.0 321.0 
face 1.0 486.0 318.0 490.0 323.0 
face 1.0 456.0 345.0 460.0 349.0 
face 1.0 472.0 336.0 476.0 342.0 
face 1.0 463.0 326.0 467.0 330.0 
face 1.0 352.0 386.0 358.0 392.0 
face 1.0 373.0 367.0 377.0 372.0 
face 1.0 394.0 363.0 398.0 367.0 
face 1.0 404.0 365.0 408.0 370.0 
face 1.0 433.0 417.0 439.0 423.0 
face 1.0 464.0 375.0 468.0 380.0 
face 1.0 439.0 483.0 444.0 492.0 
face 1.0 468.0 473.0 474.0 482.0 
face 1.0 495.0 459.0 501.0 466.0 
face 1.0 531.0 451.0 536.0 459.0 
face 1.0 523.0 522.0 529.0 529.0 
face 1.0 530.0 544.0 536.0 551.0 
face 1.0 585.0 555.0 594.0 566.0 
face 1.0 437.0 533.0 445.0 543.0 
face 1.0 414.0 616.0 421.0 623.0 
face 1.0 396.0 687.0 403.0 698.0 
face 1.0 477.0 646.0 486.0 656.0 
face 1.0 531.0 740.0 539.0 751.0 
face 1.0 431.0 752.0 439.0 762.0 
face 1.0 443.0 613.0 452.0 622.0 
face 1.0 482.0 603.0 489.0 613.0 
face 1.0 523.0 606.0 531.0 617.0 
face 1.0 563.0 640.0 571.0 651.0 
face 1.0 487.0 574.0 493.0 580.0 
face 1.0 509.0 579.0 515.0 587.0 
face 1.0 437.0 583.0 446.0 592.0 
face 1.0 420.0 759.0 427.0 767.0 
face 1.0 409.0 756.0 416.0 766.0 
face 1.0 446.0 597.0 453.0 604.0 
face 1.0 495.0 582.0 500.0 589.0 
face 1.0 489.0 354.0 493.0 359.0 
face 1.0 485.0 345.0 488.0 349.0 
face 1.0 526.0 349.0 530.0 353.0 
face 1.0 517.0 374.0 521.0 379.0 
face 1.0 549.0 369.0 553.0 374.0 
face 1.0 559.0 361.0 563.0 366.0 
face 1.0 549.0 402.0 553.0 408.0 
face 1.0 585.0 394.0 591.0 401.0 
face 1.0 621.0 404.0 627.0 410.0 
face 1.0 591.0 420.0 594.0 426.0 
face 1.0 626.0 415.0 629.0 420.0 
face 1.0 601.0 439.0 607.0 446.0 
face 1.0 620.0 441.0 626.0 448.0 
face 1.0 630.0 425.0 636.0 431.0 
face 1.0 569.0 454.0 576.0 461.0 
face 1.0 644.0 491.0 651.0 498.0 
face 1.0 634.0 519.0 640.0 526.0 
face 1.0 675.0 449.0 681.0 458.0 
face 1.0 675.0 535.0 683.0 543.0 
face 1.0 631.0 569.0 639.0 577.0 
face 1.0 636.0 550.0 641.0 559.0 
face 1.0 705.0 536.0 710.0 543.0 
face 1.0 722.0 504.0 729.0 514.0 
face 1.0 753.0 525.0 759.0 533.0 
face 1.0 746.0 542.0 752.0 551.0 
face 1.0 834.0 513.0 840.0 520.0 
face 1.0 880.0 538.0 887.0 546.0 
face 1.0 928.0 570.0 934.0 579.0 
face 1.0 893.0 541.0 900.0 550.0 
face 1.0 879.0 558.0 884.0 566.0 
face 1.0 618.0 655.0 626.0 665.0 
face 1.0 598.0 634.0 605.0 644.0 
face 1.0 631.0 613.0 639.0 623.0 
face 1.0 642.0 632.0 650.0 640.0 
face 1.0 635.0 672.0 644.0 684.0 
face 1.0 683.0 715.0 690.0 725.0 
face 1.0 678.0 739.0 684.0 747.0 
face 1.0 762.0 737.0 770.0 747.0 
face 1.0 747.0 727.0 755.0 737.0 
face 1.0 769.0 644.0 775.0 654.0 
face 1.0 769.0 619.0 774.0 628.0 
face 1.0 749.0 635.0 758.0 645.0 
face 1.0 739.0 622.0 747.0 633.0 
face 1.0 705.0 616.0 710.0 625.0 
face 1.0 682.0 594.0 689.0 603.0 
face 1.0 830.0 746.0 836.0 757.0 
face 1.0 829.0 683.0 835.0 691.0 
face 1.0 857.0 712.0 864.0 723.0 
face 1.0 946.0 651.0 953.0 662.0 
face 1.0 930.0 632.0 937.0 643.0 
face 1.0 906.0 634.0 912.0 644.0 
face 1.0 899.0 643.0 904.0 654.0 
face 1.0 831.0 618.0 838.0 627.0 
face 1.0 820.0 639.0 824.0 647.0 
face 1.0 907.0 672.0 916.0 682.0 
face 1.0 991.0 731.0 997.0 741.0 
face 1.0 956.0 713.0 962.0 721.0 
face 1.0 965.0 668.0 970.0 676.0 
face 1.0 917.0 728.0 925.0 736.0 
face 1.0 926.0 737.0 931.0 746.0 
face 1.0 899.0 726.0 907.0 734.0 
