face 1.0 26.0 103.0 39.0 120.0 
face 1.0 25.0 130.0 44.0 148.0 
face 1.0 140.0 143.0 163.0 176.0 
face 1.0 173.0 127.0 190.0 146.0 
face 1.0 131.0 121.0 146.0 136.0 
face 1.0 109.0 129.0 125.0 144.0 
face 1.0 119.0 146.0 139.0 169.0 
face 1.0 126.0 103.0 137.0 114.0 
face 1.0 168.0 102.0 178.0 113.0 
face 1.0 68.0 96.0 75.0 105.0 
face 1.0 69.0 130.0 85.0 150.0 
face 1.0 241.0 122.0 261.0 145.0 
face 1.0 200.0 122.0 210.0 134.0 
face 1.0 187.0 103.0 195.0 120.0 
face 1.0 283.0 155.0 301.0 184.0 
face 1.0 387.0 133.0 402.0 156.0 
face 1.0 344.0 95.0 357.0 109.0 
face 1.0 356.0 88.0 366.0 100.0 
face 1.0 411.0 107.0 423.0 123.0 
face 1.0 439.0 126.0 450.0 143.0 
face 1.0 448.0 115.0 461.0 135.0 
face 1.0 471.0 148.0 497.0 181.0 
face 1.0 380.0 185.0 410.0 222.0 
face 1.0 580.0 152.0 596.0 183.0 
face 1.0 523.0 120.0 536.0 138.0 
face 1.0 540.0 93.0 550.0 104.0 
face 1.0 639.0 164.0 659.0 199.0 
face 1.0 692.0 146.0 720.0 181.0 
face 1.0 758.0 119.0 775.0 141.0 
face 1.0 786.0 113.0 800.0 128.0 
face 1.0 804.0 216.0 820.0 254.0 
face 1.0 834.0 203.0 866.0 240.0 
face 1.0 960.0 104.0 976.0 124.0 
face 1.0 999.0 143.0 1014.0 173.0 
face 1.0 476.0 227.0 491.0 249.0 
face 1.0 263.0 232.0 277.0 252.0 
face 1.0 432.0 98.0 442.0 109.0 
face 1.0 311.0 171.0 326.0 194.0 
face 1.0 570.0 122.0 584.0 140.0 
face 1.0 598.0 115.0 610.0 132.0 
face 1.0 528.0 108.0 538.0 120.0 
face 1.0 379.0 103.0 389.0 115.0 
face 1.0 281.0 123.0 295.0 140.0 
face 1.0 239.0 84.0 251.0 98.0 
face 1.0 159.0 219.0 168.0 234.0 
face 1.0 98.0 91.0 104.0 97.0 
face 1.0 158.0 60.0 164.0 67.0 
face 1.0 167.0 64.0 171.0 68.0 
face 1.0 62.0 96.0 66.0 100.0 
face 1.0 53.0 98.0 59.0 105.0 
face 1.0 20.0 79.0 25.0 85.0 
face 1.0 88.0 97.0 94.0 102.0 
face 1.0 399.0 165.0 411.0 179.0 
face 1.0 293.0 89.0 300.0 100.0 
face 1.0 289.0 103.0 297.0 112.0 
face 1.0 12.0 88.0 22.0 100.0 
face 1.0 4.0 112.0 14.0 125.0 
