face 1.0 97.0 500.0 114.0 543.0 
face 1.0 19.0 486.0 38.0 521.0 
face 1.0 55.0 417.0 73.0 450.0 
face 1.0 20.0 391.0 46.0 446.0 
face 1.0 146.0 370.0 173.0 411.0 
face 1.0 173.0 386.0 196.0 437.0 
face 1.0 250.0 387.0 274.0 433.0 
face 1.0 268.0 417.0 287.0 464.0 
face 1.0 230.0 684.0 262.0 754.0 
face 1.0 258.0 437.0 276.0 469.0 
face 1.0 0.0 334.0 12.0 361.0 
face 1.0 4.0 326.0 27.0 354.0 
face 1.0 62.0 307.0 81.0 334.0 
face 1.0 128.0 303.0 157.0 340.0 
face 1.0 111.0 265.0 138.0 293.0 
face 1.0 67.0 234.0 88.0 260.0 
face 1.0 131.0 252.0 149.0 279.0 
face 1.0 149.0 271.0 164.0 294.0 
face 1.0 174.0 259.0 196.0 281.0 
face 1.0 206.0 271.0 233.0 303.0 
face 1.0 186.0 294.0 201.0 318.0 
face 1.0 196.0 334.0 217.0 366.0 
face 1.0 69.0 337.0 95.0 362.0 
face 1.0 71.0 291.0 92.0 316.0 
face 1.0 1.0 254.0 16.0 276.0 
face 1.0 0.0 278.0 11.0 295.0 
face 1.0 18.0 277.0 30.0 289.0 
face 1.0 232.0 271.0 246.0 292.0 
face 1.0 265.0 274.0 290.0 298.0 
face 1.0 244.0 354.0 258.0 373.0 
face 1.0 262.0 316.0 278.0 342.0 
face 1.0 387.0 284.0 403.0 314.0 
face 1.0 337.0 293.0 357.0 320.0 
face 1.0 414.0 261.0 440.0 288.0 
face 1.0 378.0 351.0 396.0 380.0 
face 1.0 479.0 304.0 507.0 343.0 
face 1.0 531.0 254.0 553.0 287.0 
face 1.0 765.0 306.0 786.0 335.0 
face 1.0 605.0 343.0 633.0 418.0 
face 1.0 877.0 408.0 901.0 451.0 
