face 1.0 123.0 213.0 148.0 253.0 
face 1.0 30.0 194.0 35.0 200.0 
face 1.0 75.0 158.0 85.0 171.0 
face 1.0 96.0 170.0 119.0 194.0 
face 1.0 163.0 177.0 174.0 192.0 
face 1.0 204.0 172.0 219.0 190.0 
face 1.0 250.0 177.0 277.0 208.0 
face 1.0 428.0 123.0 478.0 177.0 
face 1.0 305.0 168.0 314.0 179.0 
face 1.0 544.0 146.0 566.0 168.0 
face 1.0 603.0 176.0 627.0 202.0 
face 1.0 615.0 139.0 636.0 161.0 
face 1.0 673.0 157.0 688.0 175.0 
face 1.0 691.0 146.0 715.0 180.0 
face 1.0 712.0 187.0 734.0 221.0 
face 1.0 727.0 158.0 788.0 241.0 
face 1.0 844.0 145.0 868.0 169.0 
face 1.0 906.0 171.0 930.0 198.0 
face 1.0 940.0 124.0 962.0 151.0 
face 1.0 906.0 139.0 922.0 150.0 
face 1.0 1011.0 118.0 1023.0 138.0 
face 1.0 970.0 132.0 987.0 154.0 
face 1.0 524.0 157.0 538.0 173.0 
