face 1.0 513.0 118.0 520.0 126.0 
face 1.0 487.0 121.0 495.0 131.0 
face 1.0 534.0 117.0 541.0 126.0 
face 1.0 553.0 104.0 559.0 110.0 
face 1.0 561.0 95.0 567.0 102.0 
face 1.0 575.0 94.0 580.0 101.0 
face 1.0 584.0 117.0 591.0 124.0 
face 1.0 603.0 121.0 611.0 134.0 
face 1.0 595.0 123.0 601.0 131.0 
face 1.0 524.0 106.0 528.0 112.0 
face 1.0 535.0 129.0 540.0 137.0 
face 1.0 542.0 125.0 548.0 133.0 
face 1.0 548.0 129.0 555.0 137.0 
face 1.0 556.0 125.0 565.0 136.0 
face 1.0 572.0 122.0 580.0 133.0 
face 1.0 587.0 127.0 595.0 138.0 
face 1.0 566.0 145.0 582.0 167.0 
face 1.0 542.0 150.0 562.0 171.0 
face 1.0 517.0 146.0 530.0 163.0 
face 1.0 497.0 144.0 518.0 165.0 
face 1.0 477.0 136.0 495.0 157.0 
face 1.0 457.0 138.0 471.0 154.0 
face 1.0 465.0 149.0 480.0 164.0 
face 1.0 410.0 195.0 443.0 229.0 
face 1.0 611.0 168.0 627.0 189.0 
face 1.0 665.0 192.0 694.0 217.0 
face 1.0 617.0 124.0 625.0 135.0 
face 1.0 736.0 118.0 746.0 129.0 
face 1.0 746.0 119.0 759.0 136.0 
face 1.0 740.0 133.0 751.0 146.0 
face 1.0 768.0 129.0 780.0 143.0 
face 1.0 782.0 119.0 792.0 130.0 
face 1.0 803.0 134.0 812.0 147.0 
face 1.0 785.0 145.0 801.0 165.0 
face 1.0 772.0 177.0 795.0 207.0 
face 1.0 693.0 191.0 713.0 211.0 
face 1.0 801.0 204.0 842.0 253.0 
face 1.0 831.0 180.0 859.0 218.0 
face 1.0 844.0 127.0 859.0 147.0 
face 1.0 864.0 138.0 873.0 150.0 
face 1.0 881.0 161.0 907.0 193.0 
face 1.0 904.0 144.0 915.0 159.0 
face 1.0 919.0 147.0 927.0 159.0 
face 1.0 908.0 125.0 917.0 137.0 
face 1.0 816.0 123.0 826.0 134.0 
face 1.0 846.0 222.0 877.0 264.0 
face 1.0 936.0 137.0 948.0 153.0 
face 1.0 947.0 143.0 961.0 159.0 
face 1.0 966.0 144.0 980.0 162.0 
face 1.0 973.0 134.0 985.0 146.0 
face 1.0 988.0 133.0 999.0 144.0 
face 1.0 997.0 139.0 1009.0 152.0 
face 1.0 1012.0 150.0 1023.0 164.0 
face 1.0 996.0 176.0 1015.0 202.0 
face 1.0 951.0 193.0 976.0 221.0 
face 1.0 924.0 208.0 958.0 249.0 
face 1.0 976.0 218.0 1010.0 260.0 
face 1.0 932.0 281.0 993.0 359.0 
face 1.0 865.0 333.0 930.0 404.0 
face 1.0 737.0 389.0 841.0 518.0 
face 1.0 692.0 322.0 738.0 376.0 
face 1.0 784.0 286.0 822.0 327.0 
face 1.0 614.0 209.0 640.0 245.0 
face 1.0 649.0 230.0 685.0 283.0 
face 1.0 579.0 226.0 610.0 262.0 
face 1.0 464.0 239.0 503.0 282.0 
face 1.0 481.0 308.0 563.0 415.0 
face 1.0 307.0 312.0 371.0 387.0 
face 1.0 137.0 341.0 197.0 416.0 
face 1.0 123.0 227.0 173.0 296.0 
face 1.0 128.0 176.0 160.0 214.0 
face 1.0 196.0 196.0 233.0 238.0 
face 1.0 268.0 197.0 310.0 244.0 
face 1.0 301.0 186.0 327.0 219.0 
face 1.0 327.0 178.0 358.0 213.0 
face 1.0 60.0 201.0 89.0 247.0 
face 1.0 0.0 189.0 32.0 235.0 
face 1.0 22.0 150.0 39.0 167.0 
face 1.0 55.0 167.0 79.0 195.0 
face 1.0 66.0 151.0 85.0 174.0 
face 1.0 110.0 154.0 121.0 167.0 
face 1.0 68.0 133.0 81.0 148.0 
face 1.0 111.0 131.0 124.0 144.0 
face 1.0 54.0 140.0 65.0 152.0 
face 1.0 50.0 133.0 60.0 146.0 
face 1.0 46.0 127.0 55.0 139.0 
face 1.0 23.0 124.0 33.0 134.0 
face 1.0 11.0 135.0 23.0 147.0 
face 1.0 7.0 112.0 17.0 124.0 
face 1.0 28.0 112.0 37.0 124.0 
