face 1.0 616.0 625.0 714.0 728.0 
face 1.0 804.0 607.0 875.0 720.0 
face 1.0 947.0 665.0 1023.0 728.0 
face 1.0 926.0 593.0 1020.0 716.0 
face 1.0 961.0 528.0 1020.0 600.0 
face 1.0 481.0 566.0 568.0 707.0 
face 1.0 435.0 511.0 515.0 644.0 
face 1.0 738.0 444.0 829.0 576.0 
face 1.0 653.0 280.0 725.0 397.0 
face 1.0 725.0 207.0 791.0 284.0 
face 1.0 582.0 73.0 634.0 141.0 
face 1.0 567.0 43.0 617.0 102.0 
face 1.0 553.0 26.0 597.0 81.0 
face 1.0 470.0 21.0 505.0 75.0 
face 1.0 683.0 28.0 718.0 71.0 
face 1.0 643.0 0.0 669.0 35.0 
face 1.0 74.0 561.0 168.0 691.0 
face 1.0 582.0 561.0 673.0 706.0 
face 1.0 930.0 214.0 1003.0 320.0 
face 1.0 958.0 125.0 1017.0 203.0 
face 1.0 824.0 73.0 894.0 160.0 
face 1.0 928.0 51.0 981.0 117.0 
face 1.0 759.0 135.0 818.0 197.0 
face 1.0 756.0 53.0 815.0 121.0 
face 1.0 830.0 25.0 864.0 65.0 
face 1.0 1002.0 172.0 1024.0 209.0 
face 1.0 995.0 454.0 1023.0 511.0 
face 1.0 389.0 337.0 479.0 449.0 
face 1.0 360.0 354.0 424.0 436.0 
face 1.0 279.0 550.0 358.0 670.0 
face 1.0 256.0 478.0 328.0 570.0 
face 1.0 209.0 279.0 290.0 367.0 
face 1.0 54.0 257.0 121.0 354.0 
face 1.0 7.0 433.0 47.0 568.0 
face 1.0 262.0 158.0 330.0 254.0 
face 1.0 513.0 159.0 571.0 255.0 
face 1.0 464.0 153.0 525.0 230.0 
face 1.0 337.0 80.0 403.0 167.0 
face 1.0 390.0 124.0 437.0 192.0 
face 1.0 127.0 106.0 200.0 205.0 
face 1.0 80.0 57.0 140.0 129.0 
face 1.0 43.0 30.0 80.0 85.0 
face 1.0 267.0 16.0 323.0 89.0 
face 1.0 238.0 88.0 299.0 169.0 
face 1.0 203.0 19.0 238.0 69.0 
face 1.0 130.0 0.0 165.0 46.0 
face 1.0 615.0 101.0 670.0 190.0 
face 1.0 327.0 37.0 354.0 75.0 
