face 1.0 704.0 42.0 722.0 80.0 
face 1.0 583.0 91.0 609.0 121.0 
face 1.0 869.0 152.0 891.0 186.0 
face 1.0 887.0 173.0 912.0 221.0 
face 1.0 717.0 188.0 754.0 224.0 
face 1.0 529.0 156.0 558.0 193.0 
face 1.0 518.0 219.0 549.0 256.0 
face 1.0 665.0 257.0 692.0 318.0 
face 1.0 932.0 420.0 1024.0 566.0 
face 1.0 769.0 332.0 809.0 408.0 
face 1.0 366.0 84.0 386.0 116.0 
face 1.0 290.0 96.0 306.0 120.0 
face 1.0 198.0 89.0 213.0 113.0 
face 1.0 34.0 80.0 56.0 101.0 
face 1.0 168.0 232.0 199.0 290.0 
