face 1.0 550.0 14.0 557.0 24.0 
face 1.0 595.0 24.0 605.0 34.0 
face 1.0 736.0 49.0 745.0 62.0 
face 1.0 678.0 96.0 690.0 112.0 
face 1.0 621.0 115.0 632.0 130.0 
face 1.0 573.0 131.0 584.0 144.0 
face 1.0 215.0 165.0 226.0 180.0 
face 1.0 205.0 150.0 214.0 164.0 
face 1.0 417.0 116.0 429.0 128.0 
face 1.0 454.0 114.0 463.0 128.0 
face 1.0 500.0 113.0 511.0 126.0 
face 1.0 528.0 127.0 538.0 142.0 
face 1.0 553.0 111.0 565.0 129.0 
face 1.0 431.0 96.0 443.0 110.0 
face 1.0 759.0 118.0 771.0 132.0 
face 1.0 857.0 102.0 869.0 119.0 
face 1.0 808.0 86.0 819.0 100.0 
face 1.0 822.0 140.0 833.0 155.0 
face 1.0 648.0 136.0 659.0 153.0 
face 1.0 945.0 223.0 958.0 240.0 
face 1.0 991.0 196.0 1002.0 212.0 
face 1.0 786.0 181.0 798.0 199.0 
face 1.0 896.0 187.0 908.0 206.0 
face 1.0 849.0 249.0 861.0 267.0 
face 1.0 204.0 226.0 215.0 246.0 
face 1.0 476.0 544.0 490.0 563.0 
face 1.0 982.0 256.0 996.0 272.0 
face 1.0 985.0 285.0 998.0 305.0 
face 1.0 737.0 140.0 747.0 152.0 
face 1.0 784.0 149.0 795.0 161.0 
face 1.0 910.0 116.0 925.0 136.0 
face 1.0 908.0 134.0 916.0 146.0 
face 1.0 936.0 204.0 944.0 212.0 
face 1.0 561.0 197.0 571.0 211.0 
face 1.0 580.0 153.0 593.0 168.0 
face 1.0 494.0 133.0 507.0 146.0 
face 1.0 529.0 114.0 536.0 121.0 
face 1.0 336.0 134.0 347.0 148.0 
face 1.0 338.0 113.0 347.0 122.0 
face 1.0 340.0 104.0 348.0 115.0 
face 1.0 346.0 101.0 352.0 106.0 
face 1.0 351.0 90.0 359.0 101.0 
face 1.0 395.0 128.0 404.0 140.0 
face 1.0 422.0 167.0 433.0 181.0 
face 1.0 285.0 138.0 292.0 147.0 
face 1.0 213.0 150.0 221.0 162.0 
face 1.0 443.0 289.0 453.0 306.0 
face 1.0 250.0 252.0 262.0 273.0 
face 1.0 206.0 203.0 216.0 217.0 
face 1.0 159.0 200.0 169.0 212.0 
face 1.0 96.0 247.0 113.0 269.0 
face 1.0 207.0 271.0 214.0 286.0 
face 1.0 487.0 215.0 501.0 235.0 
face 1.0 463.0 205.0 478.0 223.0 
face 1.0 293.0 177.0 304.0 193.0 
face 1.0 418.0 395.0 434.0 411.0 
