face 1.0 910.0 614.0 946.0 655.0 
face 1.0 932.0 473.0 968.0 511.0 
face 1.0 881.0 491.0 918.0 533.0 
face 1.0 967.0 434.0 996.0 464.0 
face 1.0 801.0 459.0 834.0 489.0 
face 1.0 777.0 532.0 805.0 558.0 
face 1.0 717.0 402.0 743.0 428.0 
face 1.0 698.0 455.0 729.0 498.0 
face 1.0 661.0 419.0 687.0 451.0 
face 1.0 608.0 458.0 637.0 489.0 
face 1.0 625.0 412.0 648.0 445.0 
face 1.0 597.0 434.0 620.0 463.0 
face 1.0 515.0 442.0 541.0 474.0 
face 1.0 530.0 380.0 548.0 406.0 
face 1.0 439.0 427.0 460.0 459.0 
face 1.0 374.0 423.0 395.0 455.0 
face 1.0 380.0 401.0 392.0 418.0 
face 1.0 431.0 408.0 452.0 431.0 
face 1.0 371.0 369.0 387.0 387.0 
face 1.0 409.0 358.0 426.0 378.0 
face 1.0 489.0 363.0 506.0 383.0 
face 1.0 283.0 440.0 304.0 470.0 
face 1.0 226.0 414.0 248.0 444.0 
face 1.0 338.0 408.0 358.0 434.0 
face 1.0 165.0 420.0 183.0 444.0 
face 1.0 126.0 429.0 146.0 453.0 
face 1.0 62.0 415.0 81.0 443.0 
face 1.0 172.0 388.0 191.0 411.0 
face 1.0 200.0 366.0 210.0 379.0 
face 1.0 185.0 345.0 197.0 360.0 
face 1.0 137.0 348.0 147.0 361.0 
face 1.0 15.0 527.0 39.0 557.0 
face 1.0 23.0 417.0 42.0 439.0 
face 1.0 50.0 403.0 62.0 416.0 
face 1.0 64.0 337.0 71.0 347.0 
face 1.0 104.0 319.0 111.0 330.0 
face 1.0 39.0 311.0 47.0 320.0 
face 1.0 276.0 337.0 288.0 350.0 
face 1.0 363.0 348.0 374.0 359.0 
face 1.0 433.0 332.0 443.0 345.0 
face 1.0 405.0 324.0 412.0 335.0 
face 1.0 493.0 329.0 504.0 344.0 
face 1.0 510.0 320.0 517.0 330.0 
face 1.0 648.0 318.0 656.0 327.0 
face 1.0 670.0 314.0 677.0 322.0 
face 1.0 682.0 324.0 692.0 336.0 
face 1.0 684.0 302.0 692.0 311.0 
face 1.0 667.0 331.0 679.0 348.0 
face 1.0 767.0 314.0 776.0 325.0 
face 1.0 781.0 310.0 791.0 322.0 
face 1.0 790.0 299.0 797.0 309.0 
face 1.0 760.0 299.0 768.0 310.0 
face 1.0 780.0 298.0 786.0 305.0 
face 1.0 776.0 296.0 782.0 304.0 
face 1.0 990.0 268.0 1007.0 287.0 
face 1.0 380.0 332.0 389.0 344.0 
face 1.0 78.0 385.0 84.0 395.0 
