face 1.0 153.0 176.0 169.0 200.0 
face 1.0 185.0 189.0 198.0 205.0 
face 1.0 228.0 154.0 245.0 176.0 
face 1.0 301.0 228.0 318.0 251.0 
face 1.0 324.0 224.0 335.0 243.0 
face 1.0 328.0 198.0 347.0 230.0 
face 1.0 382.0 186.0 394.0 206.0 
face 1.0 432.0 179.0 454.0 208.0 
face 1.0 479.0 168.0 496.0 196.0 
face 1.0 527.0 159.0 543.0 182.0 
face 1.0 605.0 150.0 617.0 181.0 
face 1.0 538.0 266.0 554.0 289.0 
face 1.0 442.0 149.0 455.0 172.0 
face 1.0 699.0 158.0 723.0 192.0 
face 1.0 744.0 141.0 758.0 165.0 
face 1.0 672.0 158.0 691.0 187.0 
face 1.0 801.0 198.0 828.0 238.0 
face 1.0 842.0 175.0 857.0 199.0 
face 1.0 943.0 168.0 969.0 204.0 
face 1.0 942.0 150.0 953.0 170.0 
face 1.0 900.0 220.0 912.0 244.0 
face 1.0 986.0 152.0 998.0 171.0 
face 1.0 987.0 167.0 997.0 187.0 
