face 1.0 259.0 410.0 276.0 430.0 
face 1.0 255.0 394.0 265.0 403.0 
face 1.0 214.0 347.0 222.0 359.0 
face 1.0 113.0 402.0 123.0 419.0 
face 1.0 136.0 411.0 150.0 429.0 
face 1.0 354.0 442.0 368.0 460.0 
face 1.0 443.0 436.0 460.0 452.0 
face 1.0 428.0 420.0 445.0 436.0 
face 1.0 462.0 415.0 476.0 427.0 
face 1.0 206.0 451.0 219.0 469.0 
face 1.0 229.0 439.0 247.0 455.0 
face 1.0 101.0 438.0 111.0 452.0 
face 1.0 278.0 393.0 290.0 406.0 
face 1.0 135.0 399.0 144.0 409.0 
face 1.0 158.0 400.0 165.0 413.0 
face 1.0 37.0 409.0 54.0 436.0 
face 1.0 499.0 436.0 517.0 458.0 
face 1.0 558.0 424.0 575.0 444.0 
face 1.0 577.0 410.0 588.0 429.0 
face 1.0 538.0 343.0 546.0 352.0 
face 1.0 569.0 360.0 577.0 367.0 
face 1.0 595.0 346.0 604.0 356.0 
face 1.0 587.0 394.0 600.0 406.0 
face 1.0 466.0 372.0 479.0 384.0 
face 1.0 566.0 376.0 576.0 389.0 
face 1.0 630.0 413.0 640.0 424.0 
face 1.0 660.0 360.0 675.0 369.0 
face 1.0 920.0 411.0 934.0 425.0 
face 1.0 916.0 388.0 931.0 402.0 
face 1.0 803.0 364.0 812.0 368.0 
face 1.0 828.0 340.0 834.0 344.0 
face 1.0 864.0 359.0 872.0 367.0 
face 1.0 904.0 366.0 910.0 376.0 
face 1.0 1003.0 353.0 1010.0 360.0 
face 1.0 813.0 346.0 821.0 350.0 
face 1.0 782.0 365.0 791.0 379.0 
face 1.0 703.0 352.0 711.0 361.0 
face 1.0 765.0 395.0 774.0 408.0 
face 1.0 782.0 400.0 791.0 410.0 
face 1.0 741.0 382.0 747.0 392.0 
face 1.0 857.0 427.0 872.0 449.0 
face 1.0 869.0 422.0 880.0 441.0 
face 1.0 883.0 439.0 897.0 451.0 
face 1.0 696.0 423.0 711.0 446.0 
face 1.0 890.0 367.0 900.0 377.0 
face 1.0 879.0 357.0 885.0 363.0 
face 1.0 850.0 414.0 861.0 427.0 
face 1.0 945.0 433.0 960.0 455.0 
face 1.0 995.0 404.0 1007.0 421.0 
face 1.0 919.0 333.0 927.0 344.0 
face 1.0 981.0 358.0 989.0 365.0 
face 1.0 996.0 360.0 1001.0 368.0 
face 1.0 995.0 387.0 1003.0 396.0 
face 1.0 1016.0 405.0 1023.0 418.0 
face 1.0 802.0 430.0 815.0 449.0 
face 1.0 763.0 418.0 778.0 431.0 
face 1.0 817.0 419.0 824.0 433.0 
face 1.0 679.0 425.0 689.0 437.0 
face 1.0 718.0 387.0 727.0 395.0 
face 1.0 729.0 427.0 743.0 445.0 
face 1.0 321.0 441.0 337.0 464.0 
face 1.0 407.0 391.0 419.0 400.0 
face 1.0 1011.0 501.0 1018.0 513.0 
face 1.0 986.0 503.0 1000.0 520.0 
face 1.0 997.0 452.0 1005.0 462.0 
face 1.0 1014.0 475.0 1021.0 483.0 
face 1.0 934.0 408.0 943.0 416.0 
face 1.0 928.0 376.0 938.0 391.0 
face 1.0 1005.0 395.0 1012.0 402.0 
face 1.0 868.0 398.0 873.0 404.0 
face 1.0 822.0 373.0 831.0 389.0 
face 1.0 801.0 386.0 807.0 395.0 
face 1.0 752.0 364.0 761.0 374.0 
face 1.0 846.0 327.0 853.0 333.0 
face 1.0 886.0 339.0 893.0 349.0 
face 1.0 843.0 341.0 849.0 350.0 
face 1.0 815.0 331.0 821.0 336.0 
face 1.0 820.0 335.0 827.0 343.0 
face 1.0 770.0 365.0 776.0 371.0 
face 1.0 775.0 352.0 781.0 358.0 
face 1.0 792.0 347.0 798.0 352.0 
face 1.0 751.0 322.0 758.0 329.0 
face 1.0 659.0 308.0 664.0 315.0 
face 1.0 643.0 316.0 649.0 325.0 
face 1.0 604.0 328.0 610.0 337.0 
face 1.0 586.0 316.0 592.0 321.0 
face 1.0 546.0 378.0 558.0 389.0 
face 1.0 606.0 395.0 615.0 406.0 
face 1.0 627.0 401.0 634.0 410.0 
face 1.0 636.0 412.0 646.0 422.0 
face 1.0 651.0 396.0 659.0 408.0 
face 1.0 662.0 398.0 668.0 405.0 
face 1.0 652.0 380.0 659.0 390.0 
face 1.0 665.0 388.0 675.0 400.0 
face 1.0 633.0 374.0 641.0 384.0 
face 1.0 676.0 379.0 682.0 387.0 
face 1.0 682.0 380.0 689.0 392.0 
face 1.0 676.0 401.0 684.0 413.0 
face 1.0 499.0 357.0 507.0 368.0 
face 1.0 674.0 345.0 689.0 369.0 
face 1.0 690.0 420.0 696.0 427.0 
face 1.0 648.0 413.0 656.0 424.0 
face 1.0 629.0 390.0 636.0 398.0 
face 1.0 622.0 382.0 630.0 392.0 
face 1.0 628.0 366.0 634.0 377.0 
face 1.0 739.0 356.0 746.0 367.0 
face 1.0 713.0 344.0 721.0 356.0 
face 1.0 694.0 408.0 708.0 417.0 
face 1.0 711.0 394.0 721.0 405.0 
face 1.0 451.0 354.0 461.0 365.0 
face 1.0 437.0 350.0 446.0 358.0 
face 1.0 472.0 385.0 482.0 396.0 
face 1.0 431.0 369.0 441.0 383.0 
face 1.0 399.0 363.0 406.0 374.0 
face 1.0 410.0 373.0 416.0 379.0 
face 1.0 358.0 403.0 369.0 412.0 
face 1.0 322.0 401.0 329.0 408.0 
face 1.0 332.0 425.0 341.0 440.0 
face 1.0 395.0 430.0 405.0 441.0 
face 1.0 520.0 401.0 532.0 415.0 
face 1.0 536.0 398.0 546.0 410.0 
face 1.0 491.0 407.0 501.0 419.0 
face 1.0 280.0 365.0 289.0 378.0 
face 1.0 252.0 363.0 262.0 374.0 
face 1.0 248.0 355.0 255.0 363.0 
face 1.0 289.0 352.0 299.0 361.0 
face 1.0 287.0 362.0 294.0 372.0 
face 1.0 414.0 350.0 422.0 360.0 
face 1.0 356.0 368.0 362.0 375.0 
face 1.0 270.0 442.0 280.0 455.0 
face 1.0 198.0 391.0 209.0 405.0 
face 1.0 175.0 425.0 185.0 436.0 
face 1.0 176.0 342.0 190.0 357.0 
face 1.0 360.0 327.0 367.0 334.0 
face 1.0 159.0 377.0 169.0 390.0 
face 1.0 303.0 378.0 313.0 386.0 
face 1.0 323.0 368.0 335.0 388.0 
face 1.0 381.0 382.0 394.0 394.0 
face 1.0 54.0 348.0 67.0 367.0 
face 1.0 821.0 420.0 832.0 429.0 
face 1.0 891.0 447.0 905.0 461.0 
face 1.0 799.0 433.0 810.0 446.0 
face 1.0 956.0 349.0 963.0 356.0 
face 1.0 604.0 434.0 617.0 447.0 
face 1.0 576.0 403.0 585.0 414.0 
face 1.0 585.0 409.0 595.0 422.0 
face 1.0 586.0 371.0 597.0 380.0 
face 1.0 200.0 368.0 206.0 379.0 
face 1.0 598.0 371.0 605.0 381.0 
face 1.0 741.0 342.0 746.0 349.0 
face 1.0 54.0 379.0 64.0 393.0 
face 1.0 158.0 319.0 168.0 329.0 
face 1.0 163.0 291.0 171.0 304.0 
face 1.0 345.0 417.0 359.0 436.0 
