face 1.0 806.0 360.0 818.0 374.0 
face 1.0 747.0 337.0 760.0 354.0 
face 1.0 810.0 616.0 1024.0 768.0 
face 1.0 780.0 591.0 816.0 640.0 
face 1.0 622.0 606.0 759.0 768.0 
face 1.0 557.0 611.0 596.0 663.0 
face 1.0 490.0 580.0 514.0 610.0 
face 1.0 508.0 693.0 567.0 768.0 
face 1.0 325.0 544.0 351.0 575.0 
face 1.0 378.0 620.0 424.0 687.0 
face 1.0 251.0 546.0 271.0 573.0 
face 1.0 266.0 591.0 357.0 717.0 
face 1.0 250.0 609.0 285.0 662.0 
face 1.0 207.0 628.0 234.0 653.0 
face 1.0 138.0 562.0 160.0 587.0 
face 1.0 124.0 586.0 149.0 618.0 
face 1.0 68.0 555.0 88.0 579.0 
face 1.0 0.0 584.0 17.0 618.0 
face 1.0 20.0 670.0 68.0 761.0 
