face 1.0 906.0 143.0 983.0 249.0 
face 1.0 924.0 97.0 1000.0 180.0 
face 1.0 784.0 147.0 818.0 195.0 
face 1.0 713.0 145.0 761.0 194.0 
face 1.0 675.0 196.0 724.0 249.0 
face 1.0 658.0 154.0 701.0 201.0 
face 1.0 590.0 143.0 625.0 180.0 
face 1.0 534.0 164.0 574.0 205.0 
face 1.0 480.0 147.0 532.0 205.0 
face 1.0 451.0 109.0 511.0 177.0 
face 1.0 328.0 83.0 394.0 151.0 
face 1.0 326.0 133.0 370.0 179.0 
face 1.0 290.0 139.0 322.0 176.0 
face 1.0 265.0 162.0 286.0 185.0 
face 1.0 190.0 90.0 246.0 149.0 
face 1.0 111.0 77.0 182.0 163.0 
face 1.0 588.0 72.0 619.0 105.0 
face 1.0 569.0 171.0 592.0 194.0 
