face 1.0 108.0 499.0 126.0 519.0 
face 1.0 0.0 483.0 22.0 504.0 
face 1.0 231.0 423.0 248.0 441.0 
face 1.0 360.0 436.0 372.0 450.0 
face 1.0 304.0 493.0 322.0 516.0 
face 1.0 238.0 548.0 267.0 563.0 
face 1.0 49.0 601.0 88.0 633.0 
face 1.0 77.0 404.0 91.0 417.0 
face 1.0 376.0 539.0 406.0 560.0 
face 1.0 427.0 460.0 442.0 474.0 
face 1.0 307.0 391.0 321.0 406.0 
face 1.0 366.0 373.0 376.0 385.0 
face 1.0 447.0 377.0 462.0 393.0 
face 1.0 536.0 375.0 547.0 390.0 
face 1.0 521.0 427.0 536.0 446.0 
face 1.0 564.0 457.0 576.0 472.0 
face 1.0 477.0 444.0 491.0 455.0 
face 1.0 114.0 359.0 123.0 367.0 
face 1.0 164.0 352.0 176.0 364.0 
face 1.0 205.0 375.0 219.0 390.0 
face 1.0 41.0 365.0 51.0 374.0 
face 1.0 8.0 374.0 18.0 384.0 
face 1.0 6.0 338.0 16.0 346.0 
face 1.0 17.0 335.0 24.0 343.0 
face 1.0 36.0 326.0 44.0 334.0 
face 1.0 45.0 329.0 52.0 336.0 
face 1.0 162.0 337.0 170.0 345.0 
face 1.0 200.0 348.0 210.0 358.0 
face 1.0 212.0 308.0 220.0 315.0 
face 1.0 100.0 299.0 106.0 305.0 
face 1.0 95.0 326.0 103.0 336.0 
face 1.0 187.0 343.0 194.0 352.0 
face 1.0 178.0 329.0 185.0 336.0 
face 1.0 178.0 304.0 184.0 312.0 
face 1.0 309.0 325.0 318.0 334.0 
face 1.0 293.0 321.0 302.0 330.0 
face 1.0 306.0 346.0 315.0 356.0 
face 1.0 397.0 362.0 406.0 372.0 
face 1.0 373.0 356.0 383.0 365.0 
face 1.0 340.0 356.0 349.0 367.0 
face 1.0 335.0 336.0 344.0 348.0 
face 1.0 397.0 329.0 407.0 340.0 
face 1.0 384.0 318.0 391.0 328.0 
face 1.0 417.0 339.0 428.0 351.0 
face 1.0 425.0 348.0 432.0 359.0 
face 1.0 442.0 325.0 450.0 334.0 
face 1.0 464.0 337.0 475.0 351.0 
face 1.0 413.0 377.0 422.0 388.0 
face 1.0 383.0 285.0 389.0 293.0 
face 1.0 289.0 301.0 297.0 312.0 
face 1.0 379.0 338.0 387.0 347.0 
face 1.0 499.0 357.0 512.0 370.0 
face 1.0 454.0 307.0 462.0 319.0 
face 1.0 603.0 482.0 621.0 497.0 
face 1.0 649.0 476.0 669.0 494.0 
face 1.0 663.0 443.0 681.0 462.0 
face 1.0 735.0 433.0 753.0 456.0 
face 1.0 773.0 414.0 788.0 433.0 
face 1.0 739.0 378.0 751.0 394.0 
face 1.0 693.0 365.0 705.0 380.0 
face 1.0 575.0 362.0 585.0 374.0 
face 1.0 680.0 544.0 705.0 576.0 
face 1.0 747.0 480.0 769.0 505.0 
face 1.0 617.0 421.0 629.0 437.0 
face 1.0 839.0 569.0 906.0 631.0 
face 1.0 869.0 428.0 892.0 456.0 
face 1.0 908.0 417.0 928.0 438.0 
face 1.0 948.0 474.0 974.0 503.0 
face 1.0 856.0 386.0 873.0 410.0 
face 1.0 853.0 367.0 866.0 380.0 
face 1.0 813.0 340.0 825.0 356.0 
face 1.0 829.0 326.0 839.0 338.0 
face 1.0 808.0 307.0 816.0 318.0 
face 1.0 887.0 338.0 898.0 348.0 
face 1.0 1004.0 337.0 1016.0 352.0 
face 1.0 1002.0 310.0 1015.0 328.0 
face 1.0 957.0 275.0 965.0 283.0 
face 1.0 648.0 349.0 657.0 360.0 
face 1.0 689.0 330.0 698.0 341.0 
face 1.0 754.0 326.0 764.0 338.0 
face 1.0 731.0 295.0 739.0 306.0 
face 1.0 715.0 407.0 727.0 424.0 
face 1.0 646.0 331.0 656.0 341.0 
face 1.0 592.0 317.0 600.0 326.0 
face 1.0 505.0 325.0 513.0 334.0 
face 1.0 535.0 326.0 543.0 335.0 
face 1.0 572.0 345.0 580.0 354.0 
face 1.0 603.0 333.0 612.0 345.0 
face 1.0 867.0 306.0 874.0 315.0 
face 1.0 601.0 319.0 612.0 331.0 
face 1.0 658.0 314.0 664.0 322.0 
face 1.0 393.0 298.0 402.0 309.0 
face 1.0 412.0 321.0 422.0 335.0 
face 1.0 252.0 336.0 261.0 348.0 
face 1.0 52.0 338.0 62.0 347.0 
