face 1.0 214.0 653.0 241.0 682.0 
face 1.0 327.0 618.0 347.0 645.0 
face 1.0 392.0 606.0 409.0 632.0 
face 1.0 375.0 559.0 391.0 578.0 
face 1.0 193.0 557.0 213.0 581.0 
face 1.0 61.0 549.0 84.0 573.0 
face 1.0 138.0 495.0 156.0 524.0 
face 1.0 194.0 501.0 214.0 525.0 
face 1.0 276.0 503.0 297.0 529.0 
face 1.0 331.0 498.0 354.0 520.0 
face 1.0 404.0 459.0 424.0 482.0 
face 1.0 424.0 494.0 447.0 518.0 
face 1.0 245.0 487.0 267.0 511.0 
face 1.0 217.0 481.0 235.0 505.0 
face 1.0 136.0 467.0 159.0 493.0 
face 1.0 200.0 449.0 218.0 471.0 
face 1.0 36.0 421.0 57.0 439.0 
face 1.0 64.0 440.0 81.0 460.0 
face 1.0 92.0 480.0 110.0 500.0 
face 1.0 109.0 434.0 129.0 452.0 
face 1.0 80.0 421.0 97.0 439.0 
face 1.0 146.0 436.0 167.0 453.0 
face 1.0 227.0 426.0 245.0 450.0 
face 1.0 263.0 430.0 277.0 451.0 
face 1.0 280.0 437.0 300.0 455.0 
face 1.0 331.0 435.0 350.0 454.0 
face 1.0 362.0 445.0 377.0 465.0 
face 1.0 141.0 596.0 165.0 617.0 
face 1.0 245.0 589.0 268.0 616.0 
face 1.0 278.0 557.0 296.0 581.0 
face 1.0 398.0 438.0 418.0 453.0 
face 1.0 419.0 412.0 439.0 428.0 
face 1.0 284.0 405.0 299.0 426.0 
face 1.0 314.0 376.0 331.0 395.0 
face 1.0 377.0 377.0 392.0 396.0 
face 1.0 367.0 406.0 385.0 427.0 
face 1.0 342.0 401.0 359.0 420.0 
face 1.0 223.0 406.0 242.0 424.0 
face 1.0 28.0 366.0 44.0 378.0 
face 1.0 46.0 380.0 60.0 398.0 
face 1.0 79.0 382.0 94.0 401.0 
face 1.0 101.0 405.0 119.0 422.0 
face 1.0 131.0 405.0 148.0 424.0 
face 1.0 138.0 383.0 152.0 400.0 
face 1.0 184.0 407.0 198.0 424.0 
face 1.0 187.0 428.0 201.0 447.0 
face 1.0 242.0 390.0 259.0 408.0 
face 1.0 208.0 377.0 222.0 394.0 
face 1.0 123.0 368.0 138.0 383.0 
face 1.0 304.0 612.0 324.0 634.0 
face 1.0 186.0 649.0 206.0 671.0 
face 1.0 444.0 463.0 459.0 482.0 
face 1.0 461.0 431.0 479.0 452.0 
face 1.0 491.0 474.0 509.0 498.0 
face 1.0 501.0 499.0 519.0 522.0 
face 1.0 468.0 545.0 491.0 569.0 
face 1.0 524.0 568.0 544.0 596.0 
face 1.0 492.0 655.0 516.0 680.0 
face 1.0 590.0 631.0 615.0 653.0 
face 1.0 513.0 614.0 536.0 636.0 
face 1.0 564.0 560.0 582.0 584.0 
face 1.0 625.0 565.0 647.0 593.0 
face 1.0 695.0 607.0 722.0 632.0 
face 1.0 757.0 581.0 786.0 610.0 
face 1.0 808.0 648.0 836.0 673.0 
face 1.0 878.0 536.0 898.0 567.0 
face 1.0 825.0 592.0 851.0 619.0 
face 1.0 781.0 507.0 806.0 533.0 
face 1.0 708.0 551.0 731.0 578.0 
face 1.0 720.0 578.0 721.0 580.0 
face 1.0 655.0 532.0 680.0 561.0 
face 1.0 649.0 497.0 675.0 522.0 
face 1.0 573.0 514.0 598.0 532.0 
face 1.0 626.0 458.0 645.0 483.0 
face 1.0 554.0 470.0 573.0 491.0 
face 1.0 526.0 467.0 542.0 485.0 
face 1.0 481.0 457.0 501.0 475.0 
face 1.0 581.0 444.0 603.0 460.0 
face 1.0 516.0 401.0 538.0 424.0 
face 1.0 639.0 431.0 656.0 452.0 
face 1.0 671.0 432.0 695.0 456.0 
face 1.0 678.0 466.0 697.0 486.0 
face 1.0 736.0 442.0 757.0 471.0 
face 1.0 729.0 512.0 748.0 531.0 
face 1.0 749.0 471.0 769.0 496.0 
face 1.0 788.0 449.0 806.0 469.0 
face 1.0 831.0 441.0 851.0 460.0 
face 1.0 882.0 477.0 905.0 502.0 
face 1.0 883.0 418.0 903.0 444.0 
face 1.0 802.0 419.0 823.0 439.0 
face 1.0 734.0 424.0 752.0 440.0 
face 1.0 772.0 409.0 788.0 426.0 
face 1.0 864.0 395.0 886.0 420.0 
face 1.0 906.0 395.0 921.0 411.0 
face 1.0 932.0 407.0 950.0 427.0 
face 1.0 947.0 451.0 970.0 474.0 
face 1.0 985.0 417.0 1005.0 441.0 
face 1.0 991.0 376.0 1012.0 401.0 
face 1.0 954.0 501.0 972.0 524.0 
face 1.0 1009.0 444.0 1024.0 472.0 
face 1.0 995.0 527.0 1019.0 550.0 
face 1.0 991.0 595.0 1015.0 626.0 
face 1.0 920.0 623.0 945.0 655.0 
face 1.0 867.0 301.0 886.0 318.0 
face 1.0 914.0 321.0 935.0 344.0 
face 1.0 984.0 327.0 1003.0 348.0 
face 1.0 945.0 360.0 964.0 383.0 
face 1.0 955.0 387.0 974.0 409.0 
face 1.0 888.0 359.0 907.0 382.0 
face 1.0 906.0 298.0 924.0 316.0 
face 1.0 945.0 297.0 963.0 313.0 
face 1.0 977.0 266.0 995.0 283.0 
face 1.0 924.0 262.0 937.0 277.0 
face 1.0 848.0 328.0 865.0 347.0 
face 1.0 811.0 294.0 829.0 311.0 
face 1.0 800.0 325.0 818.0 340.0 
face 1.0 734.0 285.0 748.0 303.0 
face 1.0 753.0 298.0 772.0 314.0 
face 1.0 755.0 268.0 772.0 283.0 
face 1.0 781.0 256.0 795.0 268.0 
face 1.0 809.0 252.0 824.0 265.0 
face 1.0 815.0 271.0 830.0 288.0 
face 1.0 646.0 328.0 664.0 348.0 
face 1.0 638.0 375.0 658.0 396.0 
face 1.0 648.0 397.0 648.0 399.0 
face 1.0 692.0 382.0 709.0 402.0 
face 1.0 746.0 379.0 764.0 401.0 
face 1.0 662.0 367.0 682.0 386.0 
face 1.0 691.0 339.0 705.0 359.0 
face 1.0 604.0 335.0 621.0 356.0 
face 1.0 576.0 330.0 595.0 350.0 
face 1.0 577.0 364.0 593.0 387.0 
face 1.0 591.0 390.0 611.0 413.0 
face 1.0 620.0 307.0 640.0 323.0 
face 1.0 700.0 249.0 713.0 262.0 
face 1.0 662.0 249.0 678.0 260.0 
face 1.0 631.0 240.0 646.0 253.0 
face 1.0 840.0 268.0 855.0 281.0 
face 1.0 861.0 270.0 876.0 283.0 
face 1.0 973.0 224.0 988.0 243.0 
face 1.0 975.0 173.0 988.0 185.0 
face 1.0 928.0 168.0 940.0 180.0 
face 1.0 909.0 189.0 921.0 206.0 
face 1.0 898.0 203.0 912.0 218.0 
face 1.0 907.0 240.0 921.0 257.0 
face 1.0 825.0 185.0 839.0 197.0 
face 1.0 854.0 181.0 869.0 195.0 
face 1.0 806.0 225.0 820.0 238.0 
face 1.0 815.0 176.0 825.0 188.0 
face 1.0 782.0 188.0 794.0 199.0 
face 1.0 990.0 155.0 1005.0 170.0 
face 1.0 551.0 299.0 567.0 316.0 
face 1.0 520.0 302.0 536.0 322.0 
face 1.0 493.0 296.0 510.0 314.0 
face 1.0 471.0 333.0 488.0 349.0 
face 1.0 502.0 350.0 515.0 369.0 
face 1.0 540.0 367.0 559.0 386.0 
face 1.0 486.0 387.0 505.0 405.0 
face 1.0 428.0 366.0 445.0 388.0 
face 1.0 441.0 345.0 459.0 368.0 
face 1.0 422.0 345.0 436.0 362.0 
face 1.0 475.0 282.0 491.0 305.0 
face 1.0 433.0 302.0 450.0 321.0 
face 1.0 415.0 271.0 431.0 286.0 
face 1.0 457.0 266.0 470.0 285.0 
face 1.0 554.0 258.0 567.0 274.0 
face 1.0 531.0 252.0 545.0 271.0 
face 1.0 505.0 240.0 520.0 255.0 
face 1.0 557.0 233.0 572.0 247.0 
face 1.0 581.0 259.0 595.0 274.0 
face 1.0 588.0 294.0 603.0 305.0 
face 1.0 559.0 285.0 574.0 300.0 
face 1.0 472.0 376.0 489.0 395.0 
face 1.0 99.0 307.0 115.0 324.0 
face 1.0 82.0 345.0 100.0 364.0 
face 1.0 165.0 354.0 183.0 369.0 
face 1.0 191.0 328.0 206.0 347.0 
face 1.0 172.0 305.0 190.0 324.0 
face 1.0 126.0 292.0 140.0 309.0 
face 1.0 168.0 276.0 183.0 291.0 
face 1.0 210.0 305.0 226.0 320.0 
face 1.0 88.0 264.0 101.0 282.0 
face 1.0 51.0 259.0 67.0 273.0 
face 1.0 44.0 283.0 63.0 298.0 
face 1.0 20.0 276.0 38.0 289.0 
face 1.0 47.0 324.0 63.0 341.0 
face 1.0 70.0 331.0 85.0 345.0 
face 1.0 68.0 302.0 82.0 315.0 
face 1.0 79.0 295.0 96.0 312.0 
face 1.0 275.0 297.0 291.0 313.0 
face 1.0 326.0 297.0 342.0 315.0 
face 1.0 327.0 337.0 345.0 353.0 
face 1.0 367.0 328.0 381.0 343.0 
face 1.0 388.0 307.0 402.0 322.0 
face 1.0 372.0 295.0 386.0 310.0 
face 1.0 387.0 279.0 400.0 294.0 
face 1.0 340.0 275.0 353.0 290.0 
face 1.0 302.0 277.0 317.0 291.0 
face 1.0 322.0 254.0 335.0 272.0 
face 1.0 238.0 315.0 255.0 333.0 
face 1.0 281.0 362.0 299.0 382.0 
face 1.0 251.0 349.0 271.0 366.0 
face 1.0 387.0 349.0 402.0 367.0 
face 1.0 506.0 334.0 525.0 349.0 
face 1.0 614.0 283.0 633.0 300.0 
face 1.0 509.0 220.0 524.0 232.0 
face 1.0 538.0 182.0 551.0 196.0 
face 1.0 544.0 210.0 558.0 224.0 
face 1.0 576.0 212.0 590.0 227.0 
face 1.0 479.0 219.0 493.0 235.0 
face 1.0 455.0 245.0 472.0 259.0 
face 1.0 438.0 231.0 452.0 248.0 
face 1.0 455.0 177.0 469.0 191.0 
face 1.0 626.0 197.0 638.0 214.0 
face 1.0 653.0 188.0 664.0 203.0 
face 1.0 131.0 252.0 145.0 264.0 
face 1.0 196.0 263.0 210.0 276.0 
face 1.0 190.0 287.0 206.0 301.0 
face 1.0 255.0 244.0 267.0 260.0 
face 1.0 95.0 235.0 109.0 249.0 
face 1.0 46.0 236.0 59.0 248.0 
face 1.0 27.0 227.0 42.0 241.0 
face 1.0 194.0 237.0 205.0 252.0 
face 1.0 211.0 240.0 226.0 256.0 
face 1.0 245.0 233.0 256.0 249.0 
face 1.0 269.0 229.0 282.0 246.0 
face 1.0 111.0 135.0 122.0 147.0 
face 1.0 88.0 197.0 104.0 210.0 
face 1.0 865.0 226.0 878.0 239.0 
face 1.0 833.0 238.0 848.0 254.0 
face 1.0 911.0 216.0 922.0 232.0 
face 1.0 935.0 229.0 948.0 244.0 
face 1.0 951.0 248.0 964.0 263.0 
face 1.0 886.0 181.0 896.0 193.0 
face 1.0 742.0 243.0 758.0 255.0 
face 1.0 664.0 222.0 679.0 234.0 
face 1.0 672.0 273.0 688.0 290.0 
face 1.0 735.0 207.0 750.0 223.0 
face 1.0 772.0 155.0 784.0 167.0 
face 1.0 794.0 134.0 807.0 147.0 
face 1.0 725.0 155.0 739.0 166.0 
face 1.0 759.0 153.0 769.0 164.0 
face 1.0 746.0 177.0 758.0 187.0 
face 1.0 762.0 195.0 776.0 207.0 
face 1.0 694.0 217.0 707.0 230.0 
face 1.0 704.0 184.0 718.0 200.0 
face 1.0 674.0 183.0 688.0 194.0 
face 1.0 688.0 175.0 700.0 190.0 
face 1.0 681.0 162.0 692.0 171.0 
face 1.0 704.0 148.0 713.0 161.0 
face 1.0 867.0 310.0 869.0 310.0 
face 1.0 699.0 285.0 712.0 294.0 
face 1.0 521.0 287.0 535.0 298.0 
face 1.0 613.0 230.0 625.0 241.0 
face 1.0 516.0 201.0 530.0 213.0 
face 1.0 437.0 215.0 452.0 229.0 
face 1.0 402.0 230.0 415.0 241.0 
face 1.0 395.0 259.0 411.0 277.0 
face 1.0 385.0 227.0 400.0 244.0 
face 1.0 414.0 199.0 428.0 212.0 
face 1.0 385.0 192.0 399.0 207.0 
face 1.0 294.0 213.0 307.0 227.0 
face 1.0 320.0 204.0 331.0 216.0 
face 1.0 334.0 226.0 347.0 239.0 
face 1.0 363.0 251.0 375.0 268.0 
face 1.0 347.0 249.0 360.0 262.0 
face 1.0 363.0 206.0 377.0 219.0 
face 1.0 297.0 191.0 308.0 203.0 
face 1.0 336.0 183.0 348.0 195.0 
face 1.0 316.0 174.0 328.0 184.0 
face 1.0 272.0 170.0 285.0 183.0 
face 1.0 296.0 163.0 309.0 175.0 
face 1.0 262.0 207.0 274.0 221.0 
face 1.0 230.0 202.0 241.0 215.0 
face 1.0 217.0 224.0 228.0 236.0 
face 1.0 294.0 247.0 307.0 259.0 
face 1.0 314.0 245.0 324.0 258.0 
face 1.0 362.0 177.0 376.0 188.0 
face 1.0 237.0 169.0 251.0 182.0 
face 1.0 257.0 169.0 266.0 180.0 
face 1.0 251.0 188.0 261.0 202.0 
face 1.0 336.0 361.0 352.0 376.0 
face 1.0 363.0 371.0 376.0 388.0 
face 1.0 305.0 345.0 322.0 365.0 
face 1.0 12.0 254.0 29.0 268.0 
face 1.0 74.0 224.0 89.0 241.0 
face 1.0 88.0 221.0 107.0 237.0 
face 1.0 145.0 211.0 156.0 224.0 
face 1.0 153.0 188.0 168.0 203.0 
face 1.0 132.0 184.0 145.0 197.0 
face 1.0 172.0 182.0 185.0 195.0 
face 1.0 179.0 163.0 193.0 176.0 
face 1.0 132.0 158.0 145.0 172.0 
face 1.0 41.0 165.0 55.0 181.0 
face 1.0 18.0 165.0 35.0 178.0 
face 1.0 9.0 184.0 24.0 199.0 
face 1.0 37.0 207.0 53.0 221.0 
face 1.0 59.0 215.0 72.0 230.0 
face 1.0 15.0 225.0 28.0 240.0 
face 1.0 141.0 237.0 154.0 251.0 
face 1.0 182.0 225.0 195.0 241.0 
face 1.0 112.0 182.0 126.0 194.0 
face 1.0 113.0 157.0 125.0 168.0 
face 1.0 194.0 188.0 209.0 204.0 
face 1.0 204.0 167.0 216.0 178.0 
face 1.0 263.0 140.0 274.0 152.0 
face 1.0 222.0 267.0 236.0 278.0 
face 1.0 559.0 152.0 573.0 166.0 
face 1.0 502.0 167.0 516.0 180.0 
face 1.0 403.0 174.0 414.0 187.0 
face 1.0 449.0 155.0 461.0 168.0 
face 1.0 321.0 132.0 334.0 145.0 
face 1.0 424.0 152.0 435.0 164.0 
face 1.0 392.0 156.0 407.0 166.0 
face 1.0 505.0 182.0 515.0 198.0 
face 1.0 881.0 150.0 893.0 162.0 
face 1.0 895.0 162.0 908.0 173.0 
face 1.0 952.0 105.0 966.0 117.0 
face 1.0 992.0 117.0 1005.0 128.0 
face 1.0 922.0 102.0 933.0 112.0 
face 1.0 891.0 112.0 904.0 120.0 
face 1.0 872.0 91.0 884.0 100.0 
face 1.0 902.0 78.0 912.0 90.0 
face 1.0 858.0 118.0 869.0 131.0 
face 1.0 601.0 159.0 614.0 173.0 
face 1.0 642.0 166.0 652.0 180.0 
face 1.0 89.0 133.0 101.0 145.0 
face 1.0 75.0 134.0 85.0 144.0 
face 1.0 57.0 114.0 70.0 127.0 
face 1.0 76.0 102.0 86.0 115.0 
face 1.0 17.0 100.0 26.0 112.0 
face 1.0 365.0 138.0 379.0 147.0 
face 1.0 332.0 112.0 344.0 124.0 
face 1.0 303.0 91.0 316.0 104.0 
face 1.0 305.0 116.0 319.0 126.0 
face 1.0 621.0 266.0 637.0 283.0 
face 1.0 170.0 122.0 183.0 135.0 
face 1.0 206.0 113.0 220.0 128.0 
face 1.0 186.0 97.0 201.0 111.0 
face 1.0 189.0 78.0 202.0 91.0 
face 1.0 172.0 73.0 184.0 85.0 
face 1.0 167.0 100.0 180.0 112.0 
face 1.0 141.0 106.0 153.0 119.0 
face 1.0 114.0 107.0 124.0 119.0 
face 1.0 65.0 67.0 77.0 79.0 
face 1.0 46.0 62.0 55.0 73.0 
face 1.0 44.0 13.0 55.0 22.0 
face 1.0 77.0 53.0 87.0 65.0 
face 1.0 102.0 33.0 111.0 45.0 
face 1.0 68.0 87.0 79.0 100.0 
face 1.0 57.0 90.0 66.0 101.0 
face 1.0 224.0 71.0 235.0 85.0 
face 1.0 200.0 47.0 213.0 59.0 
face 1.0 141.0 74.0 152.0 86.0 
face 1.0 99.0 111.0 112.0 121.0 
face 1.0 269.0 114.0 281.0 127.0 
face 1.0 257.0 90.0 270.0 104.0 
face 1.0 258.0 79.0 274.0 92.0 
face 1.0 270.0 54.0 282.0 68.0 
face 1.0 403.0 128.0 414.0 140.0 
face 1.0 428.0 134.0 440.0 147.0 
face 1.0 433.0 75.0 444.0 87.0 
face 1.0 441.0 52.0 451.0 63.0 
face 1.0 369.0 70.0 379.0 81.0 
face 1.0 397.0 117.0 407.0 128.0 
face 1.0 415.0 96.0 427.0 109.0 
face 1.0 437.0 109.0 449.0 121.0 
face 1.0 378.0 43.0 389.0 56.0 
face 1.0 348.0 44.0 358.0 56.0 
face 1.0 327.0 79.0 341.0 91.0 
face 1.0 529.0 165.0 542.0 180.0 
face 1.0 541.0 144.0 554.0 155.0 
face 1.0 548.0 127.0 563.0 139.0 
face 1.0 648.0 108.0 661.0 122.0 
face 1.0 679.0 121.0 689.0 134.0 
face 1.0 502.0 93.0 512.0 106.0 
face 1.0 479.0 82.0 491.0 94.0 
face 1.0 552.0 100.0 566.0 114.0 
face 1.0 620.0 179.0 635.0 193.0 
face 1.0 590.0 110.0 602.0 123.0 
face 1.0 768.0 116.0 780.0 129.0 
face 1.0 714.0 100.0 726.0 112.0 
face 1.0 681.0 93.0 693.0 104.0 
face 1.0 942.0 199.0 953.0 211.0 
face 1.0 934.0 217.0 946.0 232.0 
face 1.0 971.0 209.0 980.0 221.0 
face 1.0 1008.0 225.0 1016.0 233.0 
face 1.0 993.0 245.0 1002.0 258.0 
face 1.0 1005.0 251.0 1016.0 262.0 
face 1.0 1006.0 271.0 1018.0 286.0 
face 1.0 889.0 265.0 903.0 282.0 
face 1.0 906.0 268.0 917.0 279.0 
face 1.0 892.0 232.0 906.0 244.0 
face 1.0 883.0 216.0 893.0 227.0 
face 1.0 879.0 200.0 889.0 211.0 
face 1.0 841.0 201.0 853.0 214.0 
face 1.0 805.0 210.0 818.0 222.0 
face 1.0 771.0 176.0 779.0 186.0 
face 1.0 801.0 165.0 811.0 179.0 
face 1.0 841.0 150.0 850.0 159.0 
face 1.0 847.0 133.0 853.0 139.0 
face 1.0 869.0 146.0 879.0 155.0 
face 1.0 918.0 140.0 927.0 152.0 
face 1.0 943.0 145.0 955.0 155.0 
face 1.0 930.0 127.0 937.0 134.0 
face 1.0 966.0 74.0 976.0 83.0 
face 1.0 952.0 70.0 962.0 80.0 
face 1.0 932.0 74.0 943.0 86.0 
face 1.0 913.0 78.0 921.0 90.0 
face 1.0 865.0 242.0 879.0 253.0 
face 1.0 849.0 240.0 857.0 251.0 
face 1.0 4.0 541.0 19.0 559.0 
face 1.0 0.0 488.0 17.0 504.0 
face 1.0 4.0 405.0 15.0 417.0 
face 1.0 7.0 332.0 23.0 353.0 
face 1.0 10.0 315.0 18.0 325.0 
face 1.0 5.0 292.0 20.0 307.0 
face 1.0 131.0 326.0 143.0 337.0 
face 1.0 154.0 311.0 167.0 321.0 
face 1.0 145.0 295.0 158.0 306.0 
face 1.0 213.0 280.0 226.0 295.0 
face 1.0 237.0 299.0 253.0 316.0 
face 1.0 406.0 291.0 415.0 301.0 
face 1.0 426.0 296.0 441.0 308.0 
face 1.0 458.0 298.0 467.0 310.0 
face 1.0 558.0 320.0 575.0 334.0 
face 1.0 524.0 368.0 537.0 385.0 
face 1.0 596.0 247.0 610.0 262.0 
face 1.0 644.0 219.0 656.0 229.0 
face 1.0 608.0 211.0 620.0 222.0 
face 1.0 774.0 549.0 796.0 574.0 
face 1.0 475.0 637.0 493.0 650.0 
face 1.0 647.0 311.0 663.0 325.0 
face 1.0 724.0 237.0 732.0 247.0 
face 1.0 1003.0 191.0 1015.0 202.0 
face 1.0 877.0 289.0 891.0 301.0 
face 1.0 716.0 175.0 728.0 187.0 
face 1.0 666.0 202.0 675.0 211.0 
face 1.0 817.0 148.0 828.0 157.0 
face 1.0 602.0 183.0 613.0 194.0 
face 1.0 566.0 178.0 573.0 188.0 
face 1.0 582.0 155.0 592.0 163.0 
face 1.0 598.0 137.0 606.0 145.0 
face 1.0 616.0 153.0 627.0 162.0 
face 1.0 627.0 140.0 638.0 154.0 
face 1.0 622.0 156.0 637.0 167.0 
face 1.0 646.0 139.0 657.0 152.0 
face 1.0 656.0 163.0 665.0 173.0 
face 1.0 720.0 143.0 730.0 159.0 
face 1.0 718.0 133.0 727.0 140.0 
face 1.0 746.0 122.0 755.0 130.0 
face 1.0 736.0 109.0 746.0 118.0 
face 1.0 694.0 128.0 703.0 135.0 
face 1.0 744.0 162.0 757.0 172.0 
face 1.0 749.0 199.0 758.0 207.0 
face 1.0 730.0 190.0 740.0 201.0 
face 1.0 849.0 159.0 856.0 171.0 
face 1.0 791.0 104.0 798.0 114.0 
face 1.0 788.0 118.0 799.0 129.0 
face 1.0 829.0 76.0 838.0 82.0 
face 1.0 833.0 91.0 840.0 100.0 
face 1.0 841.0 84.0 848.0 91.0 
face 1.0 854.0 81.0 862.0 88.0 
face 1.0 865.0 80.0 874.0 86.0 
face 1.0 884.0 83.0 892.0 93.0 
face 1.0 914.0 60.0 922.0 68.0 
face 1.0 881.0 61.0 889.0 70.0 
face 1.0 1001.0 97.0 1015.0 107.0 
face 1.0 837.0 50.0 848.0 61.0 
face 1.0 863.0 41.0 872.0 49.0 
face 1.0 839.0 39.0 850.0 46.0 
face 1.0 800.0 69.0 810.0 77.0 
face 1.0 797.0 72.0 804.0 80.0 
face 1.0 773.0 63.0 781.0 71.0 
face 1.0 782.0 50.0 791.0 58.0 
face 1.0 805.0 33.0 815.0 41.0 
face 1.0 773.0 34.0 782.0 41.0 
face 1.0 773.0 98.0 783.0 105.0 
face 1.0 748.0 70.0 759.0 80.0 
face 1.0 740.0 51.0 747.0 59.0 
face 1.0 754.0 48.0 760.0 55.0 
face 1.0 748.0 15.0 755.0 21.0 
face 1.0 740.0 13.0 747.0 20.0 
face 1.0 728.0 31.0 732.0 37.0 
face 1.0 718.0 15.0 727.0 23.0 
face 1.0 702.0 9.0 709.0 16.0 
face 1.0 689.0 13.0 699.0 21.0 
face 1.0 690.0 26.0 700.0 35.0 
face 1.0 703.0 49.0 709.0 54.0 
face 1.0 707.0 58.0 717.0 67.0 
face 1.0 722.0 57.0 730.0 65.0 
face 1.0 700.0 73.0 712.0 84.0 
face 1.0 710.0 91.0 722.0 100.0 
face 1.0 693.0 111.0 698.0 115.0 
face 1.0 706.0 117.0 712.0 121.0 
face 1.0 701.0 126.0 708.0 136.0 
face 1.0 673.0 113.0 684.0 122.0 
face 1.0 662.0 108.0 669.0 116.0 
face 1.0 665.0 95.0 675.0 105.0 
face 1.0 679.0 75.0 687.0 82.0 
face 1.0 687.0 55.0 696.0 63.0 
face 1.0 676.0 56.0 685.0 67.0 
face 1.0 645.0 79.0 657.0 89.0 
face 1.0 643.0 61.0 653.0 70.0 
face 1.0 651.0 42.0 660.0 52.0 
face 1.0 660.0 29.0 669.0 36.0 
face 1.0 631.0 34.0 638.0 41.0 
face 1.0 626.0 57.0 633.0 67.0 
face 1.0 611.0 70.0 620.0 76.0 
face 1.0 603.0 89.0 615.0 97.0 
face 1.0 621.0 95.0 632.0 106.0 
face 1.0 636.0 98.0 644.0 107.0 
face 1.0 649.0 97.0 659.0 105.0 
face 1.0 639.0 86.0 643.0 90.0 
face 1.0 633.0 90.0 641.0 101.0 
face 1.0 632.0 119.0 641.0 128.0 
face 1.0 620.0 110.0 629.0 119.0 
face 1.0 612.0 120.0 622.0 131.0 
face 1.0 647.0 12.0 653.0 22.0 
face 1.0 668.0 16.0 675.0 22.0 
face 1.0 632.0 9.0 641.0 17.0 
face 1.0 611.0 13.0 620.0 21.0 
face 1.0 621.0 23.0 626.0 30.0 
face 1.0 627.0 28.0 637.0 36.0 
face 1.0 622.0 50.0 638.0 59.0 
face 1.0 676.0 148.0 681.0 155.0 
face 1.0 576.0 166.0 589.0 175.0 
face 1.0 580.0 125.0 593.0 139.0 
face 1.0 586.0 105.0 591.0 111.0 
face 1.0 560.0 117.0 570.0 123.0 
face 1.0 565.0 132.0 575.0 140.0 
face 1.0 566.0 145.0 574.0 150.0 
face 1.0 568.0 86.0 578.0 93.0 
face 1.0 567.0 102.0 578.0 107.0 
face 1.0 588.0 79.0 596.0 87.0 
face 1.0 564.0 73.0 577.0 83.0 
face 1.0 580.0 68.0 586.0 73.0 
face 1.0 570.0 57.0 579.0 66.0 
face 1.0 595.0 63.0 601.0 70.0 
face 1.0 585.0 25.0 594.0 35.0 
face 1.0 603.0 19.0 611.0 29.0 
face 1.0 582.0 10.0 588.0 15.0 
face 1.0 562.0 18.0 572.0 24.0 
face 1.0 550.0 11.0 560.0 22.0 
face 1.0 541.0 10.0 547.0 18.0 
face 1.0 528.0 11.0 536.0 17.0 
face 1.0 523.0 47.0 533.0 55.0 
face 1.0 536.0 34.0 544.0 43.0 
face 1.0 513.0 68.0 524.0 79.0 
face 1.0 534.0 69.0 541.0 76.0 
face 1.0 541.0 76.0 551.0 89.0 
face 1.0 534.0 98.0 547.0 108.0 
face 1.0 538.0 119.0 547.0 127.0 
face 1.0 542.0 107.0 549.0 113.0 
face 1.0 516.0 107.0 528.0 120.0 
face 1.0 508.0 114.0 516.0 123.0 
face 1.0 511.0 129.0 521.0 141.0 
face 1.0 524.0 134.0 535.0 142.0 
face 1.0 517.0 150.0 529.0 158.0 
face 1.0 520.0 164.0 529.0 175.0 
face 1.0 489.0 147.0 501.0 155.0 
face 1.0 478.0 140.0 485.0 146.0 
face 1.0 472.0 154.0 485.0 163.0 
face 1.0 481.0 183.0 491.0 194.0 
face 1.0 490.0 180.0 498.0 196.0 
face 1.0 479.0 204.0 495.0 212.0 
face 1.0 483.0 100.0 494.0 111.0 
face 1.0 475.0 109.0 480.0 116.0 
face 1.0 480.0 110.0 491.0 123.0 
face 1.0 500.0 72.0 510.0 82.0 
face 1.0 506.0 51.0 513.0 56.0 
face 1.0 492.0 41.0 499.0 48.0 
face 1.0 568.0 6.0 575.0 16.0 
face 1.0 473.0 4.0 483.0 11.0 
face 1.0 483.0 71.0 491.0 81.0 
face 1.0 471.0 74.0 478.0 82.0 
face 1.0 534.0 60.0 543.0 67.0 
face 1.0 472.0 49.0 482.0 58.0 
face 1.0 455.0 77.0 465.0 86.0 
face 1.0 447.0 74.0 454.0 80.0 
face 1.0 443.0 83.0 455.0 97.0 
face 1.0 438.0 99.0 451.0 110.0 
face 1.0 414.0 86.0 427.0 95.0 
face 1.0 403.0 89.0 412.0 97.0 
face 1.0 408.0 69.0 420.0 80.0 
face 1.0 409.0 50.0 419.0 58.0 
face 1.0 427.0 55.0 438.0 64.0 
face 1.0 410.0 45.0 418.0 49.0 
face 1.0 414.0 36.0 422.0 44.0 
face 1.0 425.0 46.0 437.0 54.0 
face 1.0 432.0 36.0 438.0 42.0 
face 1.0 427.0 28.0 436.0 35.0 
face 1.0 443.0 34.0 450.0 38.0 
face 1.0 415.0 21.0 421.0 27.0 
face 1.0 441.0 22.0 447.0 27.0 
face 1.0 450.0 26.0 455.0 32.0 
face 1.0 485.0 36.0 490.0 43.0 
face 1.0 372.0 33.0 379.0 38.0 
face 1.0 379.0 13.0 387.0 21.0 
face 1.0 403.0 17.0 408.0 23.0 
face 1.0 345.0 27.0 354.0 36.0 
face 1.0 337.0 37.0 345.0 48.0 
face 1.0 332.0 41.0 339.0 48.0 
face 1.0 323.0 36.0 330.0 42.0 
face 1.0 321.0 56.0 330.0 63.0 
face 1.0 322.0 46.0 330.0 53.0 
face 1.0 351.0 74.0 359.0 84.0 
face 1.0 386.0 72.0 394.0 82.0 
face 1.0 389.0 62.0 397.0 70.0 
face 1.0 386.0 93.0 395.0 104.0 
face 1.0 380.0 89.0 385.0 94.0 
face 1.0 362.0 87.0 370.0 94.0 
face 1.0 352.0 92.0 361.0 102.0 
face 1.0 346.0 85.0 357.0 97.0 
face 1.0 334.0 92.0 343.0 102.0 
face 1.0 318.0 97.0 328.0 107.0 
face 1.0 319.0 70.0 328.0 78.0 
face 1.0 339.0 69.0 346.0 74.0 
face 1.0 298.0 64.0 307.0 73.0 
face 1.0 293.0 55.0 301.0 64.0 
face 1.0 294.0 39.0 305.0 52.0 
face 1.0 281.0 47.0 289.0 56.0 
face 1.0 271.0 35.0 276.0 41.0 
face 1.0 292.0 27.0 303.0 36.0 
face 1.0 315.0 15.0 321.0 23.0 
face 1.0 299.0 10.0 307.0 19.0 
face 1.0 276.0 88.0 287.0 98.0 
face 1.0 289.0 99.0 298.0 106.0 
face 1.0 272.0 99.0 282.0 108.0 
face 1.0 285.0 129.0 296.0 139.0 
face 1.0 301.0 137.0 312.0 149.0 
face 1.0 312.0 133.0 321.0 143.0 
face 1.0 283.0 83.0 290.0 91.0 
face 1.0 283.0 75.0 292.0 81.0 
face 1.0 255.0 45.0 268.0 61.0 
face 1.0 266.0 41.0 273.0 47.0 
face 1.0 385.0 34.0 393.0 41.0 
face 1.0 369.0 60.0 377.0 66.0 
face 1.0 357.0 70.0 365.0 79.0 
face 1.0 373.0 118.0 382.0 126.0 
face 1.0 353.0 129.0 361.0 140.0 
face 1.0 327.0 155.0 336.0 166.0 
face 1.0 345.0 166.0 354.0 176.0 
face 1.0 358.0 166.0 370.0 174.0 
face 1.0 234.0 114.0 243.0 123.0 
face 1.0 247.0 107.0 261.0 118.0 
face 1.0 234.0 91.0 246.0 106.0 
face 1.0 211.0 81.0 220.0 89.0 
face 1.0 150.0 98.0 160.0 106.0 
face 1.0 154.0 145.0 164.0 152.0 
face 1.0 152.0 165.0 162.0 179.0 
face 1.0 156.0 161.0 167.0 169.0 
face 1.0 170.0 144.0 179.0 152.0 
face 1.0 213.0 140.0 220.0 148.0 
face 1.0 196.0 151.0 209.0 161.0 
face 1.0 229.0 144.0 239.0 153.0 
face 1.0 241.0 139.0 251.0 148.0 
face 1.0 195.0 126.0 205.0 136.0 
face 1.0 147.0 124.0 159.0 133.0 
face 1.0 89.0 158.0 102.0 166.0 
face 1.0 101.0 171.0 111.0 183.0 
face 1.0 75.0 149.0 89.0 171.0 
face 1.0 97.0 97.0 106.0 104.0 
face 1.0 125.0 100.0 132.0 110.0 
face 1.0 128.0 88.0 137.0 95.0 
face 1.0 96.0 61.0 108.0 70.0 
face 1.0 89.0 70.0 104.0 84.0 
face 1.0 125.0 64.0 133.0 70.0 
face 1.0 136.0 65.0 144.0 73.0 
face 1.0 185.0 62.0 195.0 70.0 
face 1.0 174.0 30.0 183.0 37.0 
face 1.0 185.0 31.0 196.0 40.0 
face 1.0 146.0 21.0 153.0 28.0 
face 1.0 121.0 26.0 127.0 30.0 
face 1.0 83.0 27.0 90.0 33.0 
face 1.0 79.0 43.0 89.0 52.0 
face 1.0 243.0 18.0 252.0 26.0 
face 1.0 239.0 41.0 247.0 47.0 
face 1.0 242.0 52.0 251.0 61.0 
face 1.0 242.0 71.0 250.0 78.0 
face 1.0 159.0 31.0 168.0 38.0 
face 1.0 146.0 56.0 155.0 63.0 
face 1.0 154.0 70.0 161.0 81.0 
face 1.0 227.0 50.0 234.0 56.0 
face 1.0 181.0 14.0 188.0 21.0 
face 1.0 28.0 23.0 34.0 30.0 
face 1.0 10.0 51.0 21.0 65.0 
face 1.0 19.0 74.0 29.0 86.0 
face 1.0 27.0 97.0 34.0 106.0 
face 1.0 38.0 95.0 44.0 102.0 
face 1.0 49.0 103.0 60.0 114.0 
face 1.0 24.0 123.0 35.0 135.0 
face 1.0 101.0 79.0 113.0 88.0 
face 1.0 449.0 142.0 461.0 152.0 
face 1.0 467.0 131.0 474.0 140.0 
face 1.0 284.0 211.0 296.0 228.0 
