face 1.0 984.0 375.0 1019.0 419.0 
face 1.0 803.0 555.0 941.0 739.0 
face 1.0 550.0 474.0 611.0 548.0 
face 1.0 314.0 404.0 358.0 525.0 
face 1.0 392.0 395.0 410.0 423.0 
face 1.0 360.0 405.0 385.0 436.0 
face 1.0 415.0 421.0 428.0 436.0 
face 1.0 115.0 448.0 150.0 485.0 
face 1.0 70.0 471.0 110.0 516.0 
face 1.0 18.0 446.0 45.0 487.0 
face 1.0 93.0 424.0 113.0 450.0 
face 1.0 208.0 378.0 215.0 386.0 
face 1.0 198.0 380.0 206.0 389.0 
face 1.0 187.0 379.0 195.0 387.0 
face 1.0 76.0 543.0 90.0 561.0 
face 1.0 95.0 550.0 109.0 570.0 
face 1.0 114.0 557.0 127.0 573.0 
face 1.0 57.0 561.0 72.0 576.0 
face 1.0 7.0 414.0 16.0 427.0 
face 1.0 65.0 421.0 79.0 436.0 
face 1.0 657.0 299.0 669.0 313.0 
face 1.0 640.0 296.0 652.0 309.0 
face 1.0 624.0 289.0 637.0 304.0 
face 1.0 609.0 304.0 621.0 316.0 
face 1.0 153.0 424.0 167.0 440.0 
face 1.0 130.0 424.0 140.0 437.0 
face 1.0 384.0 372.0 389.0 378.0 
face 1.0 394.0 373.0 401.0 381.0 
