face 1.0 405.0 333.0 411.0 340.0 
face 1.0 419.0 320.0 424.0 327.0 
face 1.0 437.0 336.0 442.0 342.0 
face 1.0 450.0 353.0 458.0 365.0 
face 1.0 424.0 365.0 433.0 376.0 
face 1.0 413.0 356.0 420.0 367.0 
face 1.0 378.0 358.0 386.0 367.0 
face 1.0 342.0 362.0 350.0 371.0 
face 1.0 374.0 379.0 383.0 390.0 
face 1.0 434.0 330.0 439.0 337.0 
face 1.0 374.0 331.0 380.0 338.0 
face 1.0 354.0 336.0 360.0 342.0 
face 1.0 362.0 396.0 373.0 410.0 
face 1.0 345.0 400.0 356.0 413.0 
face 1.0 352.0 409.0 364.0 423.0 
face 1.0 330.0 416.0 340.0 428.0 
face 1.0 322.0 418.0 333.0 431.0 
face 1.0 351.0 425.0 361.0 439.0 
face 1.0 353.0 442.0 365.0 461.0 
face 1.0 373.0 430.0 385.0 446.0 
face 1.0 386.0 401.0 399.0 420.0 
face 1.0 405.0 396.0 417.0 410.0 
face 1.0 539.0 355.0 547.0 365.0 
face 1.0 554.0 346.0 562.0 356.0 
face 1.0 553.0 334.0 559.0 341.0 
face 1.0 733.0 108.0 980.0 455.0 
face 1.0 463.0 296.0 536.0 391.0 
face 1.0 205.0 343.0 289.0 433.0 
face 1.0 0.0 355.0 81.0 620.0 
