face 1.0 880.0 592.0 928.0 654.0 
face 1.0 940.0 541.0 973.0 588.0 
face 1.0 850.0 503.0 871.0 532.0 
face 1.0 783.0 501.0 800.0 524.0 
face 1.0 719.0 516.0 739.0 544.0 
face 1.0 762.0 563.0 788.0 596.0 
face 1.0 664.0 527.0 699.0 572.0 
face 1.0 632.0 508.0 640.0 521.0 
face 1.0 545.0 515.0 557.0 531.0 
face 1.0 530.0 563.0 552.0 596.0 
face 1.0 411.0 533.0 436.0 565.0 
face 1.0 465.0 533.0 478.0 550.0 
face 1.0 482.0 505.0 490.0 514.0 
face 1.0 471.0 514.0 479.0 524.0 
face 1.0 80.0 536.0 131.0 608.0 
face 1.0 55.0 557.0 69.0 578.0 
face 1.0 231.0 544.0 249.0 570.0 
face 1.0 260.0 533.0 270.0 547.0 
face 1.0 187.0 556.0 204.0 579.0 
face 1.0 279.0 527.0 297.0 552.0 
face 1.0 339.0 536.0 350.0 551.0 
face 1.0 377.0 536.0 389.0 554.0 
face 1.0 411.0 520.0 418.0 529.0 
face 1.0 378.0 520.0 390.0 535.0 
face 1.0 369.0 514.0 376.0 523.0 
face 1.0 230.0 529.0 239.0 542.0 
face 1.0 312.0 516.0 326.0 534.0 
face 1.0 421.0 515.0 431.0 529.0 
