face 1.0 0.0 21.0 38.0 69.0 
face 1.0 146.0 74.0 190.0 125.0 
face 1.0 244.0 48.0 285.0 104.0 
face 1.0 322.0 90.0 367.0 153.0 
face 1.0 0.0 164.0 32.0 233.0 
face 1.0 253.0 239.0 305.0 302.0 
face 1.0 365.0 165.0 415.0 235.0 
face 1.0 458.0 256.0 519.0 334.0 
face 1.0 444.0 192.0 494.0 256.0 
face 1.0 484.0 19.0 524.0 71.0 
face 1.0 377.0 1.0 405.0 25.0 
face 1.0 457.0 0.0 481.0 20.0 
face 1.0 515.0 171.0 569.0 236.0 
face 1.0 604.0 146.0 658.0 223.0 
face 1.0 598.0 9.0 646.0 70.0 
face 1.0 705.0 41.0 746.0 100.0 
face 1.0 808.0 0.0 852.0 51.0 
face 1.0 837.0 2.0 869.0 55.0 
face 1.0 963.0 50.0 1007.0 101.0 
face 1.0 937.0 162.0 983.0 218.0 
face 1.0 821.0 242.0 868.0 294.0 
face 1.0 844.0 256.0 900.0 338.0 
