face 1.0 135.0 463.0 159.0 512.0 
face 1.0 148.0 490.0 177.0 517.0 
face 1.0 313.0 227.0 343.0 275.0 
face 1.0 438.0 117.0 469.0 169.0 
face 1.0 22.0 483.0 58.0 517.0 
face 1.0 866.0 449.0 893.0 487.0 
face 1.0 823.0 385.0 852.0 422.0 
face 1.0 749.0 411.0 775.0 445.0 
face 1.0 692.0 395.0 722.0 434.0 
face 1.0 586.0 411.0 617.0 446.0 
face 1.0 564.0 406.0 593.0 443.0 
face 1.0 555.0 357.0 578.0 381.0 
face 1.0 477.0 370.0 504.0 403.0 
face 1.0 873.0 364.0 897.0 391.0 
face 1.0 648.0 310.0 668.0 337.0 
face 1.0 678.0 290.0 693.0 313.0 
face 1.0 361.0 341.0 390.0 370.0 
face 1.0 363.0 301.0 384.0 325.0 
face 1.0 55.0 298.0 77.0 318.0 
face 1.0 0.0 298.0 8.0 320.0 
face 1.0 716.0 383.0 738.0 411.0 
face 1.0 671.0 335.0 691.0 357.0 
face 1.0 883.0 330.0 904.0 350.0 
face 1.0 713.0 421.0 730.0 447.0 
face 1.0 907.0 406.0 930.0 436.0 
face 1.0 723.0 265.0 734.0 281.0 
face 1.0 929.0 248.0 938.0 261.0 
face 1.0 948.0 173.0 958.0 186.0 
face 1.0 928.0 174.0 937.0 185.0 
face 1.0 979.0 174.0 988.0 187.0 
face 1.0 951.0 232.0 959.0 243.0 
face 1.0 928.0 234.0 937.0 246.0 
face 1.0 851.0 224.0 862.0 237.0 
face 1.0 906.0 174.0 914.0 188.0 
face 1.0 882.0 177.0 891.0 188.0 
face 1.0 862.0 183.0 872.0 194.0 
face 1.0 582.0 279.0 601.0 307.0 
face 1.0 756.0 160.0 766.0 174.0 
face 1.0 746.0 266.0 758.0 283.0 
face 1.0 496.0 229.0 504.0 241.0 
face 1.0 592.0 349.0 615.0 377.0 
face 1.0 450.0 361.0 473.0 399.0 
face 1.0 343.0 302.0 361.0 323.0 
face 1.0 26.0 231.0 35.0 243.0 
face 1.0 990.0 165.0 999.0 177.0 
face 1.0 864.0 246.0 875.0 260.0 
face 1.0 904.0 237.0 911.0 245.0 
face 1.0 839.0 248.0 848.0 258.0 
face 1.0 936.0 430.0 960.0 463.0 
face 1.0 747.0 380.0 770.0 409.0 
face 1.0 719.0 334.0 734.0 351.0 
face 1.0 185.0 228.0 214.0 268.0 
face 1.0 36.0 275.0 55.0 295.0 
face 1.0 33.0 259.0 51.0 281.0 
face 1.0 132.0 186.0 139.0 196.0 
face 1.0 741.0 158.0 749.0 168.0 
face 1.0 778.0 169.0 785.0 180.0 
face 1.0 795.0 161.0 802.0 173.0 
face 1.0 812.0 160.0 820.0 171.0 
face 1.0 887.0 168.0 895.0 178.0 
face 1.0 784.0 242.0 796.0 255.0 
face 1.0 883.0 237.0 889.0 244.0 
face 1.0 813.0 266.0 824.0 278.0 
face 1.0 802.0 481.0 829.0 517.0 
