face 1.0 963.0 617.0 981.0 645.0 
face 1.0 805.0 544.0 831.0 573.0 
face 1.0 766.0 567.0 790.0 597.0 
face 1.0 932.0 572.0 952.0 600.0 
face 1.0 888.0 596.0 910.0 623.0 
face 1.0 886.0 542.0 909.0 571.0 
face 1.0 852.0 559.0 871.0 589.0 
face 1.0 844.0 520.0 866.0 544.0 
face 1.0 921.0 493.0 939.0 515.0 
face 1.0 981.0 490.0 1000.0 513.0 
face 1.0 846.0 487.0 865.0 509.0 
face 1.0 884.0 660.0 915.0 680.0 
face 1.0 931.0 646.0 956.0 674.0 
face 1.0 769.0 497.0 787.0 513.0 
face 1.0 885.0 461.0 904.0 479.0 
face 1.0 961.0 451.0 977.0 469.0 
face 1.0 988.0 468.0 1004.0 484.0 
face 1.0 1014.0 477.0 1024.0 500.0 
face 1.0 829.0 476.0 847.0 494.0 
face 1.0 901.0 476.0 917.0 490.0 
face 1.0 936.0 469.0 952.0 484.0 
face 1.0 778.0 466.0 799.0 486.0 
face 1.0 753.0 453.0 771.0 470.0 
face 1.0 714.0 463.0 732.0 483.0 
face 1.0 737.0 478.0 756.0 498.0 
face 1.0 737.0 405.0 752.0 421.0 
face 1.0 787.0 440.0 804.0 457.0 
face 1.0 689.0 413.0 705.0 431.0 
face 1.0 633.0 393.0 651.0 412.0 
face 1.0 675.0 404.0 690.0 420.0 
face 1.0 710.0 407.0 722.0 421.0 
face 1.0 770.0 412.0 784.0 427.0 
face 1.0 749.0 373.0 763.0 389.0 
face 1.0 719.0 429.0 733.0 444.0 
face 1.0 671.0 458.0 692.0 480.0 
face 1.0 614.0 434.0 631.0 453.0 
face 1.0 641.0 436.0 658.0 454.0 
face 1.0 736.0 619.0 766.0 652.0 
face 1.0 768.0 599.0 789.0 628.0 
face 1.0 742.0 540.0 763.0 565.0 
face 1.0 725.0 518.0 748.0 539.0 
face 1.0 535.0 343.0 546.0 354.0 
face 1.0 508.0 341.0 522.0 354.0 
face 1.0 491.0 390.0 504.0 405.0 
face 1.0 460.0 366.0 473.0 381.0 
face 1.0 418.0 395.0 432.0 409.0 
face 1.0 447.0 345.0 457.0 356.0 
face 1.0 440.0 405.0 454.0 420.0 
face 1.0 408.0 420.0 421.0 434.0 
face 1.0 384.0 403.0 396.0 417.0 
face 1.0 436.0 436.0 451.0 451.0 
face 1.0 587.0 386.0 602.0 401.0 
face 1.0 554.0 364.0 567.0 378.0 
face 1.0 607.0 326.0 620.0 340.0 
face 1.0 531.0 404.0 549.0 423.0 
face 1.0 962.0 413.0 982.0 432.0 
face 1.0 905.0 433.0 924.0 454.0 
face 1.0 939.0 377.0 957.0 396.0 
face 1.0 997.0 352.0 1012.0 369.0 
face 1.0 997.0 379.0 1014.0 397.0 
face 1.0 966.0 350.0 982.0 366.0 
face 1.0 813.0 332.0 825.0 346.0 
face 1.0 759.0 326.0 772.0 340.0 
face 1.0 806.0 361.0 820.0 376.0 
face 1.0 800.0 299.0 812.0 314.0 
face 1.0 804.0 281.0 815.0 293.0 
face 1.0 769.0 300.0 781.0 314.0 
face 1.0 717.0 301.0 728.0 314.0 
face 1.0 820.0 313.0 831.0 324.0 
face 1.0 391.0 366.0 402.0 378.0 
face 1.0 413.0 360.0 425.0 371.0 
face 1.0 319.0 374.0 333.0 388.0 
face 1.0 342.0 362.0 351.0 374.0 
face 1.0 391.0 335.0 402.0 347.0 
face 1.0 302.0 363.0 314.0 376.0 
face 1.0 279.0 386.0 292.0 401.0 
face 1.0 641.0 351.0 654.0 365.0 
face 1.0 663.0 324.0 675.0 338.0 
face 1.0 263.0 370.0 274.0 382.0 
face 1.0 256.0 353.0 267.0 365.0 
face 1.0 360.0 388.0 371.0 403.0 
face 1.0 325.0 336.0 337.0 349.0 
face 1.0 111.0 250.0 204.0 361.0 
face 1.0 158.0 152.0 184.0 182.0 
face 1.0 350.0 327.0 360.0 337.0 
face 1.0 330.0 294.0 340.0 304.0 
face 1.0 351.0 287.0 359.0 296.0 
face 1.0 405.0 296.0 416.0 311.0 
face 1.0 361.0 279.0 369.0 287.0 
face 1.0 712.0 333.0 721.0 343.0 
face 1.0 735.0 309.0 746.0 321.0 
face 1.0 796.0 284.0 807.0 297.0 
face 1.0 816.0 407.0 831.0 421.0 
face 1.0 878.0 362.0 891.0 374.0 
face 1.0 786.0 389.0 802.0 399.0 
face 1.0 851.0 397.0 864.0 410.0 
face 1.0 867.0 419.0 880.0 434.0 
face 1.0 955.0 477.0 971.0 495.0 
face 1.0 496.0 306.0 507.0 319.0 
face 1.0 474.0 324.0 484.0 337.0 
face 1.0 487.0 343.0 501.0 359.0 
face 1.0 288.0 358.0 300.0 371.0 
face 1.0 471.0 346.0 482.0 359.0 
face 1.0 301.0 421.0 314.0 438.0 
face 1.0 542.0 321.0 554.0 338.0 
face 1.0 676.0 367.0 688.0 383.0 
face 1.0 570.0 346.0 580.0 359.0 
face 1.0 582.0 362.0 594.0 377.0 
face 1.0 553.0 350.0 564.0 362.0 
face 1.0 556.0 322.0 568.0 337.0 
face 1.0 762.0 530.0 781.0 552.0 
face 1.0 911.0 336.0 924.0 352.0 
face 1.0 998.0 283.0 1010.0 297.0 
face 1.0 959.0 290.0 968.0 303.0 
face 1.0 976.0 310.0 987.0 325.0 
face 1.0 303.0 480.0 321.0 499.0 
face 1.0 287.0 329.0 298.0 343.0 
face 1.0 413.0 382.0 428.0 399.0 
face 1.0 453.0 387.0 466.0 404.0 
face 1.0 479.0 391.0 493.0 406.0 
face 1.0 598.0 321.0 609.0 336.0 
face 1.0 411.0 441.0 428.0 462.0 
face 1.0 454.0 444.0 469.0 460.0 
face 1.0 456.0 284.0 466.0 298.0 
face 1.0 473.0 276.0 482.0 286.0 
face 1.0 846.0 609.0 864.0 637.0 
face 1.0 978.0 572.0 1000.0 593.0 
face 1.0 957.0 542.0 979.0 565.0 
face 1.0 827.0 434.0 840.0 449.0 
face 1.0 884.0 388.0 900.0 407.0 
face 1.0 706.0 385.0 721.0 403.0 
face 1.0 865.0 477.0 882.0 495.0 
face 1.0 331.0 408.0 341.0 422.0 
face 1.0 615.0 391.0 628.0 408.0 
face 1.0 516.0 397.0 527.0 413.0 
face 1.0 363.0 311.0 372.0 322.0 
face 1.0 613.0 368.0 624.0 381.0 
face 1.0 558.0 440.0 576.0 461.0 
face 1.0 755.0 415.0 765.0 427.0 
