face 1.0 16.0 375.0 26.0 385.0 
face 1.0 55.0 391.0 69.0 401.0 
face 1.0 48.0 400.0 58.0 409.0 
face 1.0 33.0 424.0 45.0 440.0 
face 1.0 47.0 432.0 63.0 451.0 
face 1.0 15.0 473.0 54.0 523.0 
face 1.0 155.0 424.0 170.0 443.0 
face 1.0 140.0 376.0 152.0 393.0 
face 1.0 109.0 381.0 125.0 402.0 
face 1.0 94.0 382.0 107.0 395.0 
face 1.0 167.0 369.0 177.0 382.0 
face 1.0 191.0 358.0 200.0 366.0 
face 1.0 173.0 345.0 179.0 353.0 
face 1.0 191.0 345.0 195.0 352.0 
face 1.0 178.0 335.0 184.0 339.0 
face 1.0 162.0 336.0 166.0 341.0 
face 1.0 149.0 339.0 154.0 343.0 
face 1.0 197.0 331.0 200.0 338.0 
face 1.0 213.0 349.0 220.0 356.0 
face 1.0 201.0 403.0 222.0 433.0 
face 1.0 201.0 392.0 219.0 411.0 
face 1.0 225.0 424.0 261.0 478.0 
face 1.0 275.0 419.0 295.0 446.0 
face 1.0 250.0 368.0 269.0 392.0 
face 1.0 289.0 349.0 303.0 366.0 
face 1.0 272.0 346.0 282.0 360.0 
face 1.0 254.0 344.0 264.0 358.0 
face 1.0 270.0 330.0 277.0 340.0 
face 1.0 289.0 331.0 294.0 339.0 
face 1.0 305.0 333.0 312.0 342.0 
face 1.0 326.0 326.0 333.0 334.0 
face 1.0 340.0 334.0 347.0 345.0 
face 1.0 360.0 342.0 369.0 354.0 
face 1.0 362.0 322.0 372.0 332.0 
face 1.0 390.0 336.0 404.0 353.0 
face 1.0 379.0 325.0 389.0 337.0 
face 1.0 400.0 368.0 420.0 391.0 
face 1.0 356.0 430.0 397.0 495.0 
face 1.0 344.0 393.0 374.0 433.0 
face 1.0 446.0 349.0 464.0 373.0 
face 1.0 463.0 346.0 475.0 362.0 
face 1.0 429.0 329.0 443.0 343.0 
face 1.0 411.0 331.0 418.0 344.0 
face 1.0 415.0 315.0 422.0 322.0 
face 1.0 453.0 320.0 463.0 335.0 
face 1.0 445.0 314.0 450.0 323.0 
face 1.0 483.0 315.0 493.0 326.0 
face 1.0 510.0 352.0 520.0 365.0 
face 1.0 527.0 330.0 544.0 355.0 
face 1.0 485.0 371.0 504.0 394.0 
face 1.0 462.0 411.0 484.0 439.0 
face 1.0 563.0 464.0 601.0 524.0 
face 1.0 430.0 560.0 501.0 676.0 
face 1.0 577.0 385.0 603.0 420.0 
face 1.0 622.0 391.0 639.0 410.0 
face 1.0 633.0 395.0 667.0 439.0 
face 1.0 617.0 330.0 633.0 354.0 
face 1.0 656.0 304.0 675.0 327.0 
face 1.0 698.0 314.0 717.0 339.0 
face 1.0 641.0 305.0 655.0 324.0 
face 1.0 613.0 302.0 626.0 322.0 
face 1.0 593.0 310.0 605.0 321.0 
face 1.0 575.0 330.0 590.0 351.0 
face 1.0 542.0 312.0 553.0 329.0 
face 1.0 516.0 316.0 530.0 331.0 
face 1.0 581.0 296.0 591.0 308.0 
face 1.0 692.0 281.0 702.0 289.0 
face 1.0 710.0 300.0 717.0 313.0 
face 1.0 702.0 374.0 729.0 408.0 
face 1.0 537.0 301.0 543.0 308.0 
face 1.0 524.0 308.0 531.0 315.0 
face 1.0 631.0 299.0 639.0 309.0 
face 1.0 711.0 279.0 719.0 293.0 
face 1.0 616.0 295.0 626.0 305.0 
face 1.0 511.0 305.0 520.0 314.0 
face 1.0 490.0 295.0 497.0 305.0 
face 1.0 505.0 328.0 519.0 348.0 
face 1.0 790.0 426.0 859.0 505.0 
face 1.0 992.0 339.0 1024.0 422.0 
face 1.0 863.0 298.0 896.0 341.0 
face 1.0 783.0 305.0 827.0 353.0 
face 1.0 730.0 335.0 752.0 359.0 
face 1.0 774.0 312.0 793.0 338.0 
face 1.0 741.0 303.0 758.0 322.0 
face 1.0 796.0 273.0 813.0 292.0 
face 1.0 842.0 283.0 860.0 302.0 
face 1.0 860.0 273.0 891.0 303.0 
face 1.0 938.0 260.0 964.0 286.0 
face 1.0 733.0 282.0 743.0 297.0 
face 1.0 775.0 269.0 783.0 280.0 
face 1.0 738.0 269.0 746.0 278.0 
face 1.0 129.0 348.0 138.0 360.0 
face 1.0 156.0 352.0 165.0 361.0 
face 1.0 332.0 357.0 350.0 382.0 
face 1.0 230.0 349.0 241.0 371.0 
