face 1.0 53.0 487.0 64.0 503.0 
face 1.0 133.0 460.0 151.0 480.0 
face 1.0 190.0 94.0 211.0 135.0 
face 1.0 143.0 82.0 171.0 136.0 
face 1.0 276.0 248.0 290.0 265.0 
face 1.0 256.0 276.0 268.0 292.0 
face 1.0 294.0 285.0 308.0 304.0 
face 1.0 271.0 301.0 285.0 318.0 
face 1.0 278.0 322.0 290.0 334.0 
face 1.0 297.0 310.0 307.0 325.0 
face 1.0 268.0 334.0 281.0 354.0 
face 1.0 341.0 322.0 349.0 339.0 
face 1.0 346.0 320.0 359.0 338.0 
face 1.0 373.0 312.0 385.0 329.0 
face 1.0 308.0 295.0 322.0 317.0 
face 1.0 247.0 290.0 258.0 311.0 
face 1.0 245.0 326.0 255.0 347.0 
face 1.0 252.0 345.0 259.0 360.0 
face 1.0 248.0 374.0 265.0 393.0 
face 1.0 351.0 348.0 364.0 364.0 
face 1.0 317.0 360.0 331.0 376.0 
face 1.0 273.0 359.0 289.0 378.0 
face 1.0 331.0 374.0 342.0 390.0 
face 1.0 380.0 357.0 396.0 379.0 
face 1.0 284.0 353.0 299.0 374.0 
face 1.0 293.0 334.0 302.0 345.0 
face 1.0 392.0 296.0 401.0 308.0 
face 1.0 370.0 287.0 382.0 304.0 
face 1.0 674.0 473.0 698.0 506.0 
face 1.0 800.0 498.0 822.0 519.0 
face 1.0 725.0 316.0 747.0 358.0 
face 1.0 688.0 168.0 712.0 205.0 
face 1.0 731.0 175.0 752.0 212.0 
face 1.0 759.0 171.0 777.0 203.0 
face 1.0 667.0 177.0 686.0 211.0 
face 1.0 916.0 133.0 931.0 167.0 
face 1.0 895.0 147.0 908.0 175.0 
face 1.0 589.0 28.0 621.0 93.0 
face 1.0 337.0 6.0 375.0 73.0 
face 1.0 797.0 8.0 824.0 61.0 
face 1.0 7.0 486.0 16.0 502.0 
face 1.0 470.0 132.0 565.0 266.0 
face 1.0 975.0 0.0 997.0 30.0 
