face 1.0 1009.0 194.0 1023.0 216.0 
face 1.0 983.0 233.0 1014.0 270.0 
face 1.0 862.0 136.0 903.0 182.0 
face 1.0 852.0 137.0 872.0 169.0 
face 1.0 775.0 141.0 810.0 176.0 
face 1.0 730.0 166.0 763.0 203.0 
face 1.0 667.0 140.0 696.0 169.0 
face 1.0 635.0 157.0 660.0 183.0 
face 1.0 612.0 167.0 632.0 188.0 
face 1.0 624.0 117.0 637.0 155.0 
face 1.0 575.0 203.0 607.0 248.0 
face 1.0 566.0 156.0 588.0 183.0 
face 1.0 530.0 153.0 551.0 178.0 
face 1.0 504.0 145.0 527.0 169.0 
face 1.0 446.0 138.0 480.0 178.0 
face 1.0 580.0 105.0 596.0 142.0 
face 1.0 533.0 126.0 545.0 147.0 
face 1.0 512.0 119.0 522.0 136.0 
face 1.0 495.0 116.0 507.0 136.0 
face 1.0 475.0 111.0 486.0 134.0 
face 1.0 614.0 134.0 623.0 153.0 
face 1.0 602.0 139.0 615.0 159.0 
face 1.0 522.0 84.0 540.0 126.0 
face 1.0 490.0 63.0 505.0 95.0 
face 1.0 402.0 120.0 412.0 130.0 
face 1.0 367.0 116.0 376.0 128.0 
face 1.0 374.0 94.0 386.0 111.0 
face 1.0 394.0 67.0 404.0 82.0 
face 1.0 310.0 42.0 317.0 50.0 
face 1.0 335.0 40.0 344.0 51.0 
face 1.0 315.0 16.0 325.0 32.0 
face 1.0 334.0 9.0 342.0 21.0 
face 1.0 366.0 63.0 377.0 78.0 
face 1.0 379.0 64.0 391.0 83.0 
face 1.0 400.0 172.0 418.0 193.0 
face 1.0 381.0 167.0 395.0 182.0 
face 1.0 360.0 181.0 378.0 201.0 
face 1.0 320.0 210.0 364.0 255.0 
face 1.0 320.0 157.0 339.0 178.0 
face 1.0 272.0 197.0 291.0 221.0 
face 1.0 242.0 153.0 271.0 193.0 
face 1.0 268.0 149.0 289.0 170.0 
face 1.0 244.0 119.0 256.0 132.0 
face 1.0 235.0 118.0 244.0 130.0 
face 1.0 434.0 149.0 442.0 161.0 
face 1.0 426.0 147.0 435.0 159.0 
face 1.0 195.0 60.0 214.0 81.0 
face 1.0 170.0 113.0 191.0 135.0 
face 1.0 184.0 178.0 205.0 205.0 
face 1.0 171.0 150.0 192.0 174.0 
face 1.0 130.0 157.0 156.0 184.0 
face 1.0 107.0 163.0 130.0 191.0 
face 1.0 106.0 92.0 128.0 117.0 
face 1.0 123.0 97.0 140.0 118.0 
face 1.0 717.0 164.0 744.0 195.0 
