face 1.0 929.0 237.0 945.0 256.0 
face 1.0 889.0 193.0 906.0 213.0 
face 1.0 814.0 264.0 829.0 281.0 
face 1.0 861.0 315.0 877.0 334.0 
face 1.0 747.0 234.0 765.0 255.0 
face 1.0 773.0 227.0 790.0 246.0 
face 1.0 710.0 241.0 727.0 260.0 
face 1.0 643.0 223.0 660.0 243.0 
face 1.0 733.0 369.0 747.0 388.0 
face 1.0 767.0 390.0 784.0 407.0 
face 1.0 641.0 380.0 660.0 400.0 
face 1.0 991.0 460.0 1006.0 480.0 
face 1.0 952.0 536.0 970.0 555.0 
face 1.0 941.0 504.0 961.0 525.0 
face 1.0 911.0 476.0 923.0 494.0 
face 1.0 938.0 487.0 953.0 502.0 
face 1.0 864.0 496.0 883.0 520.0 
face 1.0 898.0 519.0 915.0 537.0 
face 1.0 849.0 534.0 867.0 553.0 
face 1.0 767.0 529.0 784.0 545.0 
face 1.0 738.0 516.0 757.0 537.0 
face 1.0 803.0 494.0 819.0 513.0 
face 1.0 790.0 458.0 810.0 479.0 
face 1.0 838.0 453.0 852.0 470.0 
face 1.0 826.0 430.0 838.0 447.0 
face 1.0 849.0 413.0 862.0 431.0 
face 1.0 835.0 397.0 850.0 416.0 
face 1.0 782.0 413.0 798.0 432.0 
face 1.0 754.0 444.0 769.0 463.0 
face 1.0 726.0 412.0 738.0 429.0 
face 1.0 718.0 467.0 738.0 488.0 
face 1.0 664.0 499.0 681.0 518.0 
face 1.0 646.0 472.0 662.0 493.0 
face 1.0 680.0 430.0 696.0 449.0 
face 1.0 697.0 422.0 711.0 437.0 
face 1.0 649.0 425.0 662.0 442.0 
face 1.0 624.0 442.0 640.0 461.0 
face 1.0 584.0 460.0 602.0 480.0 
face 1.0 577.0 416.0 594.0 436.0 
face 1.0 580.0 388.0 596.0 407.0 
face 1.0 598.0 502.0 617.0 517.0 
face 1.0 543.0 493.0 561.0 514.0 
face 1.0 528.0 446.0 543.0 464.0 
face 1.0 497.0 482.0 515.0 504.0 
face 1.0 443.0 461.0 463.0 484.0 
face 1.0 434.0 441.0 450.0 455.0 
face 1.0 464.0 380.0 481.0 400.0 
face 1.0 427.0 371.0 443.0 390.0 
face 1.0 380.0 405.0 395.0 425.0 
face 1.0 546.0 306.0 564.0 327.0 
face 1.0 500.0 325.0 517.0 344.0 
face 1.0 480.0 304.0 496.0 325.0 
face 1.0 440.0 288.0 459.0 312.0 
face 1.0 408.0 302.0 424.0 320.0 
face 1.0 393.0 256.0 407.0 274.0 
face 1.0 339.0 448.0 356.0 467.0 
face 1.0 289.0 441.0 306.0 461.0 
face 1.0 306.0 410.0 323.0 427.0 
face 1.0 254.0 389.0 271.0 409.0 
face 1.0 229.0 465.0 245.0 479.0 
face 1.0 211.0 447.0 225.0 463.0 
face 1.0 299.0 338.0 317.0 359.0 
face 1.0 226.0 345.0 243.0 362.0 
face 1.0 286.0 320.0 302.0 342.0 
face 1.0 235.0 291.0 253.0 313.0 
face 1.0 262.0 235.0 278.0 252.0 
face 1.0 217.0 266.0 232.0 282.0 
face 1.0 316.0 315.0 333.0 328.0 
face 1.0 295.0 259.0 307.0 274.0 
face 1.0 161.0 426.0 177.0 444.0 
face 1.0 177.0 394.0 196.0 416.0 
face 1.0 187.0 360.0 204.0 380.0 
face 1.0 104.0 387.0 122.0 406.0 
face 1.0 102.0 431.0 120.0 450.0 
face 1.0 139.0 312.0 158.0 333.0 
face 1.0 119.0 358.0 134.0 377.0 
face 1.0 180.0 309.0 196.0 328.0 
face 1.0 175.0 301.0 189.0 317.0 
face 1.0 91.0 318.0 111.0 339.0 
face 1.0 19.0 326.0 36.0 346.0 
face 1.0 26.0 380.0 42.0 398.0 
face 1.0 40.0 365.0 57.0 384.0 
face 1.0 16.0 261.0 31.0 277.0 
face 1.0 72.0 264.0 86.0 284.0 
face 1.0 94.0 225.0 109.0 243.0 
face 1.0 132.0 213.0 148.0 232.0 
face 1.0 115.0 200.0 126.0 215.0 
face 1.0 39.0 412.0 57.0 432.0 
face 1.0 101.0 297.0 112.0 313.0 
face 1.0 0.0 336.0 8.0 354.0 
face 1.0 25.0 304.0 39.0 323.0 
face 1.0 553.0 140.0 570.0 160.0 
face 1.0 534.0 133.0 551.0 154.0 
face 1.0 489.0 138.0 508.0 159.0 
face 1.0 445.0 143.0 462.0 160.0 
face 1.0 401.0 132.0 419.0 151.0 
face 1.0 992.0 542.0 1009.0 553.0 
face 1.0 953.0 656.0 971.0 678.0 
face 1.0 898.0 663.0 912.0 682.0 
face 1.0 870.0 641.0 886.0 661.0 
face 1.0 866.0 608.0 881.0 630.0 
face 1.0 201.0 84.0 217.0 104.0 
face 1.0 285.0 94.0 302.0 113.0 
face 1.0 318.0 95.0 332.0 112.0 
face 1.0 338.0 120.0 352.0 134.0 
face 1.0 852.0 359.0 870.0 382.0 
