face 1.0 93.0 148.0 141.0 241.0 
face 1.0 179.0 174.0 267.0 288.0 
face 1.0 423.0 258.0 474.0 347.0 
face 1.0 587.0 290.0 646.0 363.0 
face 1.0 751.0 233.0 822.0 313.0 
face 1.0 647.0 326.0 696.0 391.0 
face 1.0 819.0 451.0 844.0 481.0 
face 1.0 824.0 396.0 849.0 426.0 
face 1.0 791.0 406.0 817.0 438.0 
face 1.0 785.0 459.0 807.0 491.0 
face 1.0 850.0 444.0 876.0 476.0 
face 1.0 620.0 449.0 644.0 483.0 
face 1.0 622.0 497.0 648.0 536.0 
face 1.0 590.0 493.0 614.0 527.0 
face 1.0 433.0 457.0 461.0 491.0 
face 1.0 450.0 513.0 478.0 552.0 
face 1.0 414.0 517.0 442.0 553.0 
face 1.0 391.0 465.0 419.0 500.0 
face 1.0 375.0 520.0 398.0 552.0 
face 1.0 488.0 515.0 507.0 551.0 
face 1.0 473.0 464.0 495.0 497.0 
face 1.0 471.0 410.0 489.0 447.0 
face 1.0 219.0 413.0 256.0 458.0 
face 1.0 238.0 481.0 269.0 533.0 
face 1.0 200.0 480.0 228.0 525.0 
face 1.0 259.0 377.0 290.0 422.0 
face 1.0 1006.0 275.0 1024.0 339.0 
