face 1.0 82.0 278.0 90.0 287.0 
face 1.0 96.0 273.0 106.0 290.0 
face 1.0 85.0 311.0 95.0 322.0 
face 1.0 116.0 349.0 127.0 365.0 
face 1.0 157.0 321.0 168.0 337.0 
face 1.0 173.0 347.0 189.0 366.0 
face 1.0 207.0 309.0 221.0 330.0 
face 1.0 266.0 349.0 281.0 369.0 
face 1.0 213.0 353.0 227.0 369.0 
face 1.0 132.0 304.0 144.0 317.0 
face 1.0 98.0 351.0 118.0 372.0 
face 1.0 157.0 284.0 169.0 300.0 
face 1.0 177.0 309.0 191.0 324.0 
face 1.0 47.0 345.0 59.0 361.0 
face 1.0 355.0 295.0 365.0 306.0 
face 1.0 390.0 304.0 400.0 318.0 
face 1.0 339.0 324.0 351.0 335.0 
face 1.0 311.0 294.0 320.0 307.0 
face 1.0 386.0 369.0 404.0 392.0 
face 1.0 399.0 352.0 411.0 367.0 
face 1.0 350.0 364.0 363.0 382.0 
face 1.0 295.0 322.0 309.0 342.0 
face 1.0 292.0 360.0 314.0 388.0 
face 1.0 256.0 404.0 279.0 435.0 
face 1.0 402.0 401.0 420.0 426.0 
face 1.0 388.0 288.0 395.0 298.0 
face 1.0 300.0 266.0 313.0 279.0 
face 1.0 277.0 264.0 288.0 275.0 
face 1.0 420.0 294.0 433.0 310.0 
face 1.0 437.0 355.0 449.0 373.0 
face 1.0 439.0 310.0 450.0 325.0 
face 1.0 472.0 284.0 481.0 294.0 
face 1.0 454.0 278.0 464.0 293.0 
face 1.0 711.0 298.0 721.0 310.0 
face 1.0 760.0 352.0 778.0 377.0 
face 1.0 786.0 348.0 800.0 369.0 
face 1.0 825.0 286.0 836.0 300.0 
face 1.0 847.0 298.0 861.0 315.0 
face 1.0 772.0 301.0 786.0 315.0 
face 1.0 796.0 290.0 807.0 304.0 
face 1.0 855.0 331.0 872.0 350.0 
face 1.0 687.0 303.0 701.0 314.0 
face 1.0 743.0 289.0 752.0 302.0 
face 1.0 741.0 329.0 755.0 344.0 
face 1.0 920.0 292.0 933.0 307.0 
face 1.0 899.0 300.0 910.0 313.0 
face 1.0 921.0 348.0 941.0 370.0 
face 1.0 795.0 409.0 814.0 440.0 
face 1.0 886.0 439.0 908.0 487.0 
face 1.0 934.0 423.0 953.0 444.0 
face 1.0 842.0 374.0 862.0 400.0 
face 1.0 67.0 423.0 95.0 469.0 
face 1.0 149.0 418.0 179.0 451.0 
face 1.0 101.0 391.0 128.0 421.0 
face 1.0 63.0 491.0 96.0 543.0 
face 1.0 257.0 493.0 292.0 548.0 
face 1.0 290.0 431.0 321.0 470.0 
face 1.0 726.0 396.0 739.0 416.0 
face 1.0 361.0 418.0 385.0 449.0 
face 1.0 415.0 449.0 440.0 488.0 
face 1.0 212.0 380.0 228.0 407.0 
face 1.0 192.0 410.0 217.0 448.0 
