face 1.0 103.0 344.0 160.0 413.0 
face 1.0 150.0 293.0 190.0 345.0 
face 1.0 224.0 290.0 255.0 329.0 
face 1.0 402.0 239.0 428.0 269.0 
face 1.0 932.0 277.0 966.0 312.0 
face 1.0 968.0 374.0 1024.0 466.0 
face 1.0 92.0 296.0 125.0 341.0 
face 1.0 265.0 242.0 289.0 279.0 
face 1.0 946.0 309.0 987.0 363.0 
face 1.0 916.0 195.0 930.0 210.0 
face 1.0 947.0 202.0 959.0 216.0 
face 1.0 594.0 237.0 608.0 253.0 
face 1.0 536.0 241.0 550.0 258.0 
face 1.0 675.0 282.0 698.0 324.0 
face 1.0 837.0 277.0 856.0 296.0 
face 1.0 882.0 346.0 910.0 389.0 
face 1.0 922.0 257.0 935.0 274.0 
face 1.0 511.0 222.0 522.0 233.0 
face 1.0 443.0 219.0 451.0 228.0 
face 1.0 498.0 240.0 505.0 249.0 
face 1.0 248.0 196.0 260.0 207.0 
face 1.0 89.0 240.0 109.0 266.0 
face 1.0 154.0 188.0 174.0 215.0 
face 1.0 203.0 246.0 219.0 267.0 
face 1.0 214.0 229.0 228.0 246.0 
face 1.0 305.0 224.0 319.0 241.0 
face 1.0 993.0 207.0 1004.0 220.0 
face 1.0 901.0 231.0 909.0 241.0 
face 1.0 548.0 226.0 562.0 243.0 
face 1.0 636.0 308.0 663.0 345.0 
