face 1.0 188.0 0.0 218.0 31.0 
face 1.0 87.0 248.0 151.0 332.0 
face 1.0 198.0 279.0 226.0 348.0 
face 1.0 243.0 189.0 271.0 262.0 
face 1.0 336.0 148.0 371.0 216.0 
face 1.0 391.0 133.0 441.0 205.0 
face 1.0 476.0 144.0 521.0 204.0 
face 1.0 611.0 127.0 636.0 177.0 
face 1.0 697.0 135.0 733.0 189.0 
face 1.0 748.0 126.0 782.0 171.0 
face 1.0 765.0 49.0 787.0 100.0 
face 1.0 836.0 79.0 850.0 126.0 
face 1.0 848.0 90.0 866.0 127.0 
face 1.0 944.0 44.0 970.0 86.0 
face 1.0 619.0 408.0 674.0 483.0 
face 1.0 984.0 254.0 1024.0 319.0 
face 1.0 939.0 417.0 998.0 504.0 
face 1.0 569.0 137.0 594.0 185.0 
face 1.0 954.0 122.0 967.0 140.0 
face 1.0 1010.0 83.0 1024.0 112.0 
