face 1.0 75.0 288.0 109.0 322.0 
face 1.0 0.0 311.0 6.0 317.0 
face 1.0 9.0 308.0 14.0 313.0 
face 1.0 31.0 266.0 47.0 284.0 
face 1.0 70.0 257.0 91.0 283.0 
face 1.0 103.0 269.0 112.0 281.0 
face 1.0 136.0 272.0 146.0 286.0 
face 1.0 160.0 265.0 176.0 282.0 
face 1.0 150.0 269.0 158.0 278.0 
face 1.0 166.0 286.0 183.0 308.0 
face 1.0 241.0 263.0 252.0 277.0 
face 1.0 113.0 290.0 123.0 302.0 
face 1.0 258.0 262.0 262.0 267.0 
face 1.0 269.0 262.0 295.0 287.0 
face 1.0 292.0 266.0 303.0 283.0 
face 1.0 362.0 264.0 385.0 291.0 
face 1.0 410.0 249.0 418.0 259.0 
face 1.0 426.0 296.0 430.0 301.0 
face 1.0 432.0 289.0 435.0 293.0 
face 1.0 447.0 261.0 458.0 277.0 
face 1.0 508.0 267.0 516.0 280.0 
face 1.0 574.0 283.0 600.0 313.0 
face 1.0 602.0 258.0 611.0 268.0 
face 1.0 538.0 252.0 550.0 266.0 
face 1.0 525.0 257.0 530.0 263.0 
face 1.0 681.0 246.0 703.0 272.0 
face 1.0 673.0 256.0 678.0 263.0 
face 1.0 645.0 250.0 649.0 258.0 
face 1.0 641.0 295.0 647.0 301.0 
face 1.0 645.0 298.0 648.0 303.0 
face 1.0 568.0 258.0 571.0 262.0 
face 1.0 628.0 297.0 632.0 304.0 
face 1.0 706.0 254.0 712.0 259.0 
face 1.0 784.0 258.0 788.0 264.0 
face 1.0 839.0 278.0 863.0 306.0 
face 1.0 748.0 312.0 753.0 320.0 
face 1.0 772.0 303.0 776.0 308.0 
face 1.0 730.0 259.0 735.0 265.0 
face 1.0 771.0 262.0 776.0 268.0 
face 1.0 782.0 260.0 786.0 265.0 
face 1.0 766.0 259.0 769.0 264.0 
face 1.0 971.0 266.0 1017.0 309.0 
face 1.0 947.0 264.0 965.0 286.0 
face 1.0 880.0 257.0 898.0 272.0 
face 1.0 821.0 260.0 826.0 265.0 
face 1.0 723.0 360.0 745.0 389.0 
face 1.0 928.0 255.0 935.0 264.0 
face 1.0 916.0 253.0 924.0 263.0 
face 1.0 315.0 264.0 320.0 271.0 
face 1.0 220.0 273.0 231.0 284.0 
face 1.0 222.0 252.0 232.0 266.0 
face 1.0 15.0 330.0 26.0 342.0 
