face 1.0 4.0 219.0 16.0 235.0 
face 1.0 18.0 242.0 32.0 259.0 
face 1.0 109.0 245.0 147.0 302.0 
face 1.0 175.0 225.0 195.0 253.0 
face 1.0 135.0 211.0 148.0 228.0 
face 1.0 4.0 254.0 20.0 269.0 
face 1.0 39.0 219.0 49.0 230.0 
face 1.0 35.0 227.0 41.0 231.0 
face 1.0 108.0 220.0 117.0 232.0 
face 1.0 159.0 198.0 164.0 205.0 
face 1.0 171.0 216.0 182.0 233.0 
face 1.0 173.0 195.0 180.0 201.0 
face 1.0 52.0 203.0 58.0 212.0 
face 1.0 96.0 208.0 103.0 216.0 
face 1.0 64.0 226.0 72.0 237.0 
face 1.0 69.0 220.0 77.0 230.0 
face 1.0 181.0 209.0 192.0 222.0 
face 1.0 0.0 307.0 28.0 357.0 
face 1.0 51.0 350.0 96.0 406.0 
face 1.0 169.0 314.0 218.0 372.0 
face 1.0 205.0 241.0 228.0 267.0 
face 1.0 250.0 228.0 264.0 239.0 
face 1.0 254.0 252.0 286.0 300.0 
face 1.0 272.0 277.0 307.0 324.0 
face 1.0 363.0 292.0 401.0 352.0 
face 1.0 355.0 226.0 381.0 265.0 
face 1.0 215.0 202.0 224.0 217.0 
face 1.0 224.0 206.0 238.0 225.0 
face 1.0 289.0 198.0 304.0 217.0 
face 1.0 320.0 212.0 338.0 235.0 
face 1.0 360.0 197.0 377.0 214.0 
face 1.0 460.0 227.0 491.0 273.0 
face 1.0 505.0 214.0 544.0 274.0 
face 1.0 449.0 207.0 476.0 241.0 
face 1.0 437.0 194.0 450.0 213.0 
face 1.0 491.0 163.0 505.0 178.0 
face 1.0 517.0 162.0 528.0 171.0 
face 1.0 547.0 171.0 561.0 186.0 
face 1.0 576.0 191.0 594.0 210.0 
face 1.0 331.0 191.0 339.0 200.0 
face 1.0 376.0 180.0 383.0 187.0 
face 1.0 336.0 182.0 345.0 192.0 
face 1.0 242.0 212.0 251.0 223.0 
face 1.0 262.0 181.0 269.0 190.0 
face 1.0 674.0 153.0 690.0 180.0 
face 1.0 742.0 161.0 761.0 190.0 
face 1.0 640.0 172.0 659.0 196.0 
face 1.0 775.0 192.0 805.0 234.0 
face 1.0 584.0 231.0 624.0 288.0 
face 1.0 652.0 204.0 688.0 250.0 
face 1.0 671.0 274.0 715.0 344.0 
face 1.0 848.0 292.0 899.0 361.0 
face 1.0 870.0 209.0 910.0 264.0 
face 1.0 824.0 164.0 848.0 193.0 
face 1.0 115.0 203.0 126.0 214.0 
face 1.0 38.0 201.0 47.0 210.0 
face 1.0 192.0 193.0 198.0 200.0 
face 1.0 237.0 190.0 242.0 195.0 
face 1.0 427.0 171.0 434.0 180.0 
face 1.0 427.0 154.0 436.0 165.0 
face 1.0 128.0 199.0 139.0 213.0 
face 1.0 153.0 112.0 165.0 131.0 
face 1.0 582.0 157.0 593.0 170.0 
face 1.0 858.0 220.0 875.0 253.0 
face 1.0 997.0 134.0 1004.0 146.0 
face 1.0 996.0 180.0 1001.0 187.0 
face 1.0 721.0 156.0 728.0 164.0 
face 1.0 441.0 176.0 450.0 186.0 
face 1.0 94.0 219.0 109.0 239.0 
face 1.0 117.0 219.0 126.0 231.0 
face 1.0 406.0 187.0 412.0 195.0 
face 1.0 369.0 171.0 374.0 178.0 
face 1.0 457.0 166.0 464.0 172.0 
face 1.0 396.0 199.0 405.0 210.0 
face 1.0 471.0 193.0 482.0 209.0 
