face 1.0 616.0 71.0 627.0 86.0 
face 1.0 563.0 72.0 572.0 84.0 
face 1.0 571.0 93.0 588.0 113.0 
face 1.0 533.0 69.0 540.0 78.0 
face 1.0 510.0 70.0 517.0 78.0 
face 1.0 700.0 82.0 710.0 98.0 
face 1.0 713.0 81.0 723.0 92.0 
face 1.0 766.0 66.0 782.0 85.0 
face 1.0 502.0 109.0 544.0 162.0 
face 1.0 652.0 144.0 681.0 194.0 
face 1.0 702.0 131.0 753.0 189.0 
face 1.0 787.0 82.0 816.0 117.0 
face 1.0 802.0 109.0 836.0 149.0 
face 1.0 884.0 94.0 919.0 131.0 
face 1.0 921.0 106.0 943.0 127.0 
face 1.0 862.0 89.0 872.0 107.0 
face 1.0 878.0 97.0 889.0 113.0 
face 1.0 969.0 76.0 983.0 102.0 
face 1.0 985.0 87.0 1012.0 115.0 
face 1.0 1015.0 90.0 1024.0 110.0 
face 1.0 777.0 285.0 855.0 389.0 
face 1.0 464.0 364.0 528.0 440.0 
face 1.0 428.0 76.0 442.0 96.0 
face 1.0 259.0 118.0 310.0 187.0 
face 1.0 459.0 75.0 466.0 85.0 
face 1.0 248.0 83.0 258.0 98.0 
face 1.0 242.0 94.0 254.0 109.0 
face 1.0 219.0 100.0 230.0 114.0 
face 1.0 220.0 111.0 242.0 137.0 
face 1.0 165.0 127.0 215.0 179.0 
face 1.0 110.0 93.0 136.0 126.0 
face 1.0 132.0 287.0 216.0 380.0 
face 1.0 1010.0 179.0 1023.0 223.0 
face 1.0 486.0 96.0 497.0 111.0 
face 1.0 515.0 86.0 525.0 98.0 
face 1.0 482.0 114.0 500.0 145.0 
face 1.0 635.0 69.0 642.0 79.0 
face 1.0 651.0 71.0 659.0 80.0 
face 1.0 744.0 77.0 752.0 88.0 
face 1.0 703.0 69.0 707.0 75.0 
