face 1.0 924.0 165.0 959.0 206.0 
face 1.0 982.0 160.0 1024.0 211.0 
face 1.0 878.0 217.0 917.0 269.0 
face 1.0 825.0 186.0 861.0 227.0 
face 1.0 771.0 133.0 805.0 172.0 
face 1.0 869.0 93.0 892.0 123.0 
face 1.0 917.0 77.0 942.0 104.0 
face 1.0 937.0 133.0 971.0 176.0 
face 1.0 963.0 70.0 980.0 91.0 
face 1.0 940.0 67.0 961.0 91.0 
face 1.0 821.0 76.0 849.0 106.0 
face 1.0 841.0 78.0 858.0 100.0 
face 1.0 780.0 87.0 803.0 112.0 
face 1.0 736.0 94.0 759.0 119.0 
face 1.0 952.0 57.0 964.0 74.0 
face 1.0 928.0 51.0 944.0 69.0 
face 1.0 889.0 51.0 907.0 72.0 
face 1.0 845.0 48.0 861.0 67.0 
face 1.0 823.0 49.0 837.0 68.0 
face 1.0 808.0 49.0 825.0 67.0 
face 1.0 804.0 21.0 815.0 35.0 
face 1.0 845.0 20.0 856.0 34.0 
face 1.0 787.0 61.0 802.0 83.0 
face 1.0 761.0 46.0 776.0 63.0 
face 1.0 746.0 50.0 762.0 68.0 
face 1.0 720.0 137.0 754.0 176.0 
face 1.0 709.0 108.0 739.0 142.0 
face 1.0 720.0 80.0 735.0 100.0 
face 1.0 714.0 62.0 729.0 81.0 
face 1.0 704.0 52.0 721.0 72.0 
face 1.0 693.0 38.0 702.0 47.0 
face 1.0 711.0 30.0 720.0 41.0 
face 1.0 687.0 27.0 699.0 42.0 
face 1.0 635.0 106.0 656.0 134.0 
face 1.0 651.0 93.0 675.0 119.0 
face 1.0 648.0 181.0 692.0 229.0 
face 1.0 666.0 161.0 697.0 202.0 
face 1.0 554.0 135.0 591.0 175.0 
face 1.0 602.0 84.0 628.0 113.0 
face 1.0 580.0 129.0 602.0 165.0 
face 1.0 522.0 118.0 545.0 153.0 
face 1.0 614.0 67.0 632.0 89.0 
face 1.0 659.0 64.0 681.0 86.0 
face 1.0 663.0 48.0 682.0 70.0 
face 1.0 637.0 53.0 652.0 73.0 
face 1.0 615.0 54.0 630.0 73.0 
face 1.0 585.0 61.0 605.0 83.0 
face 1.0 567.0 54.0 582.0 70.0 
face 1.0 542.0 77.0 558.0 97.0 
face 1.0 553.0 76.0 566.0 95.0 
face 1.0 521.0 88.0 541.0 111.0 
face 1.0 508.0 76.0 526.0 98.0 
face 1.0 518.0 69.0 538.0 90.0 
face 1.0 545.0 56.0 557.0 73.0 
face 1.0 550.0 42.0 559.0 57.0 
face 1.0 565.0 31.0 576.0 45.0 
face 1.0 609.0 43.0 621.0 58.0 
face 1.0 654.0 35.0 664.0 47.0 
face 1.0 656.0 21.0 665.0 32.0 
face 1.0 751.0 198.0 783.0 237.0 
face 1.0 453.0 138.0 492.0 177.0 
face 1.0 384.0 149.0 424.0 193.0 
face 1.0 409.0 115.0 433.0 144.0 
face 1.0 486.0 87.0 507.0 117.0 
face 1.0 501.0 99.0 518.0 126.0 
face 1.0 374.0 99.0 400.0 128.0 
face 1.0 341.0 117.0 373.0 159.0 
face 1.0 302.0 158.0 341.0 206.0 
face 1.0 277.0 119.0 304.0 149.0 
face 1.0 313.0 87.0 335.0 114.0 
face 1.0 339.0 93.0 362.0 120.0 
face 1.0 386.0 75.0 404.0 98.0 
face 1.0 433.0 71.0 453.0 95.0 
face 1.0 482.0 61.0 499.0 84.0 
face 1.0 501.0 12.0 509.0 24.0 
face 1.0 554.0 17.0 562.0 27.0 
face 1.0 386.0 51.0 403.0 70.0 
face 1.0 426.0 51.0 438.0 67.0 
face 1.0 421.0 35.0 432.0 50.0 
face 1.0 438.0 35.0 453.0 53.0 
face 1.0 322.0 58.0 338.0 75.0 
face 1.0 291.0 71.0 314.0 97.0 
face 1.0 264.0 74.0 289.0 101.0 
face 1.0 278.0 41.0 287.0 53.0 
face 1.0 305.0 48.0 318.0 67.0 
face 1.0 334.0 42.0 346.0 57.0 
face 1.0 547.0 113.0 580.0 152.0 
face 1.0 470.0 119.0 497.0 159.0 
face 1.0 258.0 101.0 280.0 125.0 
face 1.0 229.0 87.0 247.0 113.0 
face 1.0 247.0 84.0 262.0 105.0 
face 1.0 201.0 83.0 223.0 108.0 
face 1.0 219.0 67.0 239.0 90.0 
face 1.0 248.0 63.0 261.0 81.0 
face 1.0 255.0 46.0 265.0 62.0 
face 1.0 237.0 47.0 249.0 62.0 
face 1.0 161.0 83.0 182.0 107.0 
face 1.0 134.0 106.0 156.0 134.0 
face 1.0 188.0 117.0 209.0 145.0 
face 1.0 210.0 117.0 229.0 144.0 
face 1.0 92.0 113.0 119.0 146.0 
face 1.0 130.0 86.0 149.0 113.0 
face 1.0 81.0 92.0 102.0 118.0 
face 1.0 66.0 65.0 88.0 89.0 
face 1.0 17.0 102.0 43.0 127.0 
face 1.0 30.0 70.0 52.0 97.0 
face 1.0 12.0 56.0 31.0 79.0 
face 1.0 128.0 66.0 141.0 82.0 
face 1.0 96.0 56.0 109.0 71.0 
face 1.0 173.0 61.0 184.0 74.0 
face 1.0 176.0 76.0 191.0 101.0 
face 1.0 186.0 59.0 202.0 77.0 
face 1.0 159.0 47.0 175.0 60.0 
face 1.0 139.0 49.0 149.0 60.0 
face 1.0 149.0 64.0 163.0 80.0 
face 1.0 210.0 31.0 221.0 42.0 
face 1.0 143.0 38.0 151.0 46.0 
face 1.0 78.0 43.0 91.0 58.0 
face 1.0 371.0 59.0 385.0 77.0 
face 1.0 381.0 32.0 392.0 47.0 
face 1.0 283.0 30.0 292.0 42.0 
face 1.0 355.0 25.0 364.0 36.0 
face 1.0 508.0 40.0 520.0 57.0 
face 1.0 619.0 23.0 630.0 38.0 
face 1.0 366.0 49.0 381.0 66.0 
face 1.0 845.0 144.0 878.0 187.0 
face 1.0 0.0 413.0 80.0 576.0 
face 1.0 34.0 54.0 46.0 68.0 
face 1.0 0.0 50.0 12.0 66.0 
face 1.0 0.0 89.0 14.0 113.0 
face 1.0 4.0 138.0 27.0 162.0 
