face 1.0 6.0 219.0 19.0 235.0 
face 1.0 35.0 251.0 48.0 268.0 
face 1.0 52.0 213.0 62.0 222.0 
face 1.0 72.0 235.0 81.0 246.0 
face 1.0 87.0 216.0 93.0 226.0 
face 1.0 93.0 229.0 104.0 248.0 
face 1.0 129.0 209.0 135.0 217.0 
face 1.0 147.0 220.0 156.0 235.0 
face 1.0 173.0 244.0 191.0 255.0 
face 1.0 201.0 247.0 221.0 257.0 
face 1.0 301.0 234.0 316.0 255.0 
face 1.0 374.0 226.0 391.0 246.0 
face 1.0 428.0 232.0 436.0 241.0 
face 1.0 460.0 246.0 474.0 255.0 
face 1.0 495.0 242.0 504.0 255.0 
face 1.0 519.0 223.0 538.0 246.0 
face 1.0 565.0 247.0 576.0 259.0 
face 1.0 607.0 242.0 632.0 266.0 
face 1.0 643.0 234.0 662.0 257.0 
face 1.0 723.0 241.0 737.0 257.0 
face 1.0 734.0 220.0 765.0 255.0 
face 1.0 777.0 247.0 788.0 261.0 
face 1.0 828.0 243.0 841.0 256.0 
face 1.0 878.0 243.0 898.0 276.0 
face 1.0 952.0 266.0 958.0 275.0 
face 1.0 957.0 282.0 967.0 294.0 
face 1.0 976.0 261.0 990.0 279.0 
face 1.0 1015.0 261.0 1021.0 272.0 
face 1.0 1008.0 263.0 1016.0 275.0 
