face 1.0 2.0 192.0 32.0 232.0 
face 1.0 111.0 190.0 150.0 237.0 
face 1.0 142.0 168.0 163.0 204.0 
face 1.0 235.0 156.0 272.0 202.0 
face 1.0 287.0 190.0 320.0 228.0 
face 1.0 320.0 177.0 339.0 201.0 
face 1.0 328.0 211.0 366.0 254.0 
face 1.0 403.0 170.0 437.0 208.0 
face 1.0 501.0 166.0 535.0 211.0 
face 1.0 571.0 181.0 602.0 221.0 
face 1.0 612.0 180.0 649.0 225.0 
face 1.0 718.0 166.0 740.0 201.0 
face 1.0 789.0 162.0 830.0 209.0 
face 1.0 856.0 172.0 891.0 217.0 
face 1.0 932.0 151.0 966.0 196.0 
face 1.0 851.0 361.0 879.0 386.0 
face 1.0 493.0 581.0 540.0 611.0 
face 1.0 898.0 603.0 943.0 638.0 
