face 1.0 581.0 83.0 657.0 172.0 
face 1.0 586.0 369.0 650.0 442.0 
face 1.0 514.0 361.0 570.0 436.0 
face 1.0 280.0 208.0 296.0 230.0 
face 1.0 355.0 217.0 366.0 232.0 
face 1.0 333.0 192.0 347.0 207.0 
face 1.0 269.0 196.0 279.0 211.0 
face 1.0 833.0 193.0 846.0 208.0 
face 1.0 966.0 124.0 1007.0 176.0 
face 1.0 782.0 1355.0 851.0 1445.0 
face 1.0 722.0 1378.0 754.0 1429.0 
face 1.0 848.0 2255.0 906.0 2334.0 
face 1.0 753.0 2320.0 784.0 2359.0 
face 1.0 591.0 2297.0 618.0 2334.0 
face 1.0 646.0 2284.0 672.0 2320.0 
face 1.0 356.0 2330.0 445.0 2425.0 
face 1.0 168.0 2374.0 259.0 2480.0 
face 1.0 202.0 2255.0 239.0 2309.0 
face 1.0 131.0 2304.0 169.0 2352.0 
face 1.0 57.0 2335.0 97.0 2393.0 
face 1.0 306.0 2280.0 332.0 2311.0 
face 1.0 255.0 2170.0 287.0 2212.0 
face 1.0 323.0 2166.0 353.0 2208.0 
face 1.0 488.0 1349.0 500.0 1360.0 
face 1.0 178.0 1331.0 187.0 1347.0 
face 1.0 179.0 1311.0 189.0 1324.0 
face 1.0 829.0 212.0 844.0 234.0 
