face 1.0 4.0 525.0 62.0 603.0 
face 1.0 10.0 416.0 44.0 451.0 
face 1.0 115.0 421.0 137.0 448.0 
face 1.0 149.0 413.0 163.0 430.0 
face 1.0 30.0 384.0 44.0 398.0 
face 1.0 49.0 385.0 61.0 398.0 
face 1.0 149.0 395.0 158.0 406.0 
face 1.0 175.0 412.0 187.0 425.0 
face 1.0 73.0 401.0 84.0 416.0 
face 1.0 97.0 400.0 110.0 414.0 
face 1.0 119.0 404.0 131.0 419.0 
face 1.0 133.0 502.0 155.0 524.0 
face 1.0 179.0 498.0 230.0 553.0 
face 1.0 249.0 500.0 323.0 588.0 
face 1.0 286.0 416.0 296.0 428.0 
face 1.0 258.0 420.0 273.0 437.0 
face 1.0 198.0 416.0 215.0 435.0 
face 1.0 328.0 420.0 337.0 430.0 
face 1.0 351.0 433.0 393.0 478.0 
face 1.0 216.0 411.0 231.0 429.0 
face 1.0 408.0 420.0 420.0 435.0 
face 1.0 404.0 451.0 417.0 468.0 
face 1.0 466.0 456.0 504.0 497.0 
face 1.0 509.0 427.0 528.0 452.0 
face 1.0 532.0 418.0 542.0 431.0 
face 1.0 543.0 418.0 552.0 430.0 
face 1.0 504.0 488.0 542.0 544.0 
face 1.0 563.0 417.0 579.0 443.0 
face 1.0 600.0 436.0 624.0 458.0 
face 1.0 633.0 447.0 728.0 566.0 
face 1.0 729.0 469.0 774.0 534.0 
face 1.0 809.0 447.0 829.0 474.0 
face 1.0 560.0 512.0 602.0 590.0 
face 1.0 830.0 430.0 848.0 449.0 
face 1.0 855.0 415.0 894.0 467.0 
face 1.0 915.0 413.0 923.0 424.0 
face 1.0 930.0 448.0 961.0 485.0 
face 1.0 954.0 426.0 977.0 454.0 
face 1.0 1008.0 414.0 1018.0 426.0 
face 1.0 740.0 417.0 761.0 443.0 
