face 1.0 28.0 212.0 39.0 225.0 
face 1.0 196.0 225.0 210.0 239.0 
face 1.0 163.0 225.0 175.0 243.0 
face 1.0 154.0 257.0 167.0 274.0 
face 1.0 166.0 279.0 180.0 292.0 
face 1.0 119.0 271.0 134.0 285.0 
face 1.0 57.0 263.0 67.0 278.0 
face 1.0 60.0 252.0 72.0 268.0 
face 1.0 211.0 314.0 224.0 331.0 
face 1.0 265.0 283.0 276.0 300.0 
face 1.0 276.0 302.0 291.0 321.0 
face 1.0 368.0 202.0 374.0 211.0 
face 1.0 448.0 188.0 456.0 199.0 
face 1.0 485.0 197.0 493.0 206.0 
face 1.0 464.0 242.0 476.0 257.0 
face 1.0 468.0 270.0 481.0 284.0 
face 1.0 433.0 228.0 442.0 237.0 
face 1.0 364.0 304.0 378.0 323.0 
face 1.0 557.0 198.0 565.0 209.0 
face 1.0 595.0 204.0 602.0 214.0 
face 1.0 620.0 237.0 631.0 251.0 
face 1.0 641.0 222.0 647.0 236.0 
face 1.0 649.0 229.0 659.0 242.0 
face 1.0 659.0 197.0 666.0 207.0 
face 1.0 608.0 253.0 618.0 270.0 
face 1.0 610.0 284.0 623.0 298.0 
face 1.0 666.0 323.0 678.0 337.0 
face 1.0 727.0 299.0 736.0 310.0 
face 1.0 709.0 302.0 717.0 313.0 
face 1.0 731.0 286.0 741.0 301.0 
face 1.0 647.0 309.0 658.0 323.0 
face 1.0 688.0 200.0 694.0 208.0 
face 1.0 800.0 234.0 811.0 247.0 
face 1.0 858.0 245.0 866.0 253.0 
face 1.0 856.0 272.0 864.0 284.0 
face 1.0 875.0 309.0 891.0 325.0 
face 1.0 872.0 233.0 881.0 247.0 
face 1.0 910.0 240.0 917.0 249.0 
