face 1.0 766.0 420.0 785.0 441.0 
face 1.0 863.0 449.0 884.0 473.0 
face 1.0 915.0 434.0 933.0 458.0 
face 1.0 624.0 456.0 642.0 480.0 
face 1.0 528.0 393.0 547.0 420.0 
face 1.0 485.0 361.0 503.0 384.0 
face 1.0 501.0 449.0 519.0 473.0 
face 1.0 442.0 457.0 463.0 488.0 
face 1.0 460.0 485.0 480.0 512.0 
face 1.0 481.0 401.0 497.0 423.0 
face 1.0 423.0 428.0 440.0 447.0 
face 1.0 433.0 412.0 450.0 437.0 
face 1.0 424.0 369.0 440.0 391.0 
face 1.0 448.0 365.0 462.0 386.0 
face 1.0 386.0 404.0 400.0 427.0 
face 1.0 336.0 389.0 351.0 411.0 
face 1.0 353.0 346.0 371.0 367.0 
face 1.0 370.0 345.0 384.0 368.0 
face 1.0 452.0 295.0 466.0 317.0 
face 1.0 368.0 303.0 384.0 327.0 
face 1.0 314.0 264.0 331.0 283.0 
face 1.0 331.0 202.0 346.0 219.0 
face 1.0 265.0 207.0 280.0 228.0 
face 1.0 276.0 265.0 293.0 288.0 
face 1.0 227.0 253.0 244.0 274.0 
face 1.0 222.0 275.0 242.0 299.0 
face 1.0 239.0 311.0 257.0 334.0 
face 1.0 299.0 319.0 316.0 339.0 
face 1.0 299.0 337.0 318.0 357.0 
face 1.0 249.0 349.0 264.0 367.0 
face 1.0 229.0 363.0 247.0 383.0 
face 1.0 239.0 383.0 254.0 408.0 
face 1.0 272.0 398.0 289.0 422.0 
face 1.0 382.0 439.0 399.0 462.0 
face 1.0 364.0 429.0 382.0 453.0 
face 1.0 316.0 439.0 336.0 463.0 
face 1.0 242.0 422.0 262.0 447.0 
face 1.0 171.0 451.0 191.0 478.0 
face 1.0 158.0 408.0 175.0 432.0 
face 1.0 166.0 334.0 186.0 357.0 
face 1.0 129.0 430.0 145.0 453.0 
face 1.0 96.0 448.0 115.0 473.0 
face 1.0 41.0 449.0 59.0 472.0 
face 1.0 22.0 462.0 43.0 485.0 
face 1.0 23.0 435.0 36.0 453.0 
face 1.0 42.0 423.0 60.0 444.0 
face 1.0 147.0 382.0 167.0 409.0 
face 1.0 185.0 306.0 204.0 329.0 
face 1.0 188.0 225.0 202.0 249.0 
face 1.0 170.0 258.0 187.0 279.0 
face 1.0 132.0 294.0 150.0 319.0 
face 1.0 155.0 303.0 171.0 324.0 
face 1.0 65.0 338.0 84.0 361.0 
face 1.0 12.0 354.0 31.0 379.0 
face 1.0 26.0 312.0 44.0 335.0 
face 1.0 23.0 257.0 40.0 280.0 
face 1.0 41.0 238.0 58.0 263.0 
face 1.0 74.0 323.0 90.0 344.0 
face 1.0 82.0 290.0 100.0 310.0 
face 1.0 89.0 267.0 108.0 286.0 
face 1.0 104.0 239.0 121.0 261.0 
face 1.0 0.0 209.0 12.0 230.0 
