face 1.0 267.0 367.0 323.0 437.0 
face 1.0 327.0 391.0 349.0 434.0 
face 1.0 117.0 391.0 144.0 439.0 
face 1.0 215.0 417.0 235.0 440.0 
face 1.0 241.0 390.0 266.0 433.0 
face 1.0 465.0 384.0 483.0 405.0 
face 1.0 530.0 418.0 561.0 451.0 
face 1.0 565.0 391.0 590.0 429.0 
face 1.0 585.0 337.0 637.0 417.0 
face 1.0 670.0 380.0 702.0 424.0 
face 1.0 821.0 354.0 918.0 451.0 
face 1.0 958.0 308.0 1024.0 405.0 
face 1.0 938.0 354.0 964.0 393.0 
face 1.0 175.0 158.0 220.0 217.0 
face 1.0 427.0 180.0 468.0 239.0 
face 1.0 289.0 199.0 310.0 222.0 
face 1.0 335.0 406.0 356.0 421.0 
face 1.0 53.0 389.0 70.0 413.0 
face 1.0 417.0 197.0 437.0 227.0 
