face 1.0 400.0 262.0 437.0 323.0 
face 1.0 477.0 223.0 558.0 339.0 
face 1.0 575.0 323.0 603.0 363.0 
face 1.0 608.0 290.0 629.0 327.0 
face 1.0 648.0 279.0 668.0 315.0 
face 1.0 658.0 305.0 681.0 333.0 
face 1.0 692.0 313.0 711.0 335.0 
face 1.0 722.0 340.0 736.0 360.0 
face 1.0 754.0 327.0 776.0 354.0 
face 1.0 738.0 312.0 752.0 332.0 
face 1.0 722.0 317.0 737.0 335.0 
face 1.0 754.0 307.0 763.0 322.0 
face 1.0 808.0 312.0 824.0 334.0 
face 1.0 13.0 293.0 49.0 350.0 
face 1.0 61.0 310.0 93.0 347.0 
face 1.0 186.0 279.0 241.0 345.0 
face 1.0 273.0 338.0 287.0 354.0 
face 1.0 98.0 342.0 110.0 357.0 
face 1.0 918.0 318.0 933.0 343.0 
face 1.0 559.0 324.0 567.0 339.0 
face 1.0 336.0 321.0 359.0 344.0 
face 1.0 295.0 323.0 310.0 337.0 
