face 1.0 373.0 462.0 465.0 573.0 
face 1.0 155.0 418.0 190.0 463.0 
face 1.0 222.0 353.0 269.0 406.0 
face 1.0 285.0 342.0 326.0 389.0 
face 1.0 306.0 275.0 333.0 302.0 
face 1.0 225.0 248.0 259.0 286.0 
face 1.0 192.0 297.0 222.0 332.0 
face 1.0 4.0 430.0 38.0 469.0 
face 1.0 28.0 416.0 48.0 434.0 
face 1.0 483.0 391.0 522.0 434.0 
face 1.0 389.0 349.0 428.0 392.0 
face 1.0 523.0 334.0 540.0 356.0 
face 1.0 876.0 372.0 906.0 402.0 
face 1.0 855.0 227.0 874.0 250.0 
face 1.0 1006.0 363.0 1023.0 384.0 
face 1.0 107.0 355.0 125.0 374.0 
face 1.0 775.0 1096.0 877.0 1194.0 
