face 1.0 259.0 356.0 283.0 386.0 
face 1.0 363.0 363.0 383.0 390.0 
face 1.0 421.0 355.0 444.0 385.0 
face 1.0 453.0 364.0 474.0 388.0 
face 1.0 485.0 384.0 498.0 404.0 
face 1.0 514.0 387.0 533.0 410.0 
face 1.0 553.0 355.0 568.0 384.0 
face 1.0 603.0 365.0 624.0 390.0 
face 1.0 634.0 364.0 655.0 390.0 
face 1.0 656.0 369.0 669.0 392.0 
face 1.0 698.0 379.0 709.0 400.0 
face 1.0 760.0 346.0 786.0 371.0 
face 1.0 717.0 379.0 727.0 393.0 
face 1.0 812.0 348.0 836.0 379.0 
face 1.0 833.0 326.0 855.0 360.0 
face 1.0 910.0 361.0 930.0 393.0 
face 1.0 963.0 343.0 978.0 373.0 
face 1.0 978.0 321.0 1016.0 374.0 
