face 1.0 78.0 73.0 100.0 98.0 
face 1.0 164.0 55.0 180.0 87.0 
face 1.0 231.0 98.0 239.0 111.0 
face 1.0 239.0 103.0 247.0 118.0 
face 1.0 257.0 27.0 299.0 83.0 
face 1.0 379.0 136.0 383.0 143.0 
face 1.0 392.0 136.0 396.0 141.0 
face 1.0 51.0 336.0 65.0 356.0 
face 1.0 104.0 363.0 113.0 376.0 
face 1.0 123.0 333.0 134.0 348.0 
face 1.0 162.0 332.0 176.0 350.0 
face 1.0 185.0 342.0 196.0 356.0 
face 1.0 233.0 345.0 239.0 356.0 
face 1.0 250.0 342.0 258.0 354.0 
face 1.0 278.0 343.0 285.0 353.0 
face 1.0 314.0 339.0 321.0 352.0 
face 1.0 388.0 303.0 397.0 316.0 
face 1.0 377.0 319.0 388.0 335.0 
face 1.0 481.0 341.0 490.0 355.0 
face 1.0 509.0 315.0 517.0 325.0 
face 1.0 513.0 328.0 523.0 341.0 
face 1.0 546.0 318.0 553.0 328.0 
face 1.0 548.0 337.0 557.0 350.0 
face 1.0 577.0 315.0 585.0 322.0 
face 1.0 606.0 303.0 619.0 319.0 
face 1.0 637.0 315.0 647.0 327.0 
face 1.0 726.0 124.0 732.0 130.0 
face 1.0 902.0 109.0 916.0 126.0 
face 1.0 718.0 364.0 733.0 378.0 
face 1.0 777.0 356.0 792.0 374.0 
face 1.0 831.0 353.0 850.0 373.0 
face 1.0 911.0 350.0 929.0 369.0 
face 1.0 438.0 344.0 451.0 358.0 
face 1.0 465.0 312.0 477.0 325.0 
