face 1.0 808.0 316.0 926.0 427.0 
face 1.0 872.0 221.0 939.0 286.0 
face 1.0 982.0 203.0 1019.0 239.0 
face 1.0 819.0 188.0 850.0 224.0 
face 1.0 726.0 247.0 798.0 331.0 
face 1.0 669.0 258.0 720.0 317.0 
face 1.0 669.0 169.0 699.0 205.0 
face 1.0 633.0 188.0 659.0 219.0 
face 1.0 771.0 200.0 802.0 238.0 
face 1.0 392.0 199.0 458.0 283.0 
face 1.0 565.0 222.0 594.0 257.0 
face 1.0 498.0 187.0 531.0 220.0 
face 1.0 301.0 235.0 327.0 263.0 
face 1.0 237.0 215.0 262.0 246.0 
face 1.0 228.0 259.0 267.0 301.0 
face 1.0 100.0 243.0 187.0 346.0 
face 1.0 0.0 182.0 59.0 350.0 
