face 1.0 59.0 215.0 67.0 222.0 
face 1.0 371.0 245.0 380.0 255.0 
face 1.0 449.0 274.0 455.0 282.0 
face 1.0 459.0 268.0 466.0 278.0 
face 1.0 483.0 281.0 490.0 291.0 
face 1.0 559.0 278.0 566.0 285.0 
face 1.0 363.0 392.0 389.0 424.0 
face 1.0 564.0 342.0 582.0 373.0 
face 1.0 402.0 310.0 422.0 338.0 
face 1.0 300.0 310.0 314.0 332.0 
face 1.0 515.0 332.0 542.0 371.0 
face 1.0 107.0 384.0 146.0 446.0 
face 1.0 862.0 317.0 877.0 334.0 
face 1.0 208.0 293.0 215.0 302.0 
face 1.0 189.0 310.0 195.0 317.0 
face 1.0 168.0 293.0 176.0 302.0 
face 1.0 216.0 266.0 225.0 277.0 
face 1.0 244.0 267.0 255.0 278.0 
face 1.0 56.0 233.0 62.0 240.0 
face 1.0 214.0 280.0 221.0 288.0 
face 1.0 921.0 313.0 939.0 332.0 
face 1.0 912.0 277.0 918.0 285.0 
face 1.0 260.0 286.0 267.0 295.0 
face 1.0 47.0 328.0 57.0 346.0 
face 1.0 16.0 201.0 26.0 213.0 
face 1.0 50.0 215.0 58.0 227.0 
face 1.0 95.0 233.0 100.0 240.0 
face 1.0 349.0 243.0 357.0 252.0 
face 1.0 392.0 285.0 399.0 294.0 
face 1.0 454.0 294.0 460.0 300.0 
face 1.0 417.0 281.0 421.0 287.0 
face 1.0 607.0 276.0 613.0 284.0 
face 1.0 595.0 293.0 600.0 301.0 
face 1.0 605.0 293.0 610.0 302.0 
face 1.0 572.0 279.0 579.0 287.0 
face 1.0 576.0 266.0 582.0 274.0 
face 1.0 473.0 250.0 477.0 255.0 
face 1.0 615.0 273.0 620.0 282.0 
face 1.0 578.0 290.0 586.0 297.0 
face 1.0 830.0 262.0 839.0 272.0 
face 1.0 592.0 257.0 599.0 265.0 
face 1.0 1006.0 245.0 1012.0 252.0 
face 1.0 901.0 258.0 908.0 267.0 
face 1.0 862.0 263.0 870.0 274.0 
face 1.0 958.0 268.0 967.0 275.0 
face 1.0 1011.0 266.0 1017.0 274.0 
face 1.0 171.0 241.0 177.0 248.0 
face 1.0 86.0 289.0 93.0 299.0 
face 1.0 181.0 238.0 186.0 245.0 
face 1.0 235.0 278.0 242.0 286.0 
