face 1.0 102.0 234.0 132.0 277.0 
face 1.0 21.0 33.0 38.0 56.0 
face 1.0 232.0 63.0 257.0 99.0 
face 1.0 208.0 51.0 220.0 66.0 
face 1.0 147.0 182.0 172.0 216.0 
face 1.0 172.0 173.0 197.0 205.0 
face 1.0 332.0 92.0 350.0 118.0 
face 1.0 367.0 247.0 390.0 276.0 
face 1.0 386.0 243.0 402.0 263.0 
face 1.0 402.0 242.0 424.0 268.0 
face 1.0 430.0 232.0 451.0 261.0 
face 1.0 445.0 285.0 466.0 312.0 
face 1.0 515.0 271.0 541.0 302.0 
face 1.0 510.0 251.0 532.0 272.0 
face 1.0 472.0 273.0 488.0 295.0 
face 1.0 472.0 160.0 490.0 181.0 
face 1.0 501.0 156.0 515.0 178.0 
face 1.0 526.0 149.0 541.0 173.0 
face 1.0 568.0 123.0 585.0 141.0 
face 1.0 463.0 232.0 480.0 263.0 
face 1.0 560.0 277.0 585.0 311.0 
face 1.0 643.0 237.0 664.0 261.0 
face 1.0 656.0 271.0 679.0 306.0 
face 1.0 653.0 297.0 677.0 329.0 
face 1.0 503.0 202.0 517.0 229.0 
face 1.0 550.0 242.0 569.0 268.0 
face 1.0 714.0 245.0 735.0 282.0 
face 1.0 764.0 287.0 790.0 322.0 
face 1.0 834.0 143.0 852.0 164.0 
face 1.0 819.0 278.0 843.0 309.0 
face 1.0 851.0 272.0 872.0 295.0 
face 1.0 877.0 312.0 905.0 345.0 
face 1.0 931.0 277.0 952.0 304.0 
face 1.0 579.0 251.0 602.0 278.0 
face 1.0 257.0 286.0 286.0 322.0 
face 1.0 960.0 290.0 978.0 317.0 
