face 1.0 41.0 221.0 61.0 248.0 
face 1.0 122.0 297.0 138.0 321.0 
face 1.0 147.0 267.0 161.0 286.0 
face 1.0 186.0 292.0 200.0 318.0 
face 1.0 194.0 290.0 215.0 313.0 
face 1.0 239.0 316.0 259.0 342.0 
face 1.0 280.0 320.0 288.0 341.0 
face 1.0 334.0 301.0 354.0 331.0 
face 1.0 374.0 302.0 395.0 328.0 
face 1.0 409.0 236.0 427.0 262.0 
face 1.0 419.0 220.0 436.0 246.0 
face 1.0 465.0 183.0 494.0 225.0 
face 1.0 492.0 221.0 513.0 245.0 
face 1.0 537.0 207.0 555.0 234.0 
face 1.0 535.0 232.0 556.0 258.0 
face 1.0 549.0 219.0 574.0 257.0 
face 1.0 583.0 225.0 611.0 253.0 
face 1.0 651.0 223.0 680.0 255.0 
face 1.0 691.0 243.0 718.0 275.0 
face 1.0 695.0 211.0 720.0 239.0 
face 1.0 869.0 314.0 891.0 339.0 
face 1.0 890.0 313.0 910.0 343.0 
face 1.0 916.0 214.0 944.0 252.0 
face 1.0 1020.0 240.0 1024.0 270.0 
