face 1.0 45.0 24.0 121.0 118.0 
face 1.0 226.0 132.0 255.0 159.0 
face 1.0 257.0 110.0 291.0 156.0 
face 1.0 297.0 118.0 341.0 179.0 
face 1.0 368.0 147.0 385.0 170.0 
face 1.0 418.0 122.0 449.0 161.0 
face 1.0 518.0 101.0 558.0 149.0 
face 1.0 678.0 160.0 695.0 184.0 
face 1.0 728.0 145.0 753.0 169.0 
face 1.0 757.0 97.0 799.0 151.0 
face 1.0 845.0 120.0 874.0 150.0 
face 1.0 878.0 144.0 913.0 187.0 
face 1.0 960.0 53.0 1024.0 137.0 
face 1.0 279.0 320.0 327.0 352.0 
face 1.0 343.0 318.0 390.0 349.0 
face 1.0 479.0 350.0 518.0 372.0 
face 1.0 574.0 363.0 619.0 390.0 
face 1.0 672.0 329.0 720.0 363.0 
face 1.0 763.0 338.0 822.0 375.0 
face 1.0 591.0 126.0 622.0 155.0 
