face 1.0 855.0 111.0 870.0 136.0 
face 1.0 829.0 111.0 838.0 129.0 
face 1.0 894.0 120.0 907.0 134.0 
face 1.0 915.0 132.0 928.0 150.0 
face 1.0 856.0 197.0 903.0 265.0 
face 1.0 758.0 146.0 809.0 216.0 
face 1.0 423.0 148.0 460.0 196.0 
face 1.0 680.0 65.0 690.0 76.0 
face 1.0 369.0 139.0 387.0 153.0 
face 1.0 220.0 163.0 265.0 225.0 
face 1.0 267.0 163.0 300.0 219.0 
face 1.0 326.0 173.0 348.0 206.0 
face 1.0 354.0 168.0 392.0 226.0 
face 1.0 402.0 180.0 446.0 242.0 
face 1.0 527.0 222.0 565.0 268.0 
face 1.0 628.0 181.0 670.0 243.0 
face 1.0 413.0 106.0 426.0 125.0 
face 1.0 430.0 121.0 444.0 143.0 
face 1.0 472.0 132.0 481.0 145.0 
face 1.0 573.0 129.0 588.0 150.0 
face 1.0 542.0 123.0 564.0 146.0 
face 1.0 52.0 111.0 60.0 128.0 
face 1.0 100.0 159.0 120.0 176.0 
face 1.0 184.0 131.0 198.0 153.0 
face 1.0 215.0 101.0 230.0 122.0 
face 1.0 289.0 101.0 304.0 120.0 
face 1.0 325.0 103.0 342.0 122.0 
face 1.0 153.0 187.0 194.0 236.0 
face 1.0 603.0 124.0 610.0 134.0 
face 1.0 789.0 123.0 803.0 139.0 
face 1.0 666.0 131.0 678.0 150.0 
face 1.0 693.0 150.0 712.0 179.0 
face 1.0 718.0 138.0 732.0 153.0 
face 1.0 479.0 231.0 512.0 267.0 
