face 1.0 283.0 228.0 296.0 248.0 
face 1.0 128.0 376.0 155.0 411.0 
face 1.0 75.0 381.0 92.0 409.0 
face 1.0 505.0 134.0 536.0 162.0 
face 1.0 703.0 132.0 732.0 155.0 
face 1.0 847.0 139.0 853.0 145.0 
face 1.0 900.0 123.0 914.0 139.0 
face 1.0 922.0 135.0 929.0 143.0 
face 1.0 952.0 115.0 966.0 131.0 
face 1.0 57.0 240.0 61.0 248.0 
face 1.0 113.0 248.0 117.0 256.0 
face 1.0 138.0 248.0 143.0 256.0 
face 1.0 520.0 238.0 550.0 273.0 
face 1.0 707.0 249.0 726.0 264.0 
face 1.0 889.0 341.0 901.0 359.0 
face 1.0 943.0 354.0 957.0 369.0 
face 1.0 975.0 343.0 985.0 359.0 
face 1.0 450.0 339.0 459.0 351.0 
face 1.0 514.0 343.0 521.0 352.0 
face 1.0 550.0 338.0 559.0 351.0 
face 1.0 314.0 374.0 331.0 395.0 
face 1.0 50.0 467.0 61.0 481.0 
face 1.0 90.0 459.0 103.0 473.0 
face 1.0 141.0 463.0 155.0 478.0 
face 1.0 248.0 458.0 256.0 466.0 
face 1.0 343.0 466.0 352.0 478.0 
face 1.0 502.0 465.0 537.0 501.0 
face 1.0 732.0 462.0 762.0 499.0 
face 1.0 916.0 448.0 938.0 483.0 
face 1.0 706.0 338.0 735.0 386.0 
face 1.0 335.0 255.0 350.0 274.0 
