face 1.0 1.0 163.0 38.0 216.0 
face 1.0 41.0 166.0 65.0 200.0 
face 1.0 49.0 130.0 87.0 173.0 
face 1.0 184.0 175.0 225.0 222.0 
face 1.0 127.0 200.0 162.0 236.0 
face 1.0 69.0 229.0 118.0 262.0 
face 1.0 93.0 270.0 142.0 320.0 
face 1.0 239.0 217.0 282.0 279.0 
face 1.0 287.0 203.0 322.0 248.0 
face 1.0 252.0 155.0 289.0 197.0 
face 1.0 391.0 135.0 426.0 175.0 
face 1.0 428.0 137.0 460.0 172.0 
face 1.0 480.0 147.0 505.0 188.0 
face 1.0 509.0 171.0 554.0 220.0 
face 1.0 485.0 244.0 531.0 309.0 
face 1.0 379.0 216.0 423.0 257.0 
face 1.0 362.0 257.0 407.0 323.0 
face 1.0 609.0 127.0 653.0 177.0 
face 1.0 663.0 195.0 711.0 238.0 
face 1.0 792.0 87.0 836.0 145.0 
face 1.0 886.0 139.0 925.0 177.0 
face 1.0 914.0 146.0 925.0 147.0 
face 1.0 748.0 216.0 788.0 259.0 
face 1.0 810.0 208.0 857.0 248.0 
face 1.0 876.0 193.0 919.0 253.0 
face 1.0 769.0 270.0 816.0 329.0 
face 1.0 650.0 333.0 696.0 357.0 
face 1.0 923.0 99.0 952.0 151.0 
face 1.0 328.0 167.0 358.0 203.0 
face 1.0 157.0 148.0 181.0 185.0 
face 1.0 989.0 212.0 1021.0 257.0 
