face 1.0 590.0 332.0 607.0 351.0 
face 1.0 604.0 273.0 622.0 295.0 
face 1.0 653.0 274.0 671.0 294.0 
face 1.0 234.0 118.0 246.0 133.0 
face 1.0 218.0 95.0 228.0 109.0 
face 1.0 189.0 136.0 200.0 152.0 
face 1.0 171.0 125.0 182.0 139.0 
face 1.0 120.0 140.0 131.0 153.0 
face 1.0 86.0 114.0 98.0 129.0 
face 1.0 70.0 104.0 81.0 117.0 
face 1.0 11.0 138.0 21.0 153.0 
face 1.0 20.0 102.0 30.0 117.0 
face 1.0 18.0 7.0 27.0 20.0 
face 1.0 28.0 25.0 38.0 39.0 
face 1.0 66.0 11.0 76.0 25.0 
face 1.0 97.0 0.0 106.0 11.0 
face 1.0 119.0 9.0 129.0 24.0 
face 1.0 133.0 23.0 143.0 40.0 
face 1.0 172.0 7.0 184.0 21.0 
face 1.0 184.0 32.0 195.0 47.0 
face 1.0 442.0 139.0 453.0 154.0 
face 1.0 541.0 134.0 551.0 149.0 
face 1.0 424.0 110.0 437.0 129.0 
face 1.0 495.0 130.0 507.0 145.0 
face 1.0 485.0 122.0 496.0 135.0 
face 1.0 482.0 93.0 493.0 108.0 
face 1.0 552.0 158.0 563.0 172.0 
face 1.0 609.0 155.0 618.0 170.0 
face 1.0 593.0 129.0 605.0 144.0 
face 1.0 610.0 94.0 622.0 108.0 
face 1.0 675.0 153.0 686.0 169.0 
face 1.0 661.0 134.0 671.0 147.0 
face 1.0 676.0 117.0 687.0 132.0 
face 1.0 678.0 101.0 688.0 116.0 
face 1.0 524.0 87.0 537.0 101.0 
face 1.0 801.0 150.0 812.0 165.0 
face 1.0 859.0 152.0 870.0 166.0 
face 1.0 938.0 154.0 950.0 165.0 
face 1.0 742.0 134.0 754.0 151.0 
face 1.0 839.0 118.0 850.0 132.0 
face 1.0 896.0 119.0 906.0 132.0 
face 1.0 962.0 118.0 972.0 133.0 
face 1.0 783.0 97.0 794.0 110.0 
face 1.0 740.0 83.0 752.0 98.0 
face 1.0 859.0 92.0 868.0 105.0 
face 1.0 907.0 96.0 918.0 111.0 
face 1.0 973.0 101.0 984.0 116.0 
face 1.0 360.0 31.0 369.0 43.0 
face 1.0 408.0 29.0 418.0 42.0 
face 1.0 394.0 9.0 406.0 24.0 
face 1.0 345.0 6.0 355.0 17.0 
face 1.0 439.0 37.0 451.0 51.0 
face 1.0 452.0 11.0 462.0 26.0 
face 1.0 507.0 28.0 517.0 43.0 
face 1.0 562.0 29.0 572.0 43.0 
face 1.0 598.0 31.0 609.0 47.0 
face 1.0 551.0 6.0 562.0 20.0 
face 1.0 613.0 30.0 625.0 44.0 
face 1.0 683.0 22.0 694.0 37.0 
face 1.0 665.0 5.0 675.0 17.0 
face 1.0 759.0 20.0 770.0 34.0 
face 1.0 736.0 9.0 747.0 23.0 
face 1.0 799.0 24.0 808.0 40.0 
face 1.0 800.0 5.0 810.0 19.0 
face 1.0 855.0 14.0 866.0 28.0 
face 1.0 998.0 58.0 1008.0 71.0 
face 1.0 895.0 29.0 905.0 43.0 
face 1.0 910.0 5.0 920.0 21.0 
face 1.0 955.0 27.0 965.0 42.0 
