face 1.0 461.0 110.0 543.0 228.0 
face 1.0 980.0 522.0 1001.0 549.0 
face 1.0 956.0 506.0 976.0 531.0 
face 1.0 929.0 521.0 948.0 545.0 
face 1.0 923.0 491.0 939.0 514.0 
face 1.0 929.0 452.0 948.0 474.0 
face 1.0 964.0 449.0 979.0 471.0 
face 1.0 1010.0 506.0 1024.0 533.0 
face 1.0 1008.0 477.0 1024.0 505.0 
face 1.0 886.0 515.0 910.0 543.0 
face 1.0 856.0 487.0 876.0 512.0 
face 1.0 896.0 460.0 917.0 487.0 
face 1.0 865.0 449.0 883.0 474.0 
face 1.0 849.0 424.0 866.0 446.0 
face 1.0 882.0 404.0 902.0 427.0 
face 1.0 932.0 415.0 947.0 435.0 
face 1.0 954.0 399.0 969.0 423.0 
face 1.0 990.0 433.0 1009.0 455.0 
face 1.0 1001.0 416.0 1017.0 438.0 
face 1.0 996.0 380.0 1010.0 401.0 
face 1.0 826.0 476.0 842.0 499.0 
face 1.0 837.0 460.0 852.0 481.0 
face 1.0 821.0 449.0 837.0 471.0 
face 1.0 800.0 506.0 825.0 535.0 
face 1.0 771.0 501.0 793.0 530.0 
face 1.0 730.0 525.0 755.0 555.0 
face 1.0 709.0 503.0 732.0 532.0 
face 1.0 656.0 502.0 680.0 533.0 
face 1.0 791.0 493.0 805.0 514.0 
face 1.0 772.0 470.0 791.0 494.0 
face 1.0 622.0 405.0 641.0 430.0 
face 1.0 206.0 528.0 228.0 556.0 
face 1.0 262.0 531.0 285.0 559.0 
face 1.0 340.0 490.0 361.0 511.0 
face 1.0 284.0 494.0 302.0 516.0 
face 1.0 209.0 488.0 229.0 513.0 
face 1.0 267.0 476.0 284.0 493.0 
face 1.0 158.0 483.0 176.0 507.0 
face 1.0 134.0 465.0 153.0 488.0 
face 1.0 102.0 477.0 120.0 499.0 
face 1.0 89.0 468.0 107.0 490.0 
face 1.0 955.0 316.0 972.0 336.0 
face 1.0 967.0 345.0 983.0 366.0 
face 1.0 943.0 342.0 958.0 361.0 
face 1.0 886.0 319.0 906.0 344.0 
face 1.0 907.0 266.0 923.0 286.0 
face 1.0 865.0 265.0 878.0 283.0 
face 1.0 843.0 314.0 860.0 333.0 
face 1.0 811.0 289.0 826.0 306.0 
face 1.0 816.0 259.0 832.0 277.0 
face 1.0 755.0 334.0 771.0 353.0 
face 1.0 779.0 321.0 792.0 339.0 
face 1.0 729.0 318.0 744.0 338.0 
face 1.0 701.0 280.0 715.0 300.0 
face 1.0 773.0 281.0 787.0 300.0 
face 1.0 750.0 270.0 762.0 285.0 
face 1.0 770.0 262.0 782.0 279.0 
face 1.0 770.0 249.0 784.0 264.0 
face 1.0 715.0 252.0 729.0 272.0 
face 1.0 664.0 256.0 677.0 276.0 
face 1.0 682.0 227.0 698.0 249.0 
face 1.0 724.0 229.0 739.0 247.0 
face 1.0 778.0 205.0 792.0 224.0 
face 1.0 769.0 182.0 782.0 198.0 
face 1.0 724.0 181.0 739.0 198.0 
face 1.0 677.0 182.0 693.0 200.0 
face 1.0 634.0 181.0 647.0 199.0 
face 1.0 585.0 176.0 599.0 196.0 
face 1.0 628.0 248.0 640.0 263.0 
face 1.0 946.0 222.0 960.0 242.0 
face 1.0 957.0 199.0 970.0 217.0 
face 1.0 982.0 220.0 994.0 237.0 
face 1.0 998.0 177.0 1011.0 195.0 
face 1.0 966.0 182.0 981.0 198.0 
face 1.0 955.0 150.0 968.0 164.0 
face 1.0 1006.0 363.0 1019.0 379.0 
face 1.0 150.0 155.0 162.0 171.0 
face 1.0 190.0 158.0 202.0 175.0 
face 1.0 231.0 180.0 244.0 195.0 
face 1.0 256.0 203.0 268.0 218.0 
face 1.0 235.0 227.0 250.0 245.0 
face 1.0 209.0 243.0 223.0 257.0 
face 1.0 259.0 266.0 270.0 280.0 
face 1.0 299.0 232.0 310.0 249.0 
face 1.0 285.0 175.0 299.0 195.0 
face 1.0 280.0 139.0 293.0 156.0 
face 1.0 328.0 151.0 343.0 168.0 
face 1.0 393.0 162.0 407.0 178.0 
face 1.0 431.0 156.0 445.0 170.0 
face 1.0 336.0 72.0 348.0 86.0 
face 1.0 288.0 81.0 301.0 96.0 
face 1.0 243.0 80.0 256.0 96.0 
face 1.0 192.0 67.0 205.0 83.0 
face 1.0 299.0 195.0 313.0 214.0 
face 1.0 65.0 115.0 139.0 211.0 
face 1.0 596.0 74.0 608.0 90.0 
face 1.0 546.0 66.0 558.0 82.0 
face 1.0 422.0 14.0 437.0 30.0 
face 1.0 296.0 571.0 320.0 604.0 
face 1.0 360.0 552.0 372.0 569.0 
