face 1.0 83.0 567.0 90.0 583.0 
face 1.0 871.0 518.0 880.0 536.0 
face 1.0 994.0 535.0 1005.0 554.0 
face 1.0 1017.0 636.0 1024.0 654.0 
face 1.0 960.0 493.0 966.0 505.0 
face 1.0 102.0 562.0 111.0 579.0 
face 1.0 987.0 481.0 998.0 499.0 
face 1.0 994.0 471.0 1004.0 482.0 
face 1.0 19.0 77.0 24.0 85.0 
face 1.0 42.0 77.0 47.0 84.0 
face 1.0 66.0 78.0 71.0 84.0 
face 1.0 84.0 79.0 90.0 86.0 
face 1.0 104.0 84.0 107.0 89.0 
face 1.0 123.0 83.0 128.0 89.0 
face 1.0 122.0 96.0 126.0 101.0 
face 1.0 125.0 112.0 129.0 117.0 
face 1.0 106.0 112.0 111.0 119.0 
face 1.0 106.0 91.0 111.0 98.0 
face 1.0 86.0 98.0 91.0 103.0 
face 1.0 82.0 108.0 88.0 115.0 
face 1.0 69.0 98.0 73.0 103.0 
face 1.0 56.0 95.0 60.0 100.0 
face 1.0 31.0 94.0 35.0 100.0 
face 1.0 9.0 94.0 14.0 99.0 
face 1.0 30.0 107.0 35.0 113.0 
face 1.0 7.0 159.0 12.0 165.0 
face 1.0 22.0 162.0 28.0 169.0 
face 1.0 53.0 140.0 59.0 146.0 
face 1.0 69.0 142.0 74.0 148.0 
face 1.0 34.0 161.0 40.0 168.0 
face 1.0 37.0 174.0 43.0 179.0 
face 1.0 75.0 169.0 82.0 175.0 
face 1.0 93.0 157.0 100.0 165.0 
face 1.0 111.0 158.0 117.0 166.0 
face 1.0 119.0 172.0 126.0 180.0 
face 1.0 101.0 168.0 106.0 174.0 
face 1.0 86.0 167.0 92.0 174.0 
face 1.0 58.0 165.0 64.0 172.0 
face 1.0 97.0 130.0 102.0 137.0 
face 1.0 81.0 131.0 86.0 137.0 
face 1.0 63.0 124.0 68.0 130.0 
face 1.0 1.0 116.0 5.0 125.0 
face 1.0 0.0 133.0 6.0 142.0 
face 1.0 155.0 129.0 160.0 134.0 
face 1.0 156.0 141.0 163.0 148.0 
face 1.0 163.0 152.0 169.0 159.0 
face 1.0 163.0 163.0 168.0 171.0 
face 1.0 147.0 161.0 154.0 170.0 
face 1.0 134.0 159.0 139.0 168.0 
face 1.0 142.0 176.0 147.0 183.0 
face 1.0 155.0 178.0 162.0 185.0 
face 1.0 132.0 144.0 138.0 152.0 
face 1.0 137.0 99.0 141.0 104.0 
face 1.0 143.0 81.0 148.0 88.0 
face 1.0 160.0 83.0 165.0 90.0 
face 1.0 27.0 64.0 32.0 70.0 
face 1.0 55.0 63.0 59.0 68.0 
face 1.0 54.0 49.0 60.0 55.0 
face 1.0 36.0 49.0 40.0 54.0 
face 1.0 89.0 51.0 94.0 58.0 
face 1.0 79.0 63.0 85.0 71.0 
face 1.0 96.0 65.0 101.0 71.0 
face 1.0 110.0 64.0 116.0 72.0 
face 1.0 112.0 51.0 117.0 58.0 
face 1.0 131.0 54.0 136.0 60.0 
face 1.0 134.0 67.0 139.0 73.0 
face 1.0 145.0 53.0 149.0 59.0 
face 1.0 148.0 66.0 153.0 72.0 
face 1.0 161.0 56.0 166.0 62.0 
face 1.0 182.0 69.0 188.0 76.0 
face 1.0 179.0 58.0 184.0 63.0 
face 1.0 165.0 68.0 169.0 74.0 
face 1.0 174.0 132.0 180.0 139.0 
face 1.0 180.0 149.0 186.0 157.0 
face 1.0 179.0 164.0 185.0 171.0 
face 1.0 123.0 3.0 127.0 10.0 
face 1.0 102.0 4.0 106.0 10.0 
face 1.0 127.0 16.0 131.0 22.0 
face 1.0 108.0 16.0 113.0 23.0 
face 1.0 119.0 33.0 123.0 39.0 
face 1.0 104.0 33.0 109.0 39.0 
face 1.0 86.0 31.0 91.0 37.0 
face 1.0 68.0 33.0 72.0 39.0 
face 1.0 52.0 32.0 56.0 38.0 
face 1.0 55.0 18.0 59.0 23.0 
face 1.0 65.0 6.0 69.0 11.0 
face 1.0 93.0 18.0 97.0 24.0 
face 1.0 77.0 8.0 82.0 18.0 
face 1.0 150.0 5.0 155.0 10.0 
face 1.0 161.0 8.0 166.0 13.0 
face 1.0 156.0 18.0 160.0 25.0 
face 1.0 158.0 31.0 163.0 38.0 
face 1.0 174.0 35.0 179.0 42.0 
face 1.0 137.0 35.0 142.0 42.0 
face 1.0 141.0 18.0 145.0 25.0 
face 1.0 259.0 8.0 263.0 13.0 
face 1.0 246.0 6.0 250.0 12.0 
face 1.0 230.0 7.0 233.0 13.0 
face 1.0 215.0 5.0 220.0 12.0 
face 1.0 196.0 5.0 200.0 11.0 
face 1.0 182.0 5.0 186.0 11.0 
face 1.0 191.0 18.0 195.0 25.0 
face 1.0 210.0 20.0 214.0 25.0 
face 1.0 229.0 24.0 235.0 31.0 
face 1.0 245.0 18.0 250.0 24.0 
face 1.0 177.0 21.0 181.0 27.0 
face 1.0 188.0 35.0 193.0 42.0 
face 1.0 207.0 38.0 211.0 43.0 
face 1.0 221.0 39.0 227.0 45.0 
face 1.0 206.0 56.0 211.0 62.0 
face 1.0 254.0 60.0 259.0 66.0 
face 1.0 256.0 73.0 261.0 80.0 
face 1.0 256.0 89.0 261.0 96.0 
face 1.0 224.0 82.0 231.0 90.0 
face 1.0 204.0 96.0 209.0 104.0 
face 1.0 235.0 70.0 241.0 77.0 
face 1.0 235.0 81.0 240.0 90.0 
face 1.0 350.0 10.0 354.0 15.0 
face 1.0 358.0 13.0 362.0 18.0 
face 1.0 373.0 15.0 377.0 21.0 
face 1.0 392.0 13.0 397.0 20.0 
face 1.0 378.0 27.0 382.0 32.0 
face 1.0 360.0 29.0 365.0 34.0 
face 1.0 350.0 30.0 354.0 35.0 
face 1.0 335.0 26.0 339.0 33.0 
face 1.0 322.0 24.0 326.0 29.0 
face 1.0 301.0 23.0 305.0 28.0 
face 1.0 280.0 37.0 285.0 44.0 
face 1.0 300.0 36.0 305.0 43.0 
face 1.0 314.0 40.0 319.0 46.0 
face 1.0 352.0 43.0 357.0 49.0 
face 1.0 341.0 43.0 344.0 48.0 
face 1.0 329.0 44.0 333.0 49.0 
face 1.0 382.0 45.0 386.0 50.0 
face 1.0 391.0 45.0 397.0 52.0 
face 1.0 406.0 47.0 411.0 54.0 
face 1.0 395.0 65.0 400.0 72.0 
face 1.0 380.0 60.0 385.0 67.0 
face 1.0 363.0 61.0 368.0 69.0 
face 1.0 351.0 64.0 355.0 71.0 
face 1.0 331.0 59.0 335.0 66.0 
face 1.0 293.0 58.0 299.0 65.0 
face 1.0 313.0 81.0 317.0 88.0 
face 1.0 331.0 78.0 337.0 86.0 
face 1.0 354.0 77.0 359.0 84.0 
face 1.0 372.0 82.0 378.0 90.0 
face 1.0 404.0 96.0 410.0 105.0 
face 1.0 385.0 80.0 389.0 86.0 
face 1.0 382.0 115.0 386.0 123.0 
face 1.0 369.0 90.0 374.0 102.0 
face 1.0 362.0 115.0 368.0 122.0 
face 1.0 348.0 109.0 354.0 117.0 
face 1.0 335.0 108.0 341.0 118.0 
face 1.0 350.0 128.0 357.0 136.0 
face 1.0 339.0 131.0 344.0 139.0 
face 1.0 320.0 126.0 326.0 136.0 
face 1.0 308.0 126.0 315.0 134.0 
face 1.0 291.0 124.0 295.0 131.0 
face 1.0 315.0 108.0 320.0 115.0 
face 1.0 297.0 106.0 303.0 113.0 
face 1.0 280.0 73.0 288.0 83.0 
face 1.0 289.0 91.0 296.0 100.0 
face 1.0 269.0 75.0 274.0 82.0 
face 1.0 272.0 92.0 278.0 98.0 
face 1.0 270.0 105.0 275.0 112.0 
face 1.0 239.0 119.0 245.0 128.0 
face 1.0 244.0 138.0 250.0 145.0 
face 1.0 263.0 143.0 269.0 150.0 
face 1.0 283.0 140.0 289.0 147.0 
face 1.0 299.0 142.0 304.0 149.0 
face 1.0 221.0 118.0 226.0 125.0 
face 1.0 199.0 119.0 205.0 125.0 
face 1.0 197.0 134.0 203.0 141.0 
face 1.0 214.0 133.0 219.0 141.0 
face 1.0 224.0 138.0 229.0 144.0 
face 1.0 194.0 148.0 199.0 155.0 
face 1.0 214.0 154.0 221.0 161.0 
face 1.0 230.0 153.0 237.0 162.0 
face 1.0 250.0 158.0 258.0 166.0 
face 1.0 273.0 159.0 278.0 166.0 
face 1.0 289.0 162.0 295.0 170.0 
face 1.0 291.0 177.0 296.0 184.0 
face 1.0 272.0 177.0 280.0 186.0 
face 1.0 256.0 175.0 262.0 183.0 
face 1.0 238.0 173.0 245.0 181.0 
face 1.0 219.0 173.0 225.0 180.0 
face 1.0 202.0 168.0 209.0 176.0 
face 1.0 187.0 168.0 193.0 175.0 
face 1.0 173.0 175.0 179.0 182.0 
face 1.0 196.0 185.0 203.0 194.0 
face 1.0 221.0 185.0 226.0 192.0 
face 1.0 238.0 187.0 244.0 195.0 
face 1.0 251.0 186.0 255.0 193.0 
face 1.0 256.0 198.0 261.0 205.0 
face 1.0 279.0 192.0 286.0 201.0 
face 1.0 303.0 193.0 308.0 202.0 
face 1.0 328.0 6.0 336.0 14.0 
face 1.0 409.0 0.0 415.0 5.0 
face 1.0 409.0 15.0 413.0 20.0 
face 1.0 440.0 6.0 444.0 12.0 
face 1.0 446.0 4.0 450.0 10.0 
face 1.0 454.0 4.0 459.0 10.0 
face 1.0 470.0 4.0 473.0 10.0 
face 1.0 463.0 15.0 468.0 21.0 
face 1.0 445.0 17.0 449.0 22.0 
face 1.0 422.0 0.0 427.0 4.0 
face 1.0 463.0 29.0 468.0 35.0 
face 1.0 442.0 31.0 446.0 35.0 
face 1.0 422.0 32.0 426.0 37.0 
face 1.0 412.0 42.0 417.0 49.0 
face 1.0 427.0 48.0 430.0 51.0 
face 1.0 451.0 44.0 455.0 50.0 
face 1.0 473.0 48.0 480.0 54.0 
face 1.0 448.0 67.0 455.0 74.0 
face 1.0 416.0 65.0 422.0 73.0 
face 1.0 337.0 145.0 343.0 152.0 
face 1.0 363.0 145.0 369.0 155.0 
face 1.0 396.0 151.0 403.0 162.0 
face 1.0 412.0 155.0 418.0 162.0 
face 1.0 428.0 159.0 433.0 166.0 
face 1.0 451.0 157.0 456.0 165.0 
face 1.0 468.0 160.0 476.0 171.0 
face 1.0 473.0 140.0 479.0 146.0 
face 1.0 478.0 105.0 484.0 114.0 
face 1.0 448.0 142.0 454.0 150.0 
face 1.0 427.0 136.0 433.0 144.0 
face 1.0 414.0 135.0 420.0 144.0 
face 1.0 430.0 128.0 436.0 138.0 
face 1.0 429.0 119.0 437.0 130.0 
face 1.0 458.0 120.0 465.0 128.0 
face 1.0 456.0 100.0 463.0 109.0 
face 1.0 435.0 69.0 440.0 76.0 
face 1.0 477.0 89.0 483.0 95.0 
face 1.0 534.0 6.0 539.0 12.0 
face 1.0 523.0 6.0 529.0 13.0 
face 1.0 522.0 18.0 527.0 24.0 
face 1.0 505.0 4.0 509.0 8.0 
face 1.0 493.0 4.0 497.0 9.0 
face 1.0 500.0 18.0 505.0 25.0 
face 1.0 301.0 75.0 307.0 83.0 
face 1.0 272.0 60.0 277.0 66.0 
face 1.0 321.0 95.0 326.0 101.0 
face 1.0 275.0 123.0 280.0 129.0 
face 1.0 259.0 122.0 265.0 129.0 
face 1.0 324.0 145.0 329.0 151.0 
face 1.0 428.0 16.0 432.0 21.0 
face 1.0 487.0 3.0 491.0 8.0 
face 1.0 485.0 14.0 490.0 20.0 
face 1.0 496.0 29.0 501.0 35.0 
face 1.0 475.0 35.0 479.0 41.0 
face 1.0 495.0 50.0 499.0 55.0 
face 1.0 415.0 82.0 419.0 88.0 
face 1.0 428.0 81.0 433.0 87.0 
face 1.0 498.0 88.0 501.0 93.0 
face 1.0 510.0 73.0 515.0 80.0 
face 1.0 496.0 105.0 502.0 113.0 
face 1.0 27.0 124.0 33.0 132.0 
face 1.0 26.0 143.0 30.0 152.0 
face 1.0 32.0 142.0 36.0 149.0 
face 1.0 633.0 9.0 637.0 15.0 
face 1.0 615.0 8.0 619.0 13.0 
face 1.0 592.0 7.0 598.0 14.0 
face 1.0 577.0 18.0 582.0 24.0 
face 1.0 593.0 19.0 599.0 26.0 
face 1.0 615.0 26.0 620.0 34.0 
face 1.0 622.0 26.0 625.0 31.0 
face 1.0 626.0 43.0 630.0 48.0 
face 1.0 612.0 39.0 615.0 45.0 
face 1.0 561.0 39.0 566.0 45.0 
face 1.0 578.0 41.0 582.0 46.0 
face 1.0 593.0 56.0 599.0 63.0 
face 1.0 604.0 61.0 610.0 68.0 
face 1.0 627.0 60.0 632.0 66.0 
face 1.0 622.0 78.0 627.0 85.0 
face 1.0 597.0 78.0 603.0 85.0 
face 1.0 581.0 77.0 587.0 84.0 
face 1.0 561.0 75.0 566.0 81.0 
face 1.0 567.0 55.0 572.0 62.0 
face 1.0 554.0 53.0 559.0 60.0 
face 1.0 534.0 50.0 540.0 57.0 
face 1.0 526.0 72.0 532.0 80.0 
face 1.0 542.0 72.0 548.0 80.0 
face 1.0 518.0 89.0 522.0 95.0 
face 1.0 541.0 88.0 546.0 97.0 
face 1.0 556.0 91.0 561.0 99.0 
face 1.0 576.0 91.0 582.0 100.0 
face 1.0 574.0 113.0 579.0 120.0 
face 1.0 559.0 107.0 564.0 116.0 
face 1.0 543.0 107.0 548.0 114.0 
face 1.0 518.0 104.0 524.0 113.0 
face 1.0 570.0 129.0 576.0 136.0 
face 1.0 557.0 127.0 563.0 134.0 
face 1.0 531.0 126.0 537.0 134.0 
face 1.0 506.0 128.0 512.0 136.0 
face 1.0 490.0 128.0 495.0 134.0 
face 1.0 318.0 156.0 322.0 161.0 
face 1.0 312.0 165.0 317.0 171.0 
face 1.0 318.0 196.0 325.0 204.0 
face 1.0 360.0 166.0 368.0 175.0 
face 1.0 379.0 178.0 386.0 186.0 
face 1.0 397.0 175.0 404.0 182.0 
face 1.0 414.0 176.0 421.0 184.0 
face 1.0 410.0 195.0 417.0 205.0 
face 1.0 378.0 195.0 386.0 202.0 
face 1.0 345.0 185.0 352.0 194.0 
face 1.0 320.0 182.0 327.0 191.0 
face 1.0 312.0 179.0 318.0 187.0 
face 1.0 330.0 234.0 337.0 239.0 
face 1.0 639.0 76.0 645.0 84.0 
face 1.0 661.0 79.0 666.0 87.0 
face 1.0 598.0 96.0 603.0 103.0 
face 1.0 613.0 96.0 618.0 103.0 
face 1.0 635.0 101.0 641.0 107.0 
face 1.0 651.0 100.0 656.0 106.0 
face 1.0 638.0 118.0 643.0 127.0 
face 1.0 612.0 118.0 617.0 125.0 
face 1.0 594.0 112.0 600.0 121.0 
face 1.0 592.0 134.0 599.0 142.0 
face 1.0 610.0 136.0 617.0 144.0 
face 1.0 635.0 133.0 644.0 141.0 
face 1.0 659.0 136.0 667.0 145.0 
face 1.0 651.0 161.0 658.0 169.0 
face 1.0 625.0 155.0 631.0 164.0 
face 1.0 612.0 152.0 619.0 161.0 
face 1.0 594.0 152.0 600.0 160.0 
face 1.0 574.0 150.0 580.0 159.0 
face 1.0 568.0 168.0 574.0 178.0 
face 1.0 584.0 180.0 589.0 187.0 
face 1.0 609.0 176.0 615.0 184.0 
face 1.0 625.0 178.0 632.0 187.0 
face 1.0 650.0 180.0 655.0 189.0 
face 1.0 606.0 193.0 613.0 201.0 
face 1.0 559.0 187.0 565.0 195.0 
face 1.0 390.0 96.0 394.0 101.0 
face 1.0 441.0 179.0 446.0 187.0 
face 1.0 459.0 180.0 464.0 188.0 
face 1.0 493.0 141.0 498.0 148.0 
face 1.0 507.0 150.0 512.0 158.0 
face 1.0 527.0 151.0 533.0 158.0 
face 1.0 541.0 149.0 547.0 157.0 
face 1.0 549.0 167.0 556.0 175.0 
face 1.0 518.0 164.0 525.0 173.0 
face 1.0 501.0 168.0 507.0 176.0 
face 1.0 483.0 160.0 489.0 169.0 
face 1.0 575.0 193.0 581.0 202.0 
face 1.0 535.0 184.0 541.0 193.0 
face 1.0 521.0 185.0 526.0 193.0 
face 1.0 494.0 186.0 500.0 194.0 
face 1.0 480.0 181.0 487.0 190.0 
face 1.0 526.0 205.0 531.0 214.0 
face 1.0 543.0 207.0 549.0 215.0 
face 1.0 568.0 213.0 575.0 222.0 
face 1.0 587.0 215.0 593.0 224.0 
face 1.0 558.0 223.0 565.0 231.0 
face 1.0 558.0 235.0 566.0 244.0 
face 1.0 523.0 227.0 529.0 236.0 
face 1.0 501.0 219.0 509.0 229.0 
face 1.0 434.0 200.0 442.0 209.0 
face 1.0 451.0 212.0 459.0 224.0 
face 1.0 420.0 196.0 426.0 203.0 
face 1.0 478.0 124.0 483.0 131.0 
face 1.0 469.0 201.0 478.0 209.0 
face 1.0 623.0 203.0 628.0 210.0 
face 1.0 614.0 216.0 621.0 225.0 
face 1.0 629.0 216.0 636.0 226.0 
face 1.0 611.0 232.0 619.0 240.0 
face 1.0 636.0 233.0 643.0 243.0 
face 1.0 646.0 242.0 652.0 249.0 
face 1.0 657.0 221.0 663.0 229.0 
face 1.0 682.0 203.0 687.0 213.0 
face 1.0 696.0 205.0 702.0 212.0 
face 1.0 674.0 221.0 681.0 233.0 
face 1.0 685.0 236.0 692.0 247.0 
face 1.0 705.0 243.0 712.0 254.0 
face 1.0 540.0 261.0 545.0 271.0 
face 1.0 587.0 266.0 593.0 278.0 
face 1.0 550.0 257.0 558.0 266.0 
face 1.0 525.0 259.0 532.0 270.0 
face 1.0 592.0 229.0 600.0 238.0 
face 1.0 645.0 6.0 649.0 11.0 
face 1.0 671.0 9.0 676.0 16.0 
face 1.0 679.0 9.0 683.0 15.0 
face 1.0 699.0 16.0 703.0 20.0 
face 1.0 682.0 27.0 687.0 32.0 
face 1.0 679.0 33.0 684.0 40.0 
face 1.0 679.0 42.0 684.0 49.0 
face 1.0 672.0 41.0 677.0 48.0 
face 1.0 660.0 30.0 665.0 37.0 
face 1.0 643.0 25.0 648.0 33.0 
face 1.0 647.0 57.0 653.0 65.0 
face 1.0 661.0 62.0 666.0 67.0 
face 1.0 682.0 66.0 687.0 73.0 
face 1.0 702.0 60.0 707.0 68.0 
face 1.0 703.0 43.0 708.0 50.0 
face 1.0 724.0 45.0 729.0 51.0 
face 1.0 746.0 41.0 752.0 50.0 
face 1.0 741.0 25.0 746.0 31.0 
face 1.0 729.0 30.0 733.0 36.0 
face 1.0 703.0 24.0 708.0 31.0 
face 1.0 720.0 9.0 725.0 16.0 
face 1.0 740.0 11.0 745.0 18.0 
face 1.0 731.0 63.0 736.0 71.0 
face 1.0 749.0 65.0 756.0 72.0 
face 1.0 738.0 85.0 743.0 92.0 
face 1.0 717.0 84.0 722.0 91.0 
face 1.0 701.0 83.0 706.0 90.0 
face 1.0 679.0 84.0 685.0 91.0 
face 1.0 738.0 100.0 744.0 110.0 
face 1.0 720.0 99.0 728.0 108.0 
face 1.0 696.0 105.0 701.0 111.0 
face 1.0 715.0 127.0 720.0 135.0 
face 1.0 695.0 120.0 701.0 128.0 
face 1.0 677.0 117.0 684.0 125.0 
face 1.0 680.0 101.0 687.0 109.0 
face 1.0 757.0 18.0 762.0 23.0 
face 1.0 755.0 30.0 762.0 37.0 
face 1.0 783.0 12.0 787.0 19.0 
face 1.0 801.0 13.0 806.0 21.0 
face 1.0 818.0 13.0 823.0 21.0 
face 1.0 840.0 13.0 845.0 19.0 
face 1.0 803.0 33.0 809.0 44.0 
face 1.0 781.0 26.0 787.0 34.0 
face 1.0 778.0 41.0 786.0 50.0 
face 1.0 766.0 44.0 773.0 54.0 
face 1.0 763.0 70.0 769.0 79.0 
face 1.0 763.0 85.0 769.0 93.0 
face 1.0 831.0 98.0 837.0 105.0 
face 1.0 853.0 95.0 859.0 104.0 
face 1.0 851.0 116.0 856.0 124.0 
face 1.0 831.0 119.0 836.0 126.0 
face 1.0 928.0 4.0 935.0 12.0 
face 1.0 948.0 5.0 954.0 13.0 
face 1.0 979.0 3.0 984.0 11.0 
face 1.0 1007.0 17.0 1012.0 24.0 
face 1.0 998.0 39.0 1004.0 45.0 
face 1.0 976.0 24.0 981.0 31.0 
face 1.0 960.0 21.0 964.0 27.0 
face 1.0 939.0 18.0 944.0 24.0 
face 1.0 912.0 18.0 916.0 24.0 
face 1.0 1000.0 58.0 1005.0 65.0 
face 1.0 975.0 58.0 981.0 66.0 
face 1.0 966.0 41.0 970.0 48.0 
face 1.0 955.0 35.0 961.0 43.0 
face 1.0 942.0 37.0 947.0 47.0 
face 1.0 915.0 38.0 920.0 45.0 
face 1.0 890.0 41.0 895.0 48.0 
face 1.0 878.0 53.0 884.0 60.0 
face 1.0 899.0 59.0 904.0 65.0 
face 1.0 921.0 58.0 927.0 66.0 
face 1.0 926.0 73.0 932.0 81.0 
face 1.0 947.0 58.0 952.0 66.0 
face 1.0 948.0 79.0 954.0 87.0 
face 1.0 968.0 82.0 974.0 89.0 
face 1.0 999.0 83.0 1004.0 89.0 
face 1.0 1017.0 80.0 1023.0 91.0 
face 1.0 1001.0 103.0 1007.0 113.0 
face 1.0 978.0 104.0 984.0 112.0 
face 1.0 959.0 100.0 965.0 108.0 
face 1.0 934.0 101.0 940.0 111.0 
face 1.0 903.0 100.0 908.0 107.0 
face 1.0 906.0 79.0 911.0 85.0 
face 1.0 882.0 74.0 887.0 82.0 
face 1.0 869.0 69.0 875.0 81.0 
face 1.0 885.0 100.0 890.0 106.0 
face 1.0 878.0 118.0 884.0 127.0 
face 1.0 937.0 122.0 943.0 128.0 
face 1.0 973.0 122.0 979.0 130.0 
face 1.0 1020.0 129.0 1022.0 139.0 
face 1.0 964.0 146.0 970.0 155.0 
face 1.0 947.0 139.0 953.0 147.0 
face 1.0 915.0 137.0 922.0 148.0 
face 1.0 892.0 138.0 897.0 146.0 
face 1.0 988.0 128.0 993.0 137.0 
face 1.0 918.0 118.0 924.0 127.0 
face 1.0 1018.0 169.0 1023.0 178.0 
face 1.0 995.0 170.0 1002.0 178.0 
face 1.0 972.0 185.0 979.0 194.0 
face 1.0 964.0 167.0 970.0 177.0 
face 1.0 940.0 165.0 946.0 174.0 
face 1.0 952.0 187.0 958.0 196.0 
face 1.0 935.0 208.0 940.0 218.0 
face 1.0 917.0 189.0 923.0 196.0 
face 1.0 908.0 206.0 914.0 214.0 
face 1.0 917.0 228.0 923.0 237.0 
face 1.0 948.0 239.0 954.0 249.0 
face 1.0 896.0 181.0 904.0 192.0 
face 1.0 892.0 158.0 898.0 166.0 
face 1.0 861.0 136.0 868.0 144.0 
face 1.0 863.0 157.0 869.0 165.0 
face 1.0 845.0 151.0 853.0 160.0 
face 1.0 822.0 153.0 830.0 160.0 
face 1.0 817.0 175.0 824.0 183.0 
face 1.0 840.0 176.0 846.0 184.0 
face 1.0 864.0 183.0 870.0 190.0 
face 1.0 861.0 199.0 868.0 208.0 
face 1.0 882.0 211.0 888.0 219.0 
face 1.0 865.0 224.0 872.0 233.0 
face 1.0 886.0 236.0 892.0 243.0 
face 1.0 832.0 216.0 839.0 225.0 
face 1.0 823.0 203.0 828.0 212.0 
face 1.0 800.0 226.0 805.0 233.0 
face 1.0 775.0 215.0 782.0 224.0 
face 1.0 775.0 144.0 782.0 156.0 
face 1.0 806.0 189.0 814.0 199.0 
face 1.0 1011.0 47.0 1018.0 59.0 
face 1.0 987.0 84.0 996.0 90.0 
face 1.0 916.0 161.0 922.0 168.0 
face 1.0 1018.0 196.0 1023.0 206.0 
face 1.0 1007.0 195.0 1012.0 204.0 
face 1.0 1015.0 260.0 1022.0 272.0 
face 1.0 1006.0 277.0 1014.0 289.0 
face 1.0 845.0 267.0 853.0 274.0 
face 1.0 875.0 271.0 882.0 278.0 
face 1.0 725.0 185.0 732.0 195.0 
face 1.0 752.0 164.0 760.0 172.0 
face 1.0 754.0 211.0 760.0 219.0 
face 1.0 749.0 226.0 757.0 236.0 
face 1.0 809.0 266.0 817.0 275.0 
face 1.0 750.0 260.0 756.0 267.0 
face 1.0 177.0 113.0 183.0 119.0 
face 1.0 243.0 104.0 249.0 110.0 
face 1.0 260.0 107.0 265.0 114.0 
face 1.0 208.0 129.0 212.0 136.0 
face 1.0 184.0 180.0 191.0 187.0 
