face 1.0 708.0 406.0 717.0 415.0 
face 1.0 640.0 420.0 647.0 429.0 
face 1.0 481.0 207.0 500.0 226.0 
face 1.0 370.0 170.0 391.0 192.0 
face 1.0 1012.0 434.0 1019.0 445.0 
face 1.0 963.0 467.0 967.0 474.0 
face 1.0 933.0 465.0 938.0 473.0 
face 1.0 294.0 394.0 304.0 406.0 
face 1.0 196.0 428.0 203.0 438.0 
face 1.0 124.0 457.0 130.0 467.0 
face 1.0 47.0 450.0 55.0 460.0 
face 1.0 158.0 432.0 163.0 440.0 
face 1.0 89.0 435.0 94.0 442.0 
face 1.0 105.0 420.0 109.0 428.0 
face 1.0 66.0 417.0 74.0 428.0 
face 1.0 46.0 409.0 51.0 415.0 
face 1.0 26.0 396.0 32.0 404.0 
face 1.0 95.0 410.0 100.0 418.0 
face 1.0 140.0 403.0 145.0 410.0 
face 1.0 4.0 373.0 8.0 380.0 
face 1.0 6.0 359.0 11.0 367.0 
face 1.0 94.0 375.0 99.0 382.0 
face 1.0 41.0 392.0 47.0 400.0 
face 1.0 12.0 390.0 18.0 396.0 
face 1.0 69.0 354.0 74.0 362.0 
face 1.0 118.0 431.0 124.0 439.0 
face 1.0 77.0 436.0 81.0 441.0 
face 1.0 72.0 464.0 77.0 472.0 
face 1.0 212.0 441.0 217.0 450.0 
face 1.0 232.0 421.0 236.0 428.0 
face 1.0 250.0 446.0 256.0 453.0 
face 1.0 242.0 441.0 247.0 447.0 
face 1.0 26.0 428.0 32.0 436.0 
face 1.0 6.0 408.0 10.0 414.0 
face 1.0 158.0 390.0 162.0 396.0 
face 1.0 177.0 420.0 181.0 428.0 
