face 1.0 119.0 389.0 127.0 397.0 
face 1.0 534.0 292.0 543.0 300.0 
face 1.0 550.0 278.0 558.0 287.0 
face 1.0 511.0 257.0 519.0 265.0 
face 1.0 701.0 213.0 713.0 225.0 
face 1.0 663.0 220.0 673.0 231.0 
face 1.0 751.0 190.0 761.0 201.0 
face 1.0 553.0 434.0 567.0 453.0 
face 1.0 14.0 392.0 21.0 401.0 
face 1.0 14.0 427.0 22.0 436.0 
face 1.0 95.0 397.0 102.0 407.0 
face 1.0 101.0 411.0 110.0 421.0 
face 1.0 189.0 414.0 198.0 426.0 
face 1.0 946.0 156.0 959.0 170.0 
face 1.0 978.0 146.0 990.0 161.0 
face 1.0 1005.0 143.0 1020.0 159.0 
face 1.0 1006.0 195.0 1020.0 214.0 
face 1.0 879.0 237.0 893.0 253.0 
face 1.0 908.0 234.0 922.0 250.0 
face 1.0 913.0 253.0 927.0 271.0 
face 1.0 937.0 235.0 955.0 256.0 
face 1.0 976.0 197.0 989.0 213.0 
face 1.0 954.0 246.0 968.0 265.0 
face 1.0 975.0 263.0 993.0 288.0 
face 1.0 962.0 281.0 982.0 307.0 
face 1.0 898.0 292.0 919.0 316.0 
face 1.0 882.0 354.0 902.0 380.0 
face 1.0 951.0 353.0 970.0 381.0 
face 1.0 926.0 389.0 937.0 418.0 
face 1.0 827.0 384.0 847.0 410.0 
face 1.0 867.0 431.0 892.0 465.0 
face 1.0 876.0 464.0 894.0 486.0 
face 1.0 50.0 407.0 56.0 415.0 
face 1.0 56.0 402.0 62.0 409.0 
face 1.0 67.0 401.0 72.0 406.0 
face 1.0 74.0 404.0 85.0 418.0 
face 1.0 112.0 398.0 118.0 407.0 
face 1.0 131.0 388.0 136.0 394.0 
face 1.0 115.0 426.0 121.0 435.0 
face 1.0 122.0 427.0 126.0 435.0 
face 1.0 99.0 444.0 112.0 465.0 
face 1.0 127.0 430.0 136.0 443.0 
face 1.0 137.0 449.0 150.0 469.0 
face 1.0 170.0 460.0 189.0 476.0 
face 1.0 195.0 456.0 209.0 475.0 
face 1.0 223.0 449.0 235.0 471.0 
face 1.0 234.0 457.0 248.0 474.0 
face 1.0 254.0 458.0 276.0 480.0 
face 1.0 277.0 461.0 294.0 483.0 
face 1.0 158.0 391.0 166.0 403.0 
face 1.0 194.0 431.0 205.0 443.0 
face 1.0 203.0 414.0 214.0 426.0 
face 1.0 241.0 398.0 250.0 409.0 
face 1.0 316.0 424.0 326.0 438.0 
face 1.0 385.0 411.0 396.0 428.0 
face 1.0 389.0 397.0 399.0 410.0 
face 1.0 383.0 394.0 394.0 406.0 
face 1.0 332.0 374.0 342.0 388.0 
face 1.0 337.0 359.0 350.0 374.0 
face 1.0 350.0 351.0 358.0 362.0 
face 1.0 377.0 349.0 385.0 360.0 
face 1.0 362.0 370.0 373.0 380.0 
face 1.0 375.0 339.0 381.0 347.0 
face 1.0 364.0 333.0 371.0 343.0 
face 1.0 378.0 327.0 385.0 335.0 
face 1.0 347.0 332.0 354.0 341.0 
face 1.0 324.0 335.0 332.0 343.0 
face 1.0 313.0 380.0 323.0 390.0 
face 1.0 305.0 371.0 311.0 380.0 
face 1.0 287.0 345.0 295.0 353.0 
face 1.0 243.0 381.0 252.0 394.0 
face 1.0 232.0 379.0 239.0 387.0 
face 1.0 390.0 313.0 398.0 322.0 
face 1.0 392.0 278.0 398.0 287.0 
face 1.0 216.0 345.0 221.0 349.0 
face 1.0 224.0 358.0 231.0 365.0 
face 1.0 434.0 304.0 441.0 314.0 
face 1.0 451.0 291.0 459.0 299.0 
face 1.0 483.0 256.0 491.0 265.0 
face 1.0 493.0 262.0 501.0 270.0 
face 1.0 484.0 295.0 491.0 304.0 
face 1.0 497.0 284.0 505.0 296.0 
face 1.0 506.0 287.0 515.0 298.0 
face 1.0 499.0 299.0 509.0 310.0 
face 1.0 417.0 337.0 431.0 350.0 
face 1.0 429.0 327.0 434.0 335.0 
face 1.0 431.0 319.0 436.0 326.0 
face 1.0 448.0 322.0 456.0 333.0 
face 1.0 467.0 317.0 478.0 330.0 
face 1.0 442.0 370.0 455.0 384.0 
face 1.0 402.0 415.0 417.0 432.0 
face 1.0 443.0 415.0 455.0 432.0 
face 1.0 471.0 384.0 485.0 398.0 
face 1.0 489.0 399.0 503.0 418.0 
face 1.0 499.0 367.0 511.0 385.0 
face 1.0 494.0 358.0 503.0 368.0 
face 1.0 499.0 343.0 507.0 353.0 
face 1.0 514.0 360.0 529.0 372.0 
face 1.0 519.0 339.0 530.0 352.0 
face 1.0 540.0 328.0 552.0 343.0 
face 1.0 567.0 313.0 579.0 327.0 
face 1.0 557.0 343.0 568.0 354.0 
face 1.0 567.0 339.0 578.0 353.0 
face 1.0 579.0 246.0 588.0 255.0 
face 1.0 638.0 227.0 647.0 236.0 
face 1.0 629.0 269.0 640.0 284.0 
face 1.0 615.0 298.0 626.0 312.0 
face 1.0 616.0 230.0 625.0 240.0 
face 1.0 615.0 283.0 628.0 295.0 
face 1.0 660.0 257.0 671.0 270.0 
face 1.0 671.0 265.0 683.0 277.0 
face 1.0 684.0 253.0 691.0 265.0 
face 1.0 661.0 278.0 673.0 289.0 
face 1.0 661.0 293.0 673.0 306.0 
face 1.0 659.0 310.0 672.0 323.0 
face 1.0 646.0 327.0 656.0 344.0 
face 1.0 614.0 346.0 626.0 365.0 
face 1.0 649.0 350.0 661.0 366.0 
face 1.0 689.0 308.0 700.0 324.0 
face 1.0 707.0 313.0 719.0 332.0 
face 1.0 722.0 294.0 732.0 308.0 
face 1.0 714.0 251.0 725.0 266.0 
face 1.0 704.0 250.0 712.0 261.0 
face 1.0 763.0 250.0 773.0 264.0 
face 1.0 785.0 233.0 796.0 249.0 
face 1.0 800.0 259.0 813.0 278.0 
face 1.0 814.0 273.0 830.0 298.0 
face 1.0 777.0 266.0 789.0 282.0 
face 1.0 732.0 310.0 747.0 332.0 
face 1.0 792.0 317.0 808.0 334.0 
face 1.0 798.0 336.0 815.0 357.0 
face 1.0 697.0 351.0 712.0 370.0 
face 1.0 701.0 389.0 724.0 416.0 
face 1.0 779.0 385.0 801.0 414.0 
face 1.0 800.0 428.0 822.0 457.0 
face 1.0 786.0 471.0 810.0 503.0 
face 1.0 146.0 398.0 153.0 406.0 
face 1.0 152.0 368.0 158.0 375.0 
face 1.0 165.0 369.0 172.0 377.0 
face 1.0 198.0 387.0 207.0 398.0 
face 1.0 199.0 353.0 206.0 362.0 
face 1.0 211.0 349.0 216.0 357.0 
face 1.0 236.0 365.0 244.0 372.0 
face 1.0 182.0 366.0 190.0 374.0 
face 1.0 275.0 369.0 282.0 378.0 
face 1.0 291.0 370.0 300.0 380.0 
face 1.0 260.0 360.0 267.0 368.0 
face 1.0 306.0 353.0 313.0 360.0 
face 1.0 316.0 351.0 323.0 360.0 
face 1.0 316.0 366.0 325.0 377.0 
face 1.0 244.0 341.0 251.0 348.0 
face 1.0 249.0 331.0 256.0 338.0 
face 1.0 264.0 339.0 270.0 346.0 
face 1.0 304.0 342.0 310.0 349.0 
face 1.0 279.0 305.0 284.0 311.0 
face 1.0 300.0 299.0 305.0 305.0 
face 1.0 288.0 301.0 293.0 307.0 
face 1.0 306.0 316.0 311.0 322.0 
face 1.0 280.0 327.0 286.0 333.0 
face 1.0 332.0 310.0 339.0 318.0 
face 1.0 333.0 292.0 340.0 300.0 
face 1.0 337.0 347.0 345.0 356.0 
face 1.0 371.0 310.0 378.0 319.0 
face 1.0 366.0 286.0 373.0 293.0 
face 1.0 309.0 300.0 316.0 307.0 
face 1.0 298.0 354.0 304.0 361.0 
face 1.0 298.0 335.0 304.0 343.0 
face 1.0 271.0 320.0 277.0 327.0 
face 1.0 516.0 434.0 532.0 454.0 
face 1.0 532.0 447.0 549.0 472.0 
face 1.0 579.0 424.0 595.0 447.0 
face 1.0 591.0 474.0 610.0 499.0 
face 1.0 607.0 430.0 624.0 451.0 
face 1.0 700.0 486.0 724.0 506.0 
face 1.0 552.0 242.0 559.0 251.0 
face 1.0 573.0 244.0 581.0 252.0 
face 1.0 591.0 236.0 598.0 244.0 
face 1.0 602.0 238.0 609.0 246.0 
face 1.0 724.0 282.0 735.0 295.0 
face 1.0 785.0 186.0 794.0 197.0 
face 1.0 828.0 228.0 838.0 242.0 
face 1.0 847.0 178.0 857.0 190.0 
face 1.0 868.0 218.0 881.0 234.0 
face 1.0 878.0 171.0 890.0 185.0 
face 1.0 914.0 162.0 928.0 177.0 
face 1.0 841.0 278.0 854.0 293.0 
face 1.0 858.0 272.0 870.0 286.0 
face 1.0 888.0 250.0 900.0 266.0 
face 1.0 858.0 251.0 871.0 269.0 
face 1.0 115.0 379.0 120.0 385.0 
face 1.0 106.0 388.0 113.0 397.0 
face 1.0 139.0 372.0 145.0 380.0 
face 1.0 412.0 274.0 417.0 280.0 
face 1.0 443.0 268.0 449.0 276.0 
face 1.0 406.0 294.0 412.0 301.0 
face 1.0 0.0 422.0 6.0 431.0 
face 1.0 3.0 396.0 9.0 405.0 
