face 1.0 73.0 163.0 98.0 197.0 
face 1.0 164.0 128.0 188.0 160.0 
face 1.0 165.0 248.0 191.0 286.0 
face 1.0 263.0 126.0 288.0 159.0 
face 1.0 300.0 251.0 324.0 285.0 
face 1.0 363.0 129.0 389.0 163.0 
face 1.0 405.0 248.0 431.0 280.0 
face 1.0 477.0 116.0 503.0 152.0 
face 1.0 515.0 244.0 544.0 279.0 
face 1.0 597.0 121.0 621.0 154.0 
face 1.0 653.0 254.0 677.0 286.0 
face 1.0 698.0 116.0 725.0 151.0 
face 1.0 777.0 242.0 803.0 274.0 
face 1.0 825.0 115.0 852.0 148.0 
face 1.0 870.0 238.0 899.0 273.0 
face 1.0 909.0 130.0 939.0 173.0 
