face 1.0 938.0 320.0 953.0 337.0 
face 1.0 606.0 151.0 642.0 190.0 
face 1.0 410.0 336.0 417.0 348.0 
face 1.0 380.0 327.0 388.0 342.0 
face 1.0 304.0 364.0 310.0 373.0 
face 1.0 16.0 393.0 25.0 404.0 
face 1.0 69.0 385.0 78.0 395.0 
face 1.0 50.0 383.0 59.0 391.0 
face 1.0 40.0 360.0 48.0 367.0 
face 1.0 42.0 351.0 50.0 359.0 
face 1.0 94.0 381.0 101.0 389.0 
face 1.0 126.0 388.0 134.0 398.0 
face 1.0 171.0 387.0 179.0 393.0 
face 1.0 136.0 387.0 143.0 394.0 
face 1.0 127.0 373.0 134.0 378.0 
face 1.0 125.0 381.0 131.0 388.0 
face 1.0 159.0 374.0 164.0 380.0 
face 1.0 213.0 386.0 218.0 393.0 
face 1.0 194.0 371.0 200.0 378.0 
face 1.0 213.0 360.0 218.0 366.0 
face 1.0 248.0 393.0 254.0 400.0 
face 1.0 282.0 377.0 287.0 385.0 
face 1.0 269.0 364.0 275.0 371.0 
face 1.0 234.0 351.0 239.0 358.0 
face 1.0 81.0 347.0 88.0 355.0 
