face 1.0 187.0 182.0 205.0 209.0 
face 1.0 251.0 170.0 270.0 196.0 
face 1.0 324.0 184.0 342.0 210.0 
face 1.0 384.0 177.0 406.0 206.0 
face 1.0 435.0 163.0 455.0 191.0 
face 1.0 465.0 177.0 487.0 211.0 
face 1.0 412.0 234.0 466.0 308.0 
face 1.0 491.0 177.0 508.0 201.0 
face 1.0 538.0 153.0 566.0 193.0 
face 1.0 599.0 160.0 617.0 191.0 
face 1.0 637.0 171.0 655.0 198.0 
face 1.0 664.0 153.0 693.0 187.0 
face 1.0 737.0 153.0 760.0 188.0 
face 1.0 763.0 143.0 792.0 183.0 
face 1.0 790.0 169.0 820.0 211.0 
face 1.0 828.0 149.0 855.0 184.0 
face 1.0 915.0 139.0 952.0 198.0 
face 1.0 970.0 181.0 998.0 223.0 
face 1.0 101.0 164.0 117.0 192.0 
face 1.0 508.0 194.0 526.0 215.0 
face 1.0 981.0 159.0 1006.0 191.0 
face 1.0 563.0 160.0 579.0 188.0 
face 1.0 83.0 162.0 108.0 202.0 
face 1.0 24.0 176.0 49.0 209.0 
