face 1.0 948.0 384.0 959.0 399.0 
face 1.0 891.0 394.0 900.0 405.0 
face 1.0 838.0 405.0 845.0 415.0 
face 1.0 807.0 414.0 814.0 422.0 
face 1.0 782.0 416.0 788.0 423.0 
face 1.0 914.0 443.0 921.0 450.0 
face 1.0 982.0 440.0 991.0 448.0 
face 1.0 852.0 431.0 858.0 440.0 
face 1.0 697.0 422.0 703.0 428.0 
face 1.0 657.0 424.0 662.0 430.0 
face 1.0 618.0 425.0 623.0 431.0 
face 1.0 576.0 424.0 581.0 430.0 
face 1.0 541.0 426.0 546.0 430.0 
face 1.0 499.0 425.0 504.0 431.0 
face 1.0 433.0 425.0 438.0 432.0 
face 1.0 460.0 425.0 465.0 431.0 
face 1.0 382.0 193.0 404.0 219.0 
face 1.0 195.0 206.0 223.0 234.0 
face 1.0 25.0 382.0 42.0 401.0 
face 1.0 77.0 389.0 95.0 406.0 
face 1.0 242.0 404.0 253.0 418.0 
face 1.0 363.0 427.0 369.0 434.0 
face 1.0 822.0 428.0 827.0 436.0 
face 1.0 292.0 450.0 297.0 458.0 
face 1.0 241.0 443.0 246.0 449.0 
face 1.0 398.0 441.0 402.0 446.0 
face 1.0 416.0 442.0 420.0 446.0 
