face 1.0 83.0 36.0 106.0 65.0 
face 1.0 137.0 110.0 157.0 140.0 
face 1.0 220.0 73.0 244.0 103.0 
face 1.0 198.0 128.0 209.0 143.0 
face 1.0 39.0 16.0 49.0 31.0 
face 1.0 28.0 67.0 33.0 76.0 
face 1.0 37.0 67.0 43.0 75.0 
face 1.0 316.0 93.0 320.0 99.0 
face 1.0 325.0 90.0 328.0 95.0 
face 1.0 338.0 90.0 341.0 95.0 
face 1.0 317.0 81.0 321.0 85.0 
face 1.0 411.0 89.0 415.0 93.0 
face 1.0 408.0 80.0 411.0 84.0 
face 1.0 366.0 82.0 373.0 92.0 
face 1.0 393.0 48.0 401.0 55.0 
face 1.0 557.0 53.0 599.0 114.0 
face 1.0 845.0 86.0 886.0 145.0 
face 1.0 53.0 268.0 117.0 356.0 
face 1.0 402.0 395.0 425.0 430.0 
face 1.0 9.0 458.0 35.0 484.0 
face 1.0 609.0 519.0 621.0 535.0 
face 1.0 483.0 499.0 498.0 518.0 
face 1.0 575.0 558.0 581.0 566.0 
face 1.0 442.0 539.0 447.0 546.0 
face 1.0 665.0 553.0 671.0 562.0 
face 1.0 682.0 562.0 689.0 570.0 
face 1.0 692.0 551.0 698.0 559.0 
face 1.0 770.0 552.0 777.0 562.0 
face 1.0 785.0 551.0 792.0 560.0 
face 1.0 793.0 521.0 799.0 530.0 
face 1.0 784.0 518.0 790.0 527.0 
face 1.0 752.0 526.0 758.0 534.0 
face 1.0 726.0 522.0 731.0 529.0 
face 1.0 715.0 525.0 722.0 534.0 
face 1.0 701.0 522.0 707.0 531.0 
face 1.0 684.0 524.0 690.0 532.0 
face 1.0 912.0 437.0 932.0 470.0 
face 1.0 851.0 595.0 863.0 611.0 
face 1.0 937.0 572.0 947.0 586.0 
face 1.0 984.0 533.0 993.0 545.0 
face 1.0 575.0 533.0 581.0 542.0 
face 1.0 595.0 499.0 600.0 505.0 
face 1.0 622.0 498.0 627.0 505.0 
face 1.0 341.0 35.0 347.0 46.0 
