face 1.0 505.0 227.0 540.0 291.0 
face 1.0 62.0 582.0 68.0 593.0 
face 1.0 28.0 595.0 35.0 608.0 
face 1.0 16.0 586.0 20.0 595.0 
face 1.0 18.0 611.0 25.0 625.0 
face 1.0 85.0 618.0 93.0 633.0 
face 1.0 90.0 578.0 96.0 591.0 
face 1.0 137.0 588.0 143.0 600.0 
face 1.0 158.0 590.0 164.0 601.0 
face 1.0 153.0 622.0 164.0 636.0 
face 1.0 223.0 610.0 231.0 624.0 
face 1.0 185.0 596.0 190.0 605.0 
face 1.0 139.0 569.0 144.0 579.0 
face 1.0 113.0 572.0 119.0 584.0 
face 1.0 102.0 572.0 107.0 581.0 
face 1.0 112.0 556.0 117.0 564.0 
face 1.0 264.0 601.0 270.0 612.0 
face 1.0 256.0 625.0 266.0 639.0 
face 1.0 322.0 613.0 331.0 630.0 
face 1.0 288.0 606.0 295.0 618.0 
face 1.0 315.0 596.0 320.0 606.0 
face 1.0 22.0 561.0 29.0 575.0 
face 1.0 54.0 568.0 60.0 578.0 
face 1.0 66.0 560.0 72.0 571.0 
face 1.0 351.0 606.0 357.0 617.0 
face 1.0 344.0 564.0 351.0 576.0 
face 1.0 311.0 572.0 320.0 584.0 
face 1.0 303.0 559.0 309.0 571.0 
face 1.0 235.0 555.0 240.0 566.0 
face 1.0 237.0 619.0 243.0 631.0 
face 1.0 203.0 569.0 209.0 579.0 
face 1.0 208.0 556.0 213.0 566.0 
face 1.0 415.0 614.0 421.0 626.0 
face 1.0 503.0 584.0 510.0 598.0 
face 1.0 548.0 613.0 555.0 624.0 
face 1.0 545.0 630.0 553.0 639.0 
face 1.0 567.0 618.0 577.0 639.0 
face 1.0 625.0 587.0 639.0 614.0 
face 1.0 464.0 565.0 469.0 573.0 
face 1.0 471.0 580.0 478.0 596.0 
face 1.0 680.0 598.0 686.0 609.0 
face 1.0 685.0 622.0 692.0 635.0 
face 1.0 703.0 629.0 715.0 638.0 
face 1.0 148.0 574.0 154.0 585.0 
