face 1.0 959.0 253.0 979.0 277.0 
face 1.0 907.0 242.0 931.0 268.0 
face 1.0 844.0 215.0 868.0 245.0 
face 1.0 784.0 233.0 806.0 258.0 
face 1.0 718.0 256.0 741.0 284.0 
face 1.0 655.0 253.0 678.0 282.0 
face 1.0 583.0 243.0 608.0 269.0 
face 1.0 523.0 256.0 547.0 282.0 
face 1.0 431.0 255.0 453.0 279.0 
face 1.0 365.0 239.0 388.0 266.0 
face 1.0 296.0 237.0 319.0 263.0 
face 1.0 235.0 239.0 258.0 262.0 
face 1.0 164.0 221.0 188.0 249.0 
face 1.0 101.0 228.0 125.0 253.0 
face 1.0 40.0 249.0 60.0 274.0 
