face 1.0 228.0 71.0 281.0 138.0 
face 1.0 358.0 153.0 391.0 197.0 
face 1.0 366.0 65.0 401.0 106.0 
face 1.0 467.0 162.0 513.0 219.0 
face 1.0 527.0 57.0 593.0 150.0 
face 1.0 676.0 266.0 705.0 314.0 
face 1.0 721.0 240.0 759.0 295.0 
face 1.0 706.0 201.0 734.0 240.0 
face 1.0 780.0 109.0 810.0 150.0 
face 1.0 854.0 196.0 882.0 238.0 
face 1.0 957.0 52.0 982.0 88.0 
face 1.0 927.0 117.0 950.0 151.0 
face 1.0 963.0 170.0 993.0 215.0 
face 1.0 761.0 355.0 809.0 412.0 
face 1.0 754.0 324.0 799.0 373.0 
face 1.0 867.0 325.0 912.0 380.0 
face 1.0 886.0 369.0 928.0 423.0 
face 1.0 936.0 354.0 980.0 413.0 
face 1.0 988.0 340.0 1024.0 398.0 
