face 1.0 622.0 375.0 640.0 395.0 
face 1.0 537.0 406.0 560.0 432.0 
face 1.0 492.0 230.0 515.0 252.0 
face 1.0 705.0 465.0 718.0 479.0 
face 1.0 888.0 428.0 904.0 448.0 
face 1.0 18.0 523.0 29.0 537.0 
face 1.0 46.0 523.0 56.0 536.0 
face 1.0 98.0 528.0 106.0 539.0 
face 1.0 74.0 527.0 82.0 536.0 
face 1.0 117.0 528.0 123.0 537.0 
face 1.0 142.0 524.0 152.0 534.0 
face 1.0 172.0 524.0 179.0 533.0 
face 1.0 149.0 506.0 155.0 515.0 
face 1.0 97.0 486.0 102.0 494.0 
face 1.0 26.0 497.0 32.0 502.0 
face 1.0 40.0 504.0 49.0 514.0 
face 1.0 243.0 526.0 252.0 536.0 
face 1.0 186.0 505.0 192.0 512.0 
face 1.0 268.0 523.0 274.0 530.0 
face 1.0 281.0 518.0 287.0 526.0 
face 1.0 299.0 519.0 305.0 527.0 
face 1.0 317.0 521.0 325.0 530.0 
face 1.0 292.0 526.0 300.0 535.0 
face 1.0 373.0 529.0 379.0 538.0 
face 1.0 432.0 529.0 437.0 536.0 
face 1.0 51.0 466.0 57.0 473.0 
face 1.0 71.0 474.0 76.0 482.0 
face 1.0 92.0 475.0 99.0 483.0 
face 1.0 113.0 475.0 119.0 482.0 
face 1.0 137.0 487.0 143.0 493.0 
face 1.0 1016.0 478.0 1023.0 487.0 
face 1.0 206.0 488.0 218.0 502.0 
face 1.0 791.0 496.0 798.0 503.0 
