face 1.0 139.0 291.0 144.0 297.0 
face 1.0 133.0 286.0 137.0 292.0 
face 1.0 130.0 284.0 133.0 288.0 
face 1.0 138.0 296.0 142.0 301.0 
face 1.0 138.0 320.0 142.0 325.0 
face 1.0 123.0 334.0 127.0 340.0 
face 1.0 114.0 287.0 118.0 293.0 
face 1.0 103.0 283.0 106.0 288.0 
face 1.0 92.0 280.0 96.0 284.0 
face 1.0 101.0 295.0 105.0 300.0 
face 1.0 103.0 332.0 107.0 338.0 
face 1.0 96.0 335.0 101.0 340.0 
face 1.0 85.0 342.0 91.0 347.0 
face 1.0 80.0 306.0 84.0 312.0 
face 1.0 87.0 294.0 90.0 299.0 
face 1.0 80.0 289.0 84.0 295.0 
face 1.0 62.0 310.0 65.0 314.0 
face 1.0 46.0 340.0 51.0 349.0 
face 1.0 23.0 338.0 27.0 344.0 
face 1.0 22.0 313.0 26.0 319.0 
face 1.0 40.0 305.0 44.0 310.0 
face 1.0 62.0 300.0 67.0 306.0 
face 1.0 56.0 310.0 60.0 316.0 
face 1.0 61.0 336.0 67.0 345.0 
face 1.0 92.0 344.0 96.0 351.0 
face 1.0 39.0 322.0 43.0 327.0 
face 1.0 28.0 367.0 32.0 373.0 
face 1.0 22.0 373.0 27.0 381.0 
face 1.0 22.0 404.0 26.0 410.0 
face 1.0 43.0 384.0 48.0 391.0 
face 1.0 54.0 389.0 59.0 396.0 
face 1.0 64.0 391.0 68.0 397.0 
face 1.0 51.0 409.0 56.0 416.0 
face 1.0 70.0 402.0 74.0 408.0 
face 1.0 73.0 412.0 79.0 418.0 
face 1.0 85.0 415.0 91.0 423.0 
face 1.0 28.0 295.0 31.0 299.0 
face 1.0 20.0 282.0 23.0 288.0 
face 1.0 21.0 296.0 23.0 301.0 
face 1.0 57.0 293.0 61.0 298.0 
face 1.0 16.0 340.0 21.0 347.0 
face 1.0 27.0 343.0 31.0 349.0 
face 1.0 126.0 426.0 133.0 435.0 
face 1.0 139.0 438.0 144.0 447.0 
face 1.0 134.0 439.0 139.0 447.0 
face 1.0 111.0 437.0 117.0 445.0 
face 1.0 76.0 441.0 82.0 450.0 
face 1.0 102.0 451.0 107.0 461.0 
face 1.0 84.0 447.0 88.0 455.0 
face 1.0 91.0 479.0 99.0 490.0 
face 1.0 94.0 468.0 100.0 475.0 
face 1.0 61.0 434.0 68.0 443.0 
face 1.0 49.0 430.0 55.0 438.0 
face 1.0 35.0 426.0 41.0 432.0 
face 1.0 22.0 446.0 29.0 452.0 
face 1.0 36.0 443.0 41.0 450.0 
face 1.0 26.0 461.0 31.0 470.0 
face 1.0 144.0 487.0 149.0 495.0 
face 1.0 92.0 518.0 102.0 532.0 
face 1.0 139.0 531.0 147.0 544.0 
face 1.0 42.0 379.0 47.0 384.0 
face 1.0 32.0 377.0 37.0 381.0 
face 1.0 10.0 393.0 15.0 398.0 
face 1.0 9.0 398.0 14.0 405.0 
face 1.0 8.0 410.0 13.0 417.0 
face 1.0 4.0 422.0 7.0 428.0 
face 1.0 2.0 407.0 6.0 413.0 
face 1.0 7.0 420.0 11.0 426.0 
face 1.0 103.0 423.0 108.0 432.0 
face 1.0 7.0 450.0 13.0 459.0 
face 1.0 102.0 472.0 110.0 481.0 
face 1.0 103.0 622.0 122.0 653.0 
face 1.0 87.0 575.0 94.0 590.0 
face 1.0 221.0 486.0 227.0 496.0 
face 1.0 251.0 471.0 255.0 478.0 
face 1.0 269.0 475.0 274.0 483.0 
face 1.0 279.0 487.0 283.0 496.0 
face 1.0 175.0 453.0 181.0 459.0 
face 1.0 164.0 449.0 169.0 457.0 
face 1.0 195.0 466.0 200.0 472.0 
face 1.0 196.0 478.0 201.0 484.0 
face 1.0 323.0 554.0 331.0 565.0 
face 1.0 304.0 583.0 315.0 597.0 
face 1.0 481.0 584.0 492.0 596.0 
face 1.0 628.0 600.0 633.0 610.0 
face 1.0 816.0 665.0 825.0 681.0 
face 1.0 951.0 645.0 959.0 657.0 
face 1.0 982.0 638.0 991.0 649.0 
face 1.0 179.0 229.0 182.0 232.0 
face 1.0 189.0 239.0 191.0 243.0 
face 1.0 216.0 281.0 219.0 285.0 
face 1.0 174.0 274.0 178.0 278.0 
face 1.0 160.0 253.0 163.0 257.0 
face 1.0 155.0 231.0 158.0 235.0 
face 1.0 144.0 232.0 147.0 236.0 
face 1.0 177.0 247.0 181.0 251.0 
face 1.0 171.0 255.0 175.0 260.0 
face 1.0 168.0 294.0 173.0 300.0 
face 1.0 249.0 227.0 253.0 232.0 
face 1.0 240.0 228.0 243.0 232.0 
face 1.0 225.0 229.0 227.0 232.0 
face 1.0 260.0 279.0 264.0 285.0 
face 1.0 268.0 270.0 271.0 274.0 
face 1.0 251.0 288.0 255.0 292.0 
face 1.0 371.0 339.0 375.0 344.0 
face 1.0 421.0 366.0 426.0 374.0 
face 1.0 503.0 360.0 507.0 367.0 
face 1.0 477.0 357.0 481.0 362.0 
face 1.0 539.0 351.0 543.0 357.0 
face 1.0 558.0 350.0 561.0 356.0 
face 1.0 570.0 369.0 575.0 376.0 
face 1.0 626.0 377.0 630.0 384.0 
face 1.0 268.0 289.0 270.0 294.0 
face 1.0 238.0 292.0 242.0 297.0 
face 1.0 225.0 302.0 229.0 307.0 
face 1.0 221.0 310.0 226.0 315.0 
face 1.0 246.0 328.0 249.0 333.0 
face 1.0 237.0 305.0 242.0 312.0 
face 1.0 255.0 303.0 259.0 307.0 
face 1.0 273.0 300.0 277.0 304.0 
face 1.0 255.0 309.0 259.0 314.0 
face 1.0 285.0 300.0 288.0 305.0 
face 1.0 290.0 306.0 293.0 311.0 
face 1.0 299.0 304.0 303.0 309.0 
face 1.0 314.0 304.0 318.0 309.0 
face 1.0 319.0 295.0 323.0 300.0 
face 1.0 308.0 289.0 312.0 295.0 
face 1.0 268.0 303.0 271.0 309.0 
face 1.0 203.0 280.0 208.0 287.0 
face 1.0 256.0 261.0 262.0 265.0 
face 1.0 272.0 249.0 277.0 255.0 
face 1.0 253.0 270.0 256.0 275.0 
face 1.0 239.0 310.0 244.0 315.0 
face 1.0 324.0 256.0 327.0 261.0 
face 1.0 335.0 255.0 339.0 263.0 
face 1.0 311.0 255.0 314.0 261.0 
face 1.0 337.0 280.0 341.0 285.0 
face 1.0 312.0 279.0 315.0 283.0 
face 1.0 348.0 253.0 351.0 258.0 
face 1.0 370.0 264.0 373.0 268.0 
face 1.0 374.0 290.0 379.0 295.0 
face 1.0 357.0 290.0 359.0 294.0 
face 1.0 323.0 299.0 326.0 305.0 
face 1.0 320.0 279.0 324.0 285.0 
face 1.0 386.0 274.0 390.0 279.0 
face 1.0 398.0 272.0 402.0 278.0 
face 1.0 397.0 291.0 401.0 298.0 
face 1.0 390.0 290.0 395.0 295.0 
face 1.0 354.0 235.0 357.0 240.0 
face 1.0 336.0 244.0 338.0 247.0 
face 1.0 324.0 247.0 326.0 250.0 
face 1.0 349.0 277.0 352.0 281.0 
face 1.0 401.0 265.0 405.0 270.0 
face 1.0 399.0 255.0 402.0 259.0 
face 1.0 394.0 249.0 397.0 253.0 
face 1.0 425.0 238.0 428.0 242.0 
face 1.0 416.0 248.0 419.0 252.0 
face 1.0 408.0 248.0 411.0 253.0 
face 1.0 413.0 239.0 415.0 243.0 
face 1.0 399.0 240.0 402.0 244.0 
face 1.0 440.0 285.0 443.0 290.0 
face 1.0 430.0 294.0 433.0 298.0 
face 1.0 430.0 305.0 433.0 310.0 
face 1.0 444.0 309.0 447.0 314.0 
face 1.0 455.0 311.0 459.0 316.0 
face 1.0 462.0 311.0 465.0 316.0 
face 1.0 477.0 315.0 480.0 319.0 
face 1.0 489.0 316.0 494.0 322.0 
face 1.0 482.0 299.0 486.0 304.0 
face 1.0 473.0 299.0 477.0 303.0 
face 1.0 468.0 286.0 472.0 291.0 
face 1.0 479.0 288.0 483.0 292.0 
face 1.0 456.0 295.0 460.0 300.0 
face 1.0 501.0 319.0 505.0 325.0 
face 1.0 466.0 317.0 470.0 321.0 
face 1.0 533.0 313.0 536.0 319.0 
face 1.0 511.0 322.0 514.0 327.0 
face 1.0 531.0 323.0 534.0 328.0 
face 1.0 500.0 292.0 504.0 298.0 
face 1.0 491.0 290.0 495.0 296.0 
face 1.0 534.0 273.0 537.0 277.0 
face 1.0 519.0 272.0 522.0 276.0 
face 1.0 497.0 270.0 500.0 274.0 
face 1.0 484.0 271.0 486.0 274.0 
face 1.0 474.0 270.0 477.0 274.0 
face 1.0 447.0 267.0 450.0 271.0 
face 1.0 454.0 277.0 457.0 281.0 
face 1.0 505.0 261.0 508.0 266.0 
face 1.0 521.0 262.0 524.0 266.0 
face 1.0 530.0 264.0 533.0 268.0 
face 1.0 515.0 283.0 519.0 288.0 
face 1.0 493.0 279.0 496.0 284.0 
face 1.0 548.0 323.0 552.0 328.0 
face 1.0 558.0 327.0 562.0 332.0 
face 1.0 570.0 328.0 574.0 334.0 
face 1.0 584.0 330.0 587.0 336.0 
face 1.0 586.0 297.0 590.0 303.0 
face 1.0 575.0 297.0 579.0 302.0 
face 1.0 563.0 298.0 566.0 302.0 
face 1.0 549.0 295.0 553.0 301.0 
face 1.0 558.0 283.0 562.0 288.0 
face 1.0 546.0 308.0 550.0 312.0 
face 1.0 581.0 267.0 584.0 271.0 
face 1.0 594.0 264.0 598.0 269.0 
face 1.0 544.0 262.0 547.0 266.0 
face 1.0 587.0 285.0 589.0 288.0 
face 1.0 596.0 290.0 598.0 294.0 
face 1.0 606.0 289.0 608.0 292.0 
face 1.0 606.0 305.0 609.0 308.0 
face 1.0 600.0 312.0 604.0 317.0 
face 1.0 594.0 310.0 598.0 315.0 
face 1.0 705.0 268.0 707.0 272.0 
face 1.0 695.0 268.0 699.0 272.0 
face 1.0 703.0 277.0 706.0 281.0 
face 1.0 695.0 277.0 698.0 281.0 
face 1.0 680.0 277.0 684.0 282.0 
face 1.0 673.0 280.0 677.0 285.0 
face 1.0 666.0 283.0 670.0 288.0 
face 1.0 657.0 285.0 660.0 288.0 
face 1.0 643.0 282.0 646.0 287.0 
face 1.0 635.0 280.0 639.0 286.0 
face 1.0 602.0 271.0 605.0 275.0 
face 1.0 611.0 282.0 613.0 285.0 
face 1.0 648.0 294.0 651.0 300.0 
face 1.0 661.0 297.0 664.0 301.0 
face 1.0 666.0 298.0 670.0 302.0 
face 1.0 677.0 307.0 680.0 312.0 
face 1.0 709.0 314.0 712.0 319.0 
face 1.0 716.0 328.0 719.0 334.0 
face 1.0 706.0 327.0 710.0 333.0 
face 1.0 698.0 312.0 702.0 317.0 
face 1.0 690.0 327.0 695.0 333.0 
face 1.0 683.0 325.0 687.0 330.0 
face 1.0 657.0 306.0 662.0 310.0 
face 1.0 665.0 333.0 669.0 338.0 
face 1.0 646.0 341.0 650.0 346.0 
face 1.0 646.0 332.0 650.0 337.0 
face 1.0 628.0 341.0 632.0 347.0 
face 1.0 620.0 336.0 624.0 342.0 
face 1.0 615.0 327.0 619.0 332.0 
face 1.0 602.0 340.0 606.0 345.0 
face 1.0 601.0 334.0 604.0 338.0 
face 1.0 603.0 327.0 606.0 332.0 
face 1.0 593.0 324.0 599.0 329.0 
face 1.0 575.0 357.0 581.0 361.0 
face 1.0 657.0 360.0 662.0 366.0 
face 1.0 626.0 292.0 632.0 300.0 
face 1.0 639.0 297.0 646.0 305.0 
face 1.0 623.0 317.0 627.0 322.0 
face 1.0 639.0 318.0 642.0 323.0 
face 1.0 580.0 308.0 584.0 314.0 
face 1.0 468.0 258.0 471.0 262.0 
face 1.0 460.0 248.0 463.0 253.0 
face 1.0 464.0 240.0 466.0 244.0 
face 1.0 381.0 281.0 384.0 288.0 
face 1.0 416.0 217.0 419.0 221.0 
face 1.0 459.0 267.0 462.0 272.0 
face 1.0 569.0 306.0 572.0 310.0 
face 1.0 580.0 279.0 582.0 284.0 
face 1.0 526.0 252.0 529.0 256.0 
face 1.0 537.0 253.0 540.0 257.0 
face 1.0 548.0 254.0 551.0 257.0 
face 1.0 559.0 257.0 561.0 260.0 
face 1.0 560.0 246.0 563.0 251.0 
face 1.0 545.0 244.0 547.0 247.0 
face 1.0 497.0 229.0 499.0 232.0 
face 1.0 517.0 230.0 519.0 234.0 
face 1.0 515.0 248.0 519.0 254.0 
face 1.0 510.0 269.0 512.0 274.0 
face 1.0 500.0 250.0 503.0 255.0 
face 1.0 565.0 222.0 568.0 228.0 
face 1.0 561.0 232.0 564.0 236.0 
face 1.0 522.0 220.0 526.0 224.0 
face 1.0 507.0 211.0 510.0 215.0 
face 1.0 576.0 224.0 578.0 228.0 
face 1.0 588.0 225.0 590.0 230.0 
face 1.0 494.0 262.0 497.0 266.0 
face 1.0 474.0 248.0 477.0 252.0 
face 1.0 422.0 226.0 425.0 230.0 
face 1.0 765.0 237.0 767.0 241.0 
face 1.0 755.0 238.0 758.0 241.0 
face 1.0 729.0 243.0 733.0 248.0 
face 1.0 748.0 249.0 751.0 253.0 
face 1.0 732.0 259.0 735.0 263.0 
face 1.0 791.0 249.0 794.0 253.0 
face 1.0 829.0 253.0 833.0 257.0 
face 1.0 843.0 255.0 847.0 260.0 
face 1.0 835.0 268.0 839.0 274.0 
face 1.0 818.0 277.0 822.0 282.0 
face 1.0 822.0 266.0 825.0 271.0 
face 1.0 798.0 263.0 801.0 269.0 
face 1.0 785.0 263.0 789.0 268.0 
face 1.0 774.0 265.0 778.0 270.0 
face 1.0 782.0 273.0 785.0 278.0 
face 1.0 773.0 275.0 777.0 280.0 
face 1.0 756.0 272.0 759.0 277.0 
face 1.0 738.0 281.0 743.0 286.0 
face 1.0 750.0 285.0 753.0 290.0 
face 1.0 789.0 274.0 792.0 279.0 
face 1.0 807.0 274.0 812.0 279.0 
face 1.0 837.0 280.0 841.0 284.0 
face 1.0 845.0 295.0 849.0 300.0 
face 1.0 831.0 291.0 835.0 296.0 
face 1.0 795.0 286.0 801.0 293.0 
face 1.0 741.0 294.0 745.0 299.0 
face 1.0 730.0 301.0 734.0 307.0 
face 1.0 749.0 306.0 752.0 312.0 
face 1.0 774.0 298.0 778.0 303.0 
face 1.0 775.0 289.0 778.0 294.0 
face 1.0 792.0 299.0 795.0 303.0 
face 1.0 805.0 300.0 809.0 305.0 
face 1.0 816.0 296.0 821.0 303.0 
face 1.0 831.0 306.0 835.0 311.0 
face 1.0 814.0 315.0 820.0 324.0 
face 1.0 797.0 313.0 801.0 319.0 
face 1.0 801.0 327.0 804.0 333.0 
face 1.0 811.0 328.0 816.0 335.0 
face 1.0 844.0 318.0 848.0 323.0 
face 1.0 775.0 309.0 778.0 313.0 
face 1.0 763.0 305.0 768.0 313.0 
face 1.0 735.0 318.0 739.0 323.0 
face 1.0 743.0 319.0 747.0 325.0 
face 1.0 756.0 321.0 760.0 326.0 
face 1.0 751.0 335.0 755.0 340.0 
face 1.0 781.0 337.0 784.0 342.0 
face 1.0 785.0 321.0 788.0 329.0 
face 1.0 774.0 324.0 777.0 330.0 
face 1.0 795.0 340.0 798.0 344.0 
face 1.0 768.0 337.0 772.0 342.0 
face 1.0 731.0 307.0 735.0 312.0 
face 1.0 722.0 304.0 726.0 309.0 
face 1.0 710.0 301.0 715.0 306.0 
face 1.0 719.0 296.0 723.0 302.0 
face 1.0 720.0 319.0 723.0 323.0 
face 1.0 705.0 342.0 709.0 347.0 
face 1.0 713.0 341.0 718.0 348.0 
face 1.0 725.0 350.0 729.0 354.0 
face 1.0 751.0 351.0 755.0 356.0 
face 1.0 754.0 352.0 758.0 359.0 
face 1.0 766.0 361.0 771.0 368.0 
face 1.0 721.0 333.0 725.0 338.0 
face 1.0 638.0 260.0 641.0 264.0 
face 1.0 644.0 258.0 649.0 263.0 
face 1.0 608.0 257.0 610.0 261.0 
face 1.0 601.0 275.0 604.0 280.0 
face 1.0 628.0 261.0 632.0 265.0 
face 1.0 603.0 248.0 607.0 254.0 
face 1.0 655.0 216.0 659.0 223.0 
face 1.0 634.0 236.0 637.0 241.0 
face 1.0 671.0 246.0 674.0 251.0 
face 1.0 688.0 242.0 691.0 247.0 
face 1.0 696.0 240.0 699.0 245.0 
face 1.0 707.0 242.0 710.0 247.0 
face 1.0 357.0 278.0 362.0 285.0 
face 1.0 333.0 290.0 336.0 294.0 
face 1.0 310.0 261.0 314.0 266.0 
face 1.0 358.0 262.0 362.0 268.0 
face 1.0 364.0 235.0 368.0 241.0 
face 1.0 350.0 243.0 355.0 249.0 
face 1.0 502.0 310.0 506.0 315.0 
face 1.0 523.0 312.0 527.0 318.0 
face 1.0 531.0 302.0 534.0 306.0 
face 1.0 561.0 321.0 565.0 326.0 
face 1.0 570.0 319.0 574.0 324.0 
face 1.0 567.0 285.0 570.0 290.0 
face 1.0 558.0 307.0 561.0 312.0 
face 1.0 853.0 256.0 857.0 261.0 
face 1.0 792.0 219.0 795.0 222.0 
face 1.0 782.0 221.0 785.0 225.0 
face 1.0 819.0 228.0 824.0 232.0 
face 1.0 832.0 229.0 836.0 233.0 
face 1.0 846.0 212.0 849.0 215.0 
face 1.0 621.0 241.0 624.0 247.0 
face 1.0 620.0 260.0 623.0 265.0 
face 1.0 645.0 250.0 648.0 254.0 
face 1.0 650.0 228.0 653.0 232.0 
face 1.0 585.0 207.0 589.0 214.0 
face 1.0 665.0 210.0 669.0 215.0 
face 1.0 577.0 207.0 581.0 211.0 
face 1.0 596.0 207.0 599.0 211.0 
face 1.0 609.0 216.0 611.0 220.0 
face 1.0 588.0 198.0 590.0 202.0 
face 1.0 629.0 199.0 632.0 203.0 
face 1.0 609.0 190.0 612.0 194.0 
face 1.0 626.0 190.0 630.0 196.0 
face 1.0 607.0 197.0 611.0 203.0 
face 1.0 599.0 219.0 603.0 224.0 
face 1.0 765.0 285.0 769.0 291.0 
face 1.0 797.0 365.0 802.0 371.0 
face 1.0 799.0 354.0 803.0 360.0 
face 1.0 789.0 354.0 793.0 361.0 
face 1.0 812.0 337.0 817.0 344.0 
face 1.0 827.0 342.0 832.0 349.0 
face 1.0 786.0 364.0 790.0 370.0 
face 1.0 810.0 372.0 815.0 377.0 
face 1.0 831.0 367.0 838.0 375.0 
face 1.0 814.0 359.0 818.0 365.0 
face 1.0 957.0 238.0 962.0 245.0 
face 1.0 947.0 232.0 949.0 236.0 
face 1.0 934.0 224.0 938.0 229.0 
face 1.0 918.0 226.0 922.0 231.0 
face 1.0 908.0 245.0 911.0 251.0 
face 1.0 906.0 233.0 910.0 242.0 
face 1.0 930.0 244.0 936.0 250.0 
face 1.0 916.0 247.0 922.0 255.0 
face 1.0 945.0 249.0 949.0 255.0 
face 1.0 933.0 276.0 940.0 283.0 
face 1.0 919.0 273.0 924.0 281.0 
face 1.0 903.0 273.0 907.0 278.0 
face 1.0 924.0 286.0 930.0 293.0 
face 1.0 886.0 246.0 890.0 250.0 
face 1.0 881.0 257.0 884.0 262.0 
face 1.0 922.0 262.0 926.0 267.0 
face 1.0 934.0 263.0 938.0 268.0 
face 1.0 949.0 265.0 952.0 271.0 
face 1.0 959.0 258.0 966.0 264.0 
face 1.0 957.0 317.0 962.0 325.0 
face 1.0 941.0 327.0 946.0 333.0 
face 1.0 926.0 342.0 930.0 348.0 
face 1.0 918.0 355.0 923.0 360.0 
face 1.0 905.0 357.0 910.0 365.0 
face 1.0 891.0 353.0 897.0 361.0 
face 1.0 903.0 259.0 909.0 265.0 
face 1.0 896.0 259.0 899.0 264.0 
face 1.0 894.0 224.0 898.0 228.0 
face 1.0 864.0 236.0 867.0 240.0 
face 1.0 868.0 257.0 872.0 262.0 
face 1.0 847.0 269.0 851.0 274.0 
face 1.0 862.0 269.0 866.0 275.0 
face 1.0 877.0 271.0 881.0 276.0 
face 1.0 889.0 274.0 892.0 279.0 
face 1.0 904.0 298.0 908.0 304.0 
face 1.0 898.0 287.0 903.0 294.0 
face 1.0 871.0 283.0 875.0 288.0 
face 1.0 889.0 286.0 893.0 292.0 
face 1.0 860.0 283.0 864.0 289.0 
face 1.0 886.0 297.0 891.0 303.0 
face 1.0 890.0 309.0 895.0 316.0 
face 1.0 869.0 306.0 874.0 312.0 
face 1.0 859.0 321.0 863.0 327.0 
face 1.0 877.0 323.0 881.0 330.0 
face 1.0 889.0 325.0 892.0 329.0 
face 1.0 914.0 303.0 919.0 308.0 
face 1.0 854.0 339.0 858.0 343.0 
face 1.0 845.0 347.0 850.0 352.0 
face 1.0 860.0 304.0 865.0 310.0 
face 1.0 844.0 303.0 850.0 313.0 
face 1.0 908.0 380.0 914.0 388.0 
face 1.0 896.0 377.0 901.0 384.0 
face 1.0 863.0 338.0 868.0 344.0 
face 1.0 886.0 366.0 890.0 374.0 
face 1.0 876.0 364.0 880.0 370.0 
face 1.0 843.0 371.0 850.0 379.0 
face 1.0 841.0 364.0 847.0 375.0 
face 1.0 861.0 373.0 867.0 380.0 
face 1.0 856.0 362.0 862.0 368.0 
face 1.0 976.0 241.0 980.0 246.0 
face 1.0 965.0 252.0 969.0 257.0 
face 1.0 1000.0 230.0 1007.0 237.0 
face 1.0 997.0 242.0 1004.0 251.0 
face 1.0 1009.0 286.0 1014.0 292.0 
face 1.0 967.0 307.0 970.0 312.0 
face 1.0 1013.0 296.0 1019.0 304.0 
face 1.0 859.0 291.0 863.0 300.0 
face 1.0 830.0 318.0 834.0 324.0 
face 1.0 973.0 253.0 980.0 261.0 
face 1.0 1017.0 312.0 1022.0 319.0 
face 1.0 1009.0 304.0 1016.0 311.0 
face 1.0 1008.0 336.0 1014.0 345.0 
face 1.0 1006.0 324.0 1009.0 329.0 
face 1.0 988.0 338.0 993.0 344.0 
face 1.0 991.0 359.0 996.0 364.0 
face 1.0 1006.0 358.0 1010.0 364.0 
face 1.0 972.0 338.0 977.0 344.0 
face 1.0 958.0 346.0 962.0 353.0 
face 1.0 987.0 368.0 991.0 374.0 
face 1.0 945.0 346.0 950.0 353.0 
face 1.0 937.0 351.0 939.0 355.0 
face 1.0 936.0 368.0 940.0 372.0 
face 1.0 996.0 339.0 1002.0 346.0 
face 1.0 875.0 376.0 880.0 383.0 
face 1.0 936.0 378.0 943.0 386.0 
face 1.0 957.0 389.0 965.0 400.0 
face 1.0 1007.0 393.0 1014.0 404.0 
face 1.0 988.0 243.0 991.0 248.0 
face 1.0 1014.0 218.0 1019.0 225.0 
face 1.0 1011.0 208.0 1016.0 214.0 
face 1.0 995.0 207.0 999.0 214.0 
face 1.0 985.0 220.0 988.0 225.0 
face 1.0 970.0 219.0 974.0 225.0 
face 1.0 956.0 204.0 960.0 209.0 
face 1.0 945.0 205.0 949.0 209.0 
face 1.0 969.0 197.0 972.0 202.0 
face 1.0 932.0 214.0 936.0 219.0 
face 1.0 971.0 370.0 976.0 375.0 
face 1.0 992.0 405.0 998.0 412.0 
face 1.0 847.0 235.0 850.0 239.0 
face 1.0 892.0 235.0 896.0 240.0 
face 1.0 875.0 241.0 879.0 245.0 
face 1.0 906.0 215.0 909.0 219.0 
face 1.0 897.0 215.0 901.0 220.0 
face 1.0 883.0 211.0 887.0 216.0 
face 1.0 868.0 212.0 872.0 216.0 
face 1.0 908.0 203.0 911.0 208.0 
face 1.0 895.0 201.0 899.0 208.0 
face 1.0 894.0 193.0 898.0 198.0 
face 1.0 882.0 221.0 886.0 226.0 
face 1.0 922.0 215.0 926.0 220.0 
face 1.0 904.0 191.0 908.0 196.0 
face 1.0 905.0 226.0 909.0 232.0 
face 1.0 966.0 205.0 971.0 210.0 
face 1.0 980.0 185.0 983.0 189.0 
face 1.0 967.0 185.0 970.0 188.0 
face 1.0 995.0 187.0 999.0 191.0 
face 1.0 955.0 185.0 959.0 190.0 
face 1.0 944.0 181.0 948.0 186.0 
face 1.0 966.0 175.0 970.0 180.0 
face 1.0 976.0 176.0 980.0 180.0 
face 1.0 998.0 178.0 1000.0 181.0 
face 1.0 943.0 195.0 946.0 199.0 
face 1.0 906.0 166.0 910.0 171.0 
face 1.0 916.0 192.0 920.0 198.0 
face 1.0 894.0 170.0 898.0 176.0 
face 1.0 894.0 181.0 897.0 187.0 
face 1.0 918.0 174.0 921.0 178.0 
face 1.0 932.0 185.0 936.0 189.0 
face 1.0 928.0 173.0 930.0 178.0 
face 1.0 955.0 165.0 959.0 169.0 
face 1.0 940.0 162.0 944.0 167.0 
face 1.0 930.0 165.0 933.0 169.0 
face 1.0 915.0 154.0 919.0 160.0 
face 1.0 440.0 220.0 443.0 225.0 
face 1.0 429.0 216.0 433.0 222.0 
face 1.0 421.0 215.0 426.0 220.0 
face 1.0 437.0 198.0 441.0 204.0 
face 1.0 456.0 196.0 459.0 199.0 
face 1.0 883.0 201.0 886.0 208.0 
face 1.0 875.0 195.0 879.0 201.0 
face 1.0 868.0 198.0 872.0 204.0 
face 1.0 842.0 187.0 846.0 193.0 
face 1.0 854.0 212.0 858.0 219.0 
face 1.0 859.0 196.0 864.0 204.0 
face 1.0 829.0 190.0 834.0 197.0 
face 1.0 851.0 168.0 855.0 173.0 
face 1.0 846.0 167.0 850.0 173.0 
face 1.0 712.0 256.0 716.0 261.0 
face 1.0 697.0 255.0 700.0 259.0 
face 1.0 759.0 224.0 763.0 230.0 
face 1.0 735.0 222.0 740.0 227.0 
face 1.0 746.0 223.0 750.0 227.0 
face 1.0 736.0 235.0 739.0 238.0 
face 1.0 729.0 236.0 733.0 239.0 
face 1.0 717.0 227.0 722.0 235.0 
face 1.0 683.0 211.0 687.0 215.0 
face 1.0 676.0 208.0 682.0 214.0 
face 1.0 664.0 220.0 667.0 223.0 
face 1.0 687.0 230.0 690.0 235.0 
face 1.0 696.0 223.0 699.0 226.0 
face 1.0 702.0 213.0 705.0 217.0 
face 1.0 696.0 202.0 699.0 207.0 
face 1.0 688.0 201.0 690.0 205.0 
face 1.0 754.0 196.0 758.0 200.0 
face 1.0 717.0 214.0 720.0 221.0 
face 1.0 724.0 215.0 727.0 221.0 
face 1.0 736.0 215.0 739.0 220.0 
face 1.0 765.0 225.0 769.0 231.0 
face 1.0 760.0 207.0 763.0 211.0 
face 1.0 745.0 195.0 748.0 201.0 
face 1.0 705.0 194.0 708.0 200.0 
face 1.0 711.0 192.0 715.0 196.0 
face 1.0 830.0 221.0 834.0 226.0 
face 1.0 819.0 199.0 822.0 204.0 
face 1.0 810.0 198.0 813.0 203.0 
face 1.0 792.0 208.0 795.0 213.0 
face 1.0 794.0 188.0 797.0 192.0 
face 1.0 794.0 199.0 797.0 202.0 
face 1.0 488.0 205.0 490.0 209.0 
face 1.0 519.0 211.0 522.0 215.0 
face 1.0 508.0 231.0 510.0 235.0 
face 1.0 982.0 206.0 987.0 212.0 
face 1.0 988.0 167.0 992.0 173.0 
face 1.0 1000.0 142.0 1004.0 147.0 
face 1.0 973.0 135.0 976.0 139.0 
face 1.0 988.0 155.0 992.0 162.0 
face 1.0 952.0 134.0 955.0 139.0 
face 1.0 938.0 136.0 942.0 140.0 
face 1.0 992.0 184.0 994.0 188.0 
face 1.0 1003.0 186.0 1008.0 196.0 
face 1.0 1009.0 158.0 1014.0 163.0 
face 1.0 1007.0 143.0 1011.0 151.0 
