face 1.0 888.0 164.0 916.0 198.0 
face 1.0 926.0 117.0 946.0 144.0 
face 1.0 961.0 52.0 988.0 93.0 
face 1.0 744.0 86.0 774.0 120.0 
face 1.0 367.0 22.0 411.0 68.0 
face 1.0 526.0 36.0 555.0 67.0 
face 1.0 248.0 60.0 275.0 89.0 
face 1.0 309.0 55.0 337.0 94.0 
face 1.0 225.0 133.0 256.0 168.0 
face 1.0 184.0 51.0 207.0 79.0 
face 1.0 52.0 65.0 80.0 102.0 
face 1.0 159.0 65.0 186.0 101.0 
face 1.0 349.0 240.0 384.0 287.0 
face 1.0 278.0 262.0 313.0 305.0 
face 1.0 210.0 250.0 242.0 297.0 
face 1.0 443.0 35.0 471.0 74.0 
