face 1.0 1012.0 399.0 1023.0 412.0 
face 1.0 210.0 275.0 225.0 302.0 
face 1.0 55.0 404.0 64.0 414.0 
face 1.0 114.0 410.0 124.0 419.0 
face 1.0 152.0 404.0 161.0 416.0 
face 1.0 303.0 406.0 312.0 415.0 
face 1.0 461.0 395.0 476.0 411.0 
face 1.0 505.0 387.0 516.0 398.0 
face 1.0 359.0 401.0 366.0 411.0 
face 1.0 432.0 403.0 439.0 413.0 
face 1.0 538.0 404.0 546.0 414.0 
face 1.0 583.0 385.0 598.0 402.0 
face 1.0 737.0 401.0 745.0 409.0 
face 1.0 775.0 405.0 783.0 414.0 
face 1.0 780.0 391.0 789.0 400.0 
face 1.0 711.0 400.0 720.0 410.0 
face 1.0 971.0 387.0 983.0 405.0 
face 1.0 557.0 399.0 571.0 416.0 
face 1.0 617.0 426.0 626.0 437.0 
face 1.0 253.0 405.0 257.0 412.0 
face 1.0 135.0 416.0 145.0 428.0 
face 1.0 344.0 397.0 352.0 405.0 
face 1.0 290.0 435.0 299.0 446.0 
face 1.0 389.0 431.0 395.0 439.0 
