face 1.0 437.0 192.0 488.0 256.0 
face 1.0 284.0 257.0 333.0 313.0 
face 1.0 990.0 1.0 1024.0 79.0 
face 1.0 801.0 408.0 822.0 436.0 
face 1.0 770.0 409.0 793.0 435.0 
face 1.0 704.0 310.0 726.0 340.0 
face 1.0 650.0 407.0 669.0 431.0 
face 1.0 605.0 414.0 621.0 435.0 
face 1.0 566.0 415.0 584.0 437.0 
face 1.0 634.0 379.0 647.0 395.0 
face 1.0 787.0 382.0 803.0 402.0 
face 1.0 785.0 329.0 799.0 350.0 
face 1.0 740.0 329.0 753.0 346.0 
face 1.0 647.0 321.0 663.0 339.0 
face 1.0 755.0 276.0 768.0 294.0 
face 1.0 803.0 275.0 813.0 288.0 
face 1.0 741.0 272.0 752.0 286.0 
face 1.0 734.0 304.0 749.0 321.0 
face 1.0 583.0 408.0 594.0 422.0 
face 1.0 620.0 401.0 633.0 417.0 
face 1.0 387.0 421.0 402.0 442.0 
face 1.0 381.0 405.0 397.0 421.0 
face 1.0 111.0 371.0 126.0 390.0 
face 1.0 32.0 375.0 45.0 393.0 
face 1.0 51.0 368.0 64.0 386.0 
face 1.0 77.0 403.0 87.0 417.0 
face 1.0 107.0 298.0 120.0 316.0 
face 1.0 88.0 317.0 103.0 334.0 
face 1.0 10.0 289.0 24.0 307.0 
face 1.0 32.0 288.0 42.0 302.0 
face 1.0 43.0 264.0 54.0 275.0 
face 1.0 154.0 305.0 165.0 321.0 
face 1.0 207.0 295.0 219.0 313.0 
face 1.0 210.0 404.0 225.0 423.0 
face 1.0 11.0 389.0 28.0 406.0 
face 1.0 47.0 221.0 61.0 238.0 
face 1.0 29.0 207.0 42.0 223.0 
face 1.0 78.0 207.0 88.0 223.0 
face 1.0 104.0 226.0 113.0 239.0 
face 1.0 114.0 212.0 127.0 228.0 
face 1.0 142.0 230.0 155.0 246.0 
face 1.0 172.0 229.0 184.0 242.0 
face 1.0 185.0 250.0 196.0 264.0 
face 1.0 171.0 271.0 183.0 287.0 
face 1.0 139.0 267.0 151.0 284.0 
face 1.0 206.0 264.0 215.0 275.0 
face 1.0 240.0 241.0 252.0 257.0 
face 1.0 252.0 228.0 261.0 242.0 
face 1.0 249.0 188.0 259.0 202.0 
face 1.0 197.0 184.0 207.0 198.0 
face 1.0 154.0 203.0 167.0 219.0 
face 1.0 294.0 194.0 306.0 210.0 
face 1.0 342.0 222.0 355.0 240.0 
face 1.0 87.0 179.0 100.0 193.0 
face 1.0 48.0 177.0 61.0 192.0 
face 1.0 36.0 321.0 50.0 339.0 
face 1.0 104.0 151.0 114.0 165.0 
face 1.0 115.0 166.0 125.0 179.0 
face 1.0 158.0 170.0 169.0 181.0 
face 1.0 193.0 158.0 204.0 173.0 
face 1.0 220.0 148.0 231.0 163.0 
face 1.0 252.0 169.0 263.0 183.0 
face 1.0 260.0 142.0 271.0 158.0 
face 1.0 239.0 121.0 252.0 136.0 
face 1.0 235.0 104.0 248.0 118.0 
face 1.0 237.0 84.0 250.0 97.0 
face 1.0 201.0 96.0 214.0 108.0 
face 1.0 192.0 121.0 205.0 135.0 
face 1.0 153.0 109.0 163.0 122.0 
face 1.0 166.0 99.0 179.0 113.0 
face 1.0 123.0 107.0 135.0 120.0 
face 1.0 108.0 127.0 121.0 141.0 
face 1.0 130.0 73.0 142.0 86.0 
face 1.0 39.0 160.0 51.0 174.0 
face 1.0 63.0 135.0 73.0 149.0 
face 1.0 34.0 138.0 45.0 151.0 
face 1.0 29.0 118.0 41.0 131.0 
face 1.0 44.0 94.0 55.0 109.0 
face 1.0 52.0 71.0 62.0 85.0 
face 1.0 89.0 74.0 102.0 90.0 
face 1.0 100.0 34.0 111.0 47.0 
face 1.0 57.0 41.0 68.0 55.0 
face 1.0 5.0 82.0 16.0 96.0 
face 1.0 14.0 62.0 25.0 76.0 
face 1.0 28.0 22.0 40.0 36.0 
face 1.0 141.0 47.0 150.0 61.0 
face 1.0 198.0 53.0 208.0 66.0 
face 1.0 161.0 44.0 172.0 58.0 
face 1.0 266.0 6.0 276.0 20.0 
face 1.0 225.0 23.0 236.0 37.0 
face 1.0 188.0 3.0 196.0 14.0 
face 1.0 244.0 55.0 254.0 69.0 
face 1.0 227.0 66.0 236.0 77.0 
face 1.0 87.0 94.0 98.0 109.0 
face 1.0 64.0 110.0 75.0 124.0 
face 1.0 0.0 142.0 9.0 160.0 
face 1.0 654.0 250.0 665.0 266.0 
face 1.0 706.0 257.0 719.0 271.0 
face 1.0 726.0 234.0 736.0 248.0 
face 1.0 763.0 221.0 776.0 236.0 
face 1.0 688.0 218.0 701.0 234.0 
face 1.0 726.0 214.0 738.0 231.0 
face 1.0 723.0 196.0 734.0 211.0 
face 1.0 642.0 195.0 654.0 212.0 
face 1.0 682.0 194.0 694.0 210.0 
face 1.0 611.0 216.0 623.0 234.0 
face 1.0 646.0 216.0 659.0 231.0 
face 1.0 638.0 234.0 648.0 246.0 
face 1.0 593.0 230.0 603.0 243.0 
face 1.0 605.0 194.0 616.0 208.0 
face 1.0 615.0 174.0 626.0 187.0 
face 1.0 555.0 185.0 567.0 199.0 
face 1.0 513.0 189.0 526.0 203.0 
face 1.0 516.0 175.0 529.0 190.0 
face 1.0 437.0 155.0 450.0 169.0 
face 1.0 411.0 192.0 422.0 207.0 
face 1.0 396.0 212.0 407.0 227.0 
face 1.0 420.0 222.0 432.0 237.0 
face 1.0 400.0 155.0 413.0 169.0 
face 1.0 392.0 136.0 404.0 149.0 
face 1.0 437.0 137.0 448.0 151.0 
face 1.0 496.0 120.0 509.0 134.0 
face 1.0 466.0 115.0 477.0 129.0 
face 1.0 499.0 96.0 509.0 109.0 
face 1.0 538.0 124.0 547.0 137.0 
face 1.0 570.0 122.0 580.0 135.0 
face 1.0 629.0 149.0 643.0 165.0 
face 1.0 568.0 174.0 581.0 187.0 
face 1.0 673.0 152.0 687.0 169.0 
face 1.0 662.0 139.0 676.0 156.0 
face 1.0 699.0 134.0 712.0 150.0 
face 1.0 634.0 122.0 645.0 135.0 
face 1.0 601.0 145.0 613.0 161.0 
face 1.0 733.0 142.0 746.0 156.0 
face 1.0 684.0 100.0 696.0 114.0 
face 1.0 755.0 120.0 765.0 133.0 
face 1.0 778.0 113.0 790.0 128.0 
face 1.0 800.0 95.0 813.0 111.0 
face 1.0 726.0 96.0 737.0 109.0 
face 1.0 769.0 135.0 782.0 150.0 
face 1.0 842.0 109.0 854.0 124.0 
face 1.0 798.0 211.0 811.0 225.0 
face 1.0 813.0 235.0 826.0 251.0 
face 1.0 779.0 231.0 790.0 247.0 
face 1.0 750.0 36.0 760.0 48.0 
face 1.0 782.0 28.0 795.0 43.0 
face 1.0 631.0 38.0 643.0 51.0 
face 1.0 590.0 14.0 599.0 27.0 
face 1.0 536.0 35.0 548.0 48.0 
face 1.0 617.0 6.0 629.0 20.0 
face 1.0 403.0 121.0 415.0 137.0 
face 1.0 426.0 121.0 437.0 137.0 
face 1.0 397.0 100.0 409.0 116.0 
face 1.0 605.0 125.0 616.0 139.0 
face 1.0 366.0 21.0 375.0 32.0 
face 1.0 380.0 7.0 388.0 18.0 
