face 1.0 617.0 71.0 628.0 86.0 
face 1.0 657.0 71.0 665.0 83.0 
face 1.0 370.0 78.0 377.0 90.0 
face 1.0 323.0 99.0 334.0 114.0 
face 1.0 352.0 104.0 365.0 118.0 
face 1.0 388.0 113.0 397.0 123.0 
face 1.0 393.0 82.0 404.0 91.0 
face 1.0 423.0 89.0 432.0 100.0 
face 1.0 445.0 83.0 454.0 95.0 
face 1.0 491.0 86.0 502.0 101.0 
face 1.0 520.0 90.0 531.0 107.0 
face 1.0 551.0 91.0 563.0 106.0 
face 1.0 575.0 94.0 587.0 109.0 
face 1.0 624.0 103.0 635.0 117.0 
face 1.0 653.0 104.0 665.0 120.0 
face 1.0 581.0 133.0 590.0 146.0 
face 1.0 548.0 131.0 558.0 144.0 
face 1.0 517.0 131.0 525.0 144.0 
face 1.0 479.0 117.0 490.0 131.0 
face 1.0 452.0 115.0 461.0 131.0 
face 1.0 411.0 109.0 423.0 123.0 
face 1.0 343.0 140.0 354.0 152.0 
face 1.0 341.0 170.0 353.0 193.0 
face 1.0 382.0 141.0 390.0 155.0 
face 1.0 411.0 143.0 420.0 155.0 
face 1.0 437.0 146.0 446.0 158.0 
face 1.0 475.0 145.0 486.0 157.0 
face 1.0 557.0 163.0 567.0 175.0 
face 1.0 392.0 189.0 404.0 204.0 
face 1.0 421.0 175.0 431.0 189.0 
face 1.0 447.0 181.0 458.0 195.0 
face 1.0 421.0 202.0 432.0 216.0 
face 1.0 449.0 202.0 459.0 217.0 
face 1.0 469.0 223.0 480.0 235.0 
face 1.0 491.0 188.0 499.0 202.0 
face 1.0 514.0 190.0 525.0 205.0 
face 1.0 524.0 210.0 535.0 222.0 
face 1.0 550.0 194.0 562.0 209.0 
face 1.0 582.0 193.0 591.0 208.0 
face 1.0 590.0 216.0 604.0 233.0 
face 1.0 552.0 216.0 567.0 230.0 
face 1.0 632.0 201.0 641.0 216.0 
face 1.0 660.0 169.0 672.0 184.0 
face 1.0 653.0 201.0 665.0 218.0 
face 1.0 665.0 226.0 677.0 242.0 
face 1.0 595.0 15.0 603.0 29.0 
face 1.0 677.0 27.0 685.0 37.0 
face 1.0 698.0 19.0 711.0 37.0 
face 1.0 742.0 18.0 751.0 33.0 
face 1.0 707.0 57.0 716.0 73.0 
face 1.0 684.0 78.0 692.0 93.0 
face 1.0 699.0 174.0 710.0 189.0 
face 1.0 803.0 85.0 814.0 103.0 
face 1.0 767.0 112.0 778.0 128.0 
face 1.0 771.0 144.0 784.0 165.0 
face 1.0 808.0 151.0 818.0 169.0 
face 1.0 804.0 203.0 813.0 218.0 
face 1.0 766.0 209.0 778.0 223.0 
face 1.0 723.0 185.0 733.0 198.0 
face 1.0 206.0 255.0 221.0 276.0 
face 1.0 317.0 317.0 333.0 339.0 
face 1.0 549.0 305.0 562.0 324.0 
face 1.0 624.0 317.0 639.0 336.0 
face 1.0 672.0 368.0 688.0 390.0 
face 1.0 62.0 17.0 71.0 26.0 
face 1.0 84.0 20.0 92.0 29.0 
face 1.0 20.0 38.0 29.0 48.0 
face 1.0 50.0 41.0 59.0 52.0 
face 1.0 78.0 44.0 85.0 54.0 
face 1.0 34.0 66.0 45.0 79.0 
face 1.0 61.0 70.0 70.0 81.0 
face 1.0 20.0 95.0 29.0 105.0 
face 1.0 20.0 124.0 30.0 136.0 
face 1.0 56.0 100.0 64.0 112.0 
face 1.0 872.0 197.0 882.0 215.0 
face 1.0 881.0 174.0 891.0 188.0 
face 1.0 872.0 126.0 882.0 147.0 
face 1.0 831.0 96.0 839.0 110.0 
face 1.0 822.0 64.0 832.0 78.0 
face 1.0 894.0 78.0 902.0 91.0 
face 1.0 911.0 99.0 920.0 112.0 
face 1.0 937.0 70.0 947.0 86.0 
face 1.0 930.0 41.0 941.0 52.0 
face 1.0 928.0 11.0 937.0 22.0 
face 1.0 952.0 18.0 962.0 29.0 
face 1.0 969.0 38.0 979.0 54.0 
face 1.0 976.0 79.0 987.0 95.0 
face 1.0 985.0 107.0 996.0 126.0 
face 1.0 937.0 109.0 951.0 130.0 
face 1.0 944.0 139.0 955.0 156.0 
face 1.0 986.0 142.0 1000.0 157.0 
face 1.0 966.0 226.0 979.0 239.0 
face 1.0 952.0 274.0 970.0 293.0 
face 1.0 99.0 45.0 108.0 57.0 
face 1.0 116.0 23.0 125.0 34.0 
face 1.0 129.0 55.0 137.0 65.0 
face 1.0 119.0 73.0 128.0 83.0 
face 1.0 146.0 91.0 155.0 101.0 
face 1.0 99.0 134.0 108.0 149.0 
face 1.0 96.0 153.0 107.0 167.0 
face 1.0 123.0 195.0 131.0 208.0 
face 1.0 138.0 138.0 147.0 153.0 
face 1.0 177.0 112.0 187.0 126.0 
face 1.0 154.0 50.0 163.0 61.0 
face 1.0 147.0 17.0 154.0 30.0 
face 1.0 188.0 32.0 196.0 41.0 
face 1.0 212.0 86.0 220.0 98.0 
face 1.0 204.0 119.0 212.0 130.0 
face 1.0 238.0 91.0 248.0 106.0 
face 1.0 220.0 119.0 229.0 132.0 
face 1.0 206.0 5.0 215.0 16.0 
face 1.0 247.0 62.0 256.0 72.0 
face 1.0 271.0 48.0 279.0 58.0 
face 1.0 270.0 65.0 278.0 77.0 
face 1.0 271.0 98.0 279.0 110.0 
face 1.0 294.0 67.0 304.0 82.0 
face 1.0 296.0 99.0 305.0 112.0 
face 1.0 284.0 131.0 293.0 145.0 
face 1.0 235.0 156.0 246.0 171.0 
face 1.0 185.0 155.0 192.0 167.0 
face 1.0 271.0 166.0 282.0 177.0 
face 1.0 315.0 132.0 324.0 145.0 
face 1.0 310.0 40.0 319.0 54.0 
face 1.0 298.0 11.0 308.0 26.0 
face 1.0 50.0 128.0 59.0 140.0 
face 1.0 29.0 145.0 40.0 159.0 
face 1.0 68.0 149.0 78.0 163.0 
face 1.0 74.0 129.0 84.0 143.0 
face 1.0 82.0 104.0 91.0 117.0 
face 1.0 230.0 4.0 238.0 16.0 
face 1.0 173.0 4.0 181.0 10.0 
face 1.0 352.0 17.0 360.0 29.0 
face 1.0 371.0 16.0 379.0 29.0 
face 1.0 395.0 25.0 403.0 37.0 
face 1.0 436.0 25.0 445.0 37.0 
face 1.0 461.0 25.0 471.0 37.0 
face 1.0 520.0 4.0 527.0 15.0 
face 1.0 552.0 11.0 561.0 24.0 
face 1.0 614.0 12.0 622.0 21.0 
face 1.0 653.0 19.0 661.0 32.0 
face 1.0 333.0 53.0 342.0 63.0 
face 1.0 334.0 70.0 342.0 79.0 
face 1.0 360.0 56.0 367.0 65.0 
face 1.0 391.0 51.0 402.0 63.0 
face 1.0 427.0 51.0 435.0 65.0 
face 1.0 463.0 55.0 471.0 67.0 
face 1.0 486.0 54.0 495.0 68.0 
face 1.0 500.0 36.0 508.0 49.0 
face 1.0 515.0 33.0 526.0 45.0 
face 1.0 542.0 48.0 551.0 59.0 
face 1.0 578.0 42.0 586.0 55.0 
face 1.0 649.0 44.0 659.0 56.0 
face 1.0 519.0 65.0 527.0 79.0 
face 1.0 542.0 69.0 552.0 81.0 
face 1.0 582.0 64.0 593.0 79.0 
face 1.0 241.0 125.0 252.0 140.0 
face 1.0 475.0 3.0 484.0 15.0 
face 1.0 484.0 1.0 494.0 13.0 
face 1.0 675.0 47.0 685.0 59.0 
face 1.0 602.0 233.0 614.0 245.0 
face 1.0 893.0 45.0 902.0 55.0 
face 1.0 770.0 186.0 780.0 198.0 
face 1.0 726.0 144.0 737.0 160.0 
face 1.0 615.0 132.0 627.0 146.0 
face 1.0 926.0 168.0 938.0 184.0 
face 1.0 960.0 190.0 971.0 203.0 
face 1.0 939.0 210.0 949.0 226.0 
face 1.0 690.0 240.0 703.0 254.0 
face 1.0 4.0 19.0 13.0 29.0 
face 1.0 5.0 72.0 16.0 83.0 
face 1.0 995.0 22.0 1006.0 34.0 
