face 1.0 41.0 199.0 116.0 316.0 
face 1.0 419.0 58.0 547.0 244.0 
face 1.0 619.0 450.0 643.0 485.0 
face 1.0 609.0 518.0 645.0 574.0 
face 1.0 691.0 547.0 739.0 587.0 
face 1.0 931.0 443.0 964.0 482.0 
face 1.0 851.0 386.0 877.0 421.0 
face 1.0 892.0 381.0 919.0 412.0 
face 1.0 949.0 373.0 975.0 406.0 
face 1.0 992.0 483.0 1024.0 565.0 
face 1.0 743.0 481.0 770.0 523.0 
face 1.0 947.0 489.0 988.0 558.0 
face 1.0 667.0 446.0 697.0 483.0 
face 1.0 858.0 354.0 878.0 379.0 
face 1.0 818.0 410.0 840.0 434.0 
face 1.0 748.0 379.0 766.0 401.0 
face 1.0 788.0 348.0 803.0 373.0 
face 1.0 734.0 350.0 753.0 376.0 
face 1.0 712.0 360.0 727.0 383.0 
face 1.0 853.0 301.0 874.0 331.0 
face 1.0 816.0 336.0 842.0 366.0 
face 1.0 1007.0 343.0 1023.0 372.0 
face 1.0 1010.0 383.0 1024.0 409.0 
face 1.0 1011.0 431.0 1024.0 471.0 
face 1.0 727.0 232.0 747.0 257.0 
face 1.0 838.0 217.0 858.0 244.0 
face 1.0 845.0 135.0 862.0 157.0 
face 1.0 917.0 122.0 934.0 145.0 
face 1.0 881.0 92.0 896.0 112.0 
face 1.0 818.0 93.0 833.0 114.0 
face 1.0 786.0 162.0 800.0 185.0 
face 1.0 690.0 200.0 709.0 227.0 
face 1.0 615.0 110.0 631.0 130.0 
face 1.0 311.0 166.0 326.0 183.0 
face 1.0 263.0 170.0 276.0 188.0 
face 1.0 231.0 119.0 247.0 139.0 
face 1.0 291.0 123.0 305.0 141.0 
face 1.0 336.0 125.0 351.0 143.0 
face 1.0 202.0 329.0 218.0 351.0 
face 1.0 165.0 288.0 181.0 312.0 
face 1.0 94.0 161.0 115.0 178.0 
face 1.0 229.0 358.0 248.0 383.0 
face 1.0 682.0 509.0 719.0 558.0 
face 1.0 320.0 66.0 334.0 86.0 
face 1.0 221.0 70.0 235.0 87.0 
face 1.0 273.0 71.0 285.0 87.0 
face 1.0 167.0 72.0 181.0 87.0 
face 1.0 780.0 226.0 798.0 247.0 
face 1.0 741.0 196.0 758.0 219.0 
face 1.0 798.0 187.0 814.0 209.0 
face 1.0 795.0 387.0 817.0 416.0 
face 1.0 775.0 99.0 792.0 117.0 
face 1.0 683.0 81.0 696.0 98.0 
face 1.0 867.0 218.0 884.0 240.0 
face 1.0 957.0 357.0 975.0 377.0 
face 1.0 365.0 88.0 379.0 106.0 
face 1.0 210.0 103.0 223.0 120.0 
face 1.0 320.0 99.0 333.0 114.0 
face 1.0 198.0 45.0 210.0 62.0 
face 1.0 258.0 34.0 270.0 50.0 
face 1.0 293.0 42.0 303.0 56.0 
face 1.0 339.0 31.0 351.0 47.0 
face 1.0 389.0 32.0 400.0 48.0 
face 1.0 146.0 45.0 156.0 58.0 
face 1.0 630.0 82.0 642.0 98.0 
face 1.0 746.0 80.0 757.0 94.0 
face 1.0 746.0 47.0 759.0 63.0 
face 1.0 749.0 12.0 760.0 25.0 
face 1.0 788.0 12.0 801.0 27.0 
face 1.0 675.0 18.0 689.0 34.0 
face 1.0 923.0 362.0 945.0 389.0 
face 1.0 772.0 406.0 789.0 427.0 
face 1.0 982.0 155.0 998.0 178.0 
face 1.0 658.0 254.0 675.0 273.0 
face 1.0 270.0 5.0 285.0 22.0 
face 1.0 297.0 14.0 311.0 31.0 
