face 1.0 62.0 41.0 89.0 75.0 
face 1.0 36.0 117.0 60.0 145.0 
face 1.0 64.0 101.0 102.0 161.0 
face 1.0 111.0 66.0 142.0 104.0 
face 1.0 113.0 111.0 144.0 151.0 
face 1.0 208.0 146.0 247.0 205.0 
face 1.0 228.0 122.0 261.0 165.0 
face 1.0 287.0 136.0 321.0 175.0 
face 1.0 243.0 66.0 279.0 107.0 
face 1.0 305.0 96.0 339.0 137.0 
face 1.0 378.0 69.0 410.0 108.0 
face 1.0 361.0 140.0 396.0 177.0 
face 1.0 393.0 189.0 419.0 227.0 
face 1.0 411.0 146.0 442.0 184.0 
face 1.0 429.0 13.0 459.0 49.0 
face 1.0 480.0 76.0 534.0 156.0 
face 1.0 492.0 0.0 519.0 18.0 
face 1.0 558.0 36.0 582.0 67.0 
face 1.0 595.0 43.0 648.0 115.0 
face 1.0 680.0 125.0 736.0 183.0 
face 1.0 659.0 3.0 686.0 34.0 
face 1.0 683.0 48.0 711.0 87.0 
face 1.0 708.0 80.0 742.0 122.0 
face 1.0 737.0 123.0 774.0 191.0 
face 1.0 760.0 3.0 786.0 35.0 
face 1.0 805.0 44.0 836.0 76.0 
face 1.0 798.0 120.0 850.0 194.0 
face 1.0 841.0 141.0 868.0 186.0 
face 1.0 0.0 175.0 32.0 212.0 
face 1.0 170.0 1.0 201.0 35.0 
face 1.0 282.0 1.0 310.0 31.0 
face 1.0 0.0 0.0 18.0 28.0 
