face 1.0 418.0 299.0 430.0 317.0 
face 1.0 664.0 291.0 674.0 310.0 
face 1.0 677.0 286.0 688.0 302.0 
face 1.0 683.0 296.0 692.0 310.0 
face 1.0 713.0 289.0 725.0 308.0 
face 1.0 702.0 300.0 715.0 318.0 
face 1.0 780.0 290.0 793.0 306.0 
face 1.0 856.0 282.0 871.0 302.0 
face 1.0 118.0 227.0 127.0 236.0 
face 1.0 110.0 237.0 117.0 245.0 
face 1.0 96.0 230.0 103.0 239.0 
face 1.0 70.0 226.0 78.0 235.0 
face 1.0 71.0 240.0 79.0 249.0 
face 1.0 78.0 251.0 87.0 262.0 
face 1.0 65.0 268.0 73.0 277.0 
face 1.0 80.0 281.0 87.0 292.0 
face 1.0 126.0 313.0 135.0 324.0 
face 1.0 95.0 314.0 103.0 323.0 
face 1.0 49.0 252.0 57.0 261.0 
face 1.0 20.0 240.0 28.0 249.0 
face 1.0 36.0 256.0 43.0 264.0 
face 1.0 47.0 282.0 55.0 293.0 
face 1.0 15.0 271.0 23.0 281.0 
face 1.0 11.0 287.0 19.0 296.0 
face 1.0 15.0 299.0 23.0 311.0 
face 1.0 3.0 327.0 12.0 340.0 
face 1.0 24.0 328.0 33.0 339.0 
face 1.0 52.0 333.0 62.0 344.0 
face 1.0 83.0 333.0 92.0 344.0 
face 1.0 110.0 333.0 118.0 344.0 
face 1.0 132.0 330.0 140.0 341.0 
face 1.0 166.0 292.0 178.0 309.0 
