face 1.0 545.0 402.0 633.0 480.0 
face 1.0 217.0 460.0 232.0 481.0 
face 1.0 290.0 451.0 303.0 472.0 
face 1.0 347.0 475.0 362.0 496.0 
face 1.0 361.0 424.0 375.0 441.0 
face 1.0 203.0 432.0 217.0 453.0 
face 1.0 124.0 442.0 138.0 463.0 
face 1.0 48.0 454.0 64.0 472.0 
face 1.0 61.0 408.0 76.0 424.0 
face 1.0 145.0 438.0 157.0 456.0 
face 1.0 184.0 459.0 194.0 475.0 
face 1.0 2.0 448.0 14.0 464.0 
face 1.0 1.0 420.0 10.0 436.0 
face 1.0 705.0 474.0 721.0 498.0 
face 1.0 680.0 438.0 693.0 456.0 
face 1.0 654.0 481.0 668.0 503.0 
face 1.0 781.0 489.0 804.0 505.0 
face 1.0 857.0 484.0 869.0 497.0 
face 1.0 848.0 507.0 862.0 525.0 
face 1.0 894.0 510.0 910.0 532.0 
face 1.0 167.0 633.0 185.0 655.0 
face 1.0 108.0 629.0 125.0 649.0 
face 1.0 135.0 672.0 152.0 695.0 
face 1.0 232.0 637.0 249.0 662.0 
face 1.0 260.0 604.0 277.0 628.0 
face 1.0 287.0 580.0 302.0 600.0 
face 1.0 305.0 630.0 322.0 653.0 
face 1.0 207.0 608.0 222.0 630.0 
face 1.0 220.0 586.0 234.0 607.0 
face 1.0 167.0 568.0 184.0 592.0 
face 1.0 104.0 573.0 119.0 593.0 
face 1.0 44.0 568.0 63.0 590.0 
face 1.0 285.0 672.0 302.0 695.0 
face 1.0 288.0 704.0 305.0 725.0 
face 1.0 243.0 707.0 262.0 727.0 
face 1.0 175.0 706.0 192.0 730.0 
face 1.0 225.0 743.0 245.0 770.0 
face 1.0 286.0 741.0 306.0 764.0 
face 1.0 342.0 758.0 402.0 826.0 
face 1.0 263.0 773.0 283.0 801.0 
face 1.0 288.0 815.0 306.0 841.0 
face 1.0 342.0 737.0 358.0 760.0 
face 1.0 350.0 715.0 366.0 736.0 
face 1.0 180.0 923.0 203.0 959.0 
face 1.0 203.0 968.0 229.0 997.0 
face 1.0 172.0 1116.0 198.0 1151.0 
face 1.0 235.0 1157.0 257.0 1189.0 
face 1.0 250.0 1102.0 275.0 1134.0 
face 1.0 0.0 779.0 97.0 854.0 
face 1.0 522.0 153.0 537.0 174.0 
face 1.0 630.0 160.0 643.0 180.0 
face 1.0 699.0 183.0 712.0 202.0 
face 1.0 606.0 125.0 624.0 145.0 
face 1.0 608.0 63.0 623.0 85.0 
face 1.0 798.0 83.0 813.0 97.0 
face 1.0 767.0 452.0 784.0 468.0 
face 1.0 1004.0 447.0 1018.0 464.0 
face 1.0 710.0 622.0 726.0 644.0 
face 1.0 740.0 599.0 755.0 619.0 
face 1.0 788.0 645.0 803.0 664.0 
face 1.0 818.0 657.0 834.0 678.0 
face 1.0 830.0 630.0 845.0 649.0 
face 1.0 844.0 604.0 857.0 623.0 
face 1.0 874.0 629.0 888.0 650.0 
face 1.0 870.0 659.0 884.0 680.0 
face 1.0 919.0 673.0 933.0 690.0 
face 1.0 942.0 630.0 961.0 652.0 
face 1.0 934.0 603.0 950.0 623.0 
face 1.0 992.0 609.0 1007.0 630.0 
face 1.0 981.0 639.0 995.0 655.0 
face 1.0 988.0 694.0 1004.0 715.0 
face 1.0 934.0 695.0 950.0 717.0 
face 1.0 802.0 726.0 819.0 747.0 
face 1.0 726.0 657.0 742.0 678.0 
face 1.0 690.0 692.0 704.0 713.0 
face 1.0 696.0 717.0 714.0 740.0 
face 1.0 592.0 712.0 611.0 735.0 
face 1.0 588.0 685.0 605.0 708.0 
face 1.0 692.0 752.0 709.0 777.0 
face 1.0 739.0 754.0 756.0 775.0 
face 1.0 793.0 757.0 811.0 776.0 
face 1.0 728.0 812.0 747.0 838.0 
face 1.0 733.0 789.0 750.0 813.0 
face 1.0 676.0 822.0 695.0 847.0 
face 1.0 660.0 856.0 679.0 880.0 
face 1.0 720.0 850.0 742.0 875.0 
face 1.0 770.0 859.0 789.0 881.0 
face 1.0 782.0 817.0 802.0 843.0 
face 1.0 835.0 796.0 851.0 817.0 
face 1.0 861.0 764.0 877.0 784.0 
face 1.0 906.0 816.0 925.0 839.0 
face 1.0 944.0 792.0 962.0 813.0 
face 1.0 935.0 730.0 949.0 750.0 
face 1.0 961.0 739.0 978.0 761.0 
face 1.0 867.0 724.0 887.0 748.0 
face 1.0 997.0 757.0 1015.0 781.0 
face 1.0 951.0 830.0 967.0 851.0 
face 1.0 974.0 844.0 989.0 859.0 
face 1.0 946.0 864.0 963.0 883.0 
face 1.0 971.0 897.0 989.0 921.0 
face 1.0 1008.0 898.0 1024.0 922.0 
face 1.0 1015.0 832.0 1024.0 855.0 
face 1.0 737.0 1058.0 761.0 1093.0 
face 1.0 740.0 991.0 763.0 1023.0 
face 1.0 669.0 986.0 690.0 1016.0 
face 1.0 685.0 959.0 707.0 988.0 
face 1.0 1002.0 1095.0 1024.0 1126.0 
face 1.0 766.0 896.0 784.0 921.0 
face 1.0 721.0 905.0 740.0 924.0 
face 1.0 652.0 798.0 675.0 826.0 
face 1.0 883.0 690.0 898.0 711.0 
face 1.0 701.0 31.0 717.0 54.0 
face 1.0 867.0 91.0 879.0 109.0 
face 1.0 678.0 86.0 691.0 106.0 
face 1.0 832.0 73.0 844.0 90.0 
face 1.0 237.0 478.0 254.0 500.0 
face 1.0 1007.0 1192.0 1024.0 1231.0 
