face 1.0 472.0 174.0 508.0 225.0 
face 1.0 409.0 252.0 452.0 310.0 
face 1.0 57.0 202.0 78.0 229.0 
face 1.0 4.0 318.0 17.0 336.0 
face 1.0 53.0 286.0 59.0 294.0 
face 1.0 35.0 268.0 42.0 278.0 
face 1.0 9.0 268.0 19.0 280.0 
face 1.0 9.0 258.0 17.0 268.0 
face 1.0 8.0 243.0 14.0 252.0 
face 1.0 36.0 235.0 42.0 243.0 
face 1.0 40.0 224.0 46.0 231.0 
face 1.0 6.0 225.0 11.0 233.0 
face 1.0 15.0 211.0 21.0 221.0 
face 1.0 13.0 202.0 19.0 208.0 
face 1.0 23.0 204.0 30.0 213.0 
face 1.0 38.0 196.0 43.0 203.0 
face 1.0 27.0 176.0 32.0 184.0 
face 1.0 2.0 192.0 9.0 200.0 
face 1.0 22.0 192.0 28.0 199.0 
face 1.0 60.0 235.0 67.0 245.0 
face 1.0 81.0 191.0 87.0 198.0 
face 1.0 89.0 198.0 94.0 206.0 
face 1.0 104.0 213.0 109.0 221.0 
face 1.0 111.0 225.0 116.0 231.0 
face 1.0 112.0 234.0 119.0 242.0 
face 1.0 125.0 286.0 132.0 296.0 
face 1.0 138.0 302.0 146.0 314.0 
face 1.0 153.0 309.0 159.0 320.0 
face 1.0 144.0 327.0 154.0 341.0 
face 1.0 108.0 206.0 114.0 213.0 
face 1.0 132.0 190.0 137.0 197.0 
face 1.0 114.0 200.0 122.0 209.0 
face 1.0 127.0 213.0 133.0 220.0 
face 1.0 123.0 225.0 128.0 232.0 
face 1.0 131.0 233.0 136.0 241.0 
face 1.0 150.0 243.0 157.0 252.0 
face 1.0 159.0 228.0 165.0 234.0 
face 1.0 181.0 238.0 187.0 245.0 
face 1.0 164.0 242.0 169.0 249.0 
face 1.0 164.0 253.0 172.0 261.0 
face 1.0 183.0 256.0 189.0 264.0 
face 1.0 121.0 275.0 128.0 282.0 
face 1.0 124.0 253.0 130.0 262.0 
face 1.0 147.0 267.0 153.0 277.0 
face 1.0 154.0 281.0 160.0 289.0 
face 1.0 161.0 280.0 167.0 287.0 
face 1.0 161.0 296.0 168.0 307.0 
face 1.0 171.0 291.0 176.0 298.0 
face 1.0 197.0 223.0 202.0 230.0 
face 1.0 186.0 225.0 191.0 231.0 
face 1.0 197.0 183.0 202.0 192.0 
face 1.0 152.0 181.0 157.0 188.0 
face 1.0 132.0 208.0 137.0 217.0 
face 1.0 144.0 210.0 150.0 216.0 
face 1.0 4.0 151.0 7.0 159.0 
face 1.0 24.0 154.0 28.0 160.0 
face 1.0 56.0 157.0 60.0 165.0 
face 1.0 69.0 170.0 73.0 176.0 
face 1.0 83.0 172.0 86.0 177.0 
face 1.0 109.0 175.0 112.0 181.0 
face 1.0 122.0 166.0 126.0 174.0 
face 1.0 130.0 168.0 134.0 175.0 
face 1.0 113.0 157.0 118.0 164.0 
face 1.0 88.0 140.0 93.0 147.0 
face 1.0 71.0 144.0 76.0 150.0 
face 1.0 61.0 138.0 66.0 144.0 
face 1.0 141.0 172.0 145.0 176.0 
face 1.0 121.0 136.0 123.0 142.0 
face 1.0 208.0 232.0 213.0 238.0 
face 1.0 201.0 250.0 207.0 254.0 
face 1.0 179.0 249.0 186.0 255.0 
face 1.0 215.0 239.0 220.0 248.0 
face 1.0 228.0 237.0 234.0 244.0 
face 1.0 229.0 249.0 234.0 256.0 
face 1.0 197.0 259.0 212.0 279.0 
face 1.0 228.0 281.0 234.0 288.0 
face 1.0 271.0 294.0 278.0 302.0 
face 1.0 260.0 261.0 265.0 269.0 
face 1.0 241.0 260.0 246.0 268.0 
face 1.0 273.0 252.0 278.0 260.0 
face 1.0 296.0 240.0 301.0 249.0 
face 1.0 264.0 222.0 268.0 228.0 
face 1.0 285.0 239.0 289.0 246.0 
face 1.0 463.0 324.0 469.0 333.0 
face 1.0 470.0 318.0 477.0 327.0 
face 1.0 444.0 329.0 451.0 338.0 
face 1.0 392.0 256.0 396.0 263.0 
face 1.0 365.0 238.0 370.0 244.0 
face 1.0 353.0 239.0 357.0 245.0 
face 1.0 395.0 241.0 399.0 247.0 
face 1.0 579.0 330.0 587.0 340.0 
face 1.0 638.0 117.0 672.0 165.0 
face 1.0 907.0 135.0 938.0 178.0 
face 1.0 766.0 230.0 780.0 252.0 
face 1.0 608.0 339.0 614.0 350.0 
face 1.0 627.0 329.0 632.0 337.0 
face 1.0 625.0 347.0 630.0 356.0 
face 1.0 618.0 353.0 624.0 362.0 
face 1.0 610.0 357.0 615.0 366.0 
