face 1.0 750.0 88.0 794.0 147.0 
face 1.0 831.0 138.0 864.0 186.0 
face 1.0 555.0 123.0 588.0 165.0 
face 1.0 512.0 136.0 542.0 175.0 
face 1.0 424.0 177.0 445.0 204.0 
face 1.0 440.0 198.0 460.0 228.0 
face 1.0 389.0 145.0 409.0 169.0 
face 1.0 380.0 172.0 399.0 195.0 
face 1.0 284.0 179.0 313.0 210.0 
face 1.0 321.0 164.0 344.0 193.0 
face 1.0 265.0 150.0 283.0 175.0 
face 1.0 242.0 181.0 262.0 213.0 
face 1.0 97.0 159.0 128.0 194.0 
face 1.0 0.0 169.0 24.0 213.0 
face 1.0 189.0 166.0 203.0 188.0 
face 1.0 149.0 17.0 166.0 44.0 
face 1.0 379.0 194.0 397.0 220.0 
face 1.0 68.0 202.0 86.0 225.0 
