face 1.0 51.0 244.0 58.0 254.0 
face 1.0 66.0 271.0 75.0 281.0 
face 1.0 171.0 190.0 191.0 218.0 
face 1.0 10.0 263.0 21.0 275.0 
face 1.0 50.0 220.0 57.0 230.0 
face 1.0 86.0 240.0 93.0 249.0 
face 1.0 419.0 110.0 451.0 152.0 
face 1.0 500.0 135.0 532.0 182.0 
face 1.0 898.0 181.0 918.0 207.0 
face 1.0 613.0 236.0 621.0 248.0 
face 1.0 834.0 263.0 843.0 276.0 
face 1.0 321.0 250.0 327.0 258.0 
face 1.0 18.0 234.0 24.0 243.0 
face 1.0 183.0 249.0 189.0 258.0 
face 1.0 176.0 276.0 182.0 285.0 
face 1.0 75.0 192.0 80.0 198.0 
face 1.0 23.0 205.0 27.0 211.0 
face 1.0 73.0 183.0 77.0 188.0 
face 1.0 22.0 184.0 27.0 190.0 
face 1.0 98.0 210.0 103.0 216.0 
face 1.0 359.0 272.0 364.0 279.0 
face 1.0 290.0 225.0 294.0 230.0 
face 1.0 336.0 215.0 339.0 220.0 
face 1.0 300.0 203.0 304.0 208.0 
face 1.0 278.0 214.0 282.0 219.0 
face 1.0 277.0 199.0 281.0 204.0 
face 1.0 743.0 270.0 750.0 279.0 
face 1.0 761.0 240.0 767.0 249.0 
face 1.0 117.0 269.0 124.0 277.0 
face 1.0 714.0 265.0 721.0 275.0 
face 1.0 86.0 267.0 93.0 276.0 
face 1.0 665.0 262.0 673.0 273.0 
face 1.0 127.0 273.0 134.0 283.0 
face 1.0 152.0 270.0 157.0 277.0 
face 1.0 110.0 239.0 116.0 247.0 
face 1.0 79.0 236.0 84.0 242.0 
face 1.0 138.0 238.0 142.0 243.0 
face 1.0 19.0 210.0 26.0 218.0 
face 1.0 79.0 228.0 84.0 235.0 
face 1.0 76.0 210.0 81.0 217.0 
face 1.0 109.0 214.0 115.0 221.0 
face 1.0 134.0 230.0 140.0 237.0 
face 1.0 153.0 229.0 160.0 237.0 
face 1.0 162.0 240.0 167.0 247.0 
face 1.0 147.0 260.0 153.0 267.0 
face 1.0 112.0 253.0 118.0 260.0 
face 1.0 174.0 239.0 180.0 246.0 
face 1.0 184.0 235.0 191.0 244.0 
face 1.0 164.0 215.0 169.0 221.0 
face 1.0 152.0 199.0 157.0 205.0 
face 1.0 127.0 200.0 132.0 206.0 
face 1.0 49.0 189.0 54.0 197.0 
face 1.0 117.0 198.0 121.0 204.0 
face 1.0 289.0 269.0 295.0 277.0 
face 1.0 339.0 267.0 345.0 275.0 
face 1.0 316.0 226.0 320.0 233.0 
face 1.0 263.0 206.0 268.0 211.0 
face 1.0 302.0 214.0 306.0 220.0 
face 1.0 333.0 200.0 337.0 206.0 
face 1.0 267.0 228.0 272.0 234.0 
face 1.0 979.0 224.0 992.0 240.0 
face 1.0 928.0 183.0 934.0 191.0 
face 1.0 952.0 191.0 958.0 198.0 
face 1.0 999.0 168.0 1005.0 175.0 
face 1.0 1009.0 168.0 1015.0 176.0 
face 1.0 842.0 225.0 849.0 233.0 
face 1.0 840.0 194.0 847.0 201.0 
face 1.0 968.0 220.0 976.0 231.0 
face 1.0 1019.0 213.0 1024.0 221.0 
face 1.0 730.0 239.0 735.0 244.0 
face 1.0 675.0 240.0 682.0 250.0 
face 1.0 667.0 231.0 673.0 236.0 
face 1.0 714.0 235.0 720.0 243.0 
face 1.0 722.0 239.0 728.0 247.0 
face 1.0 987.0 168.0 993.0 177.0 
face 1.0 959.0 172.0 965.0 179.0 
face 1.0 954.0 146.0 960.0 153.0 
face 1.0 930.0 159.0 936.0 166.0 
face 1.0 865.0 184.0 870.0 189.0 
face 1.0 899.0 149.0 905.0 155.0 
