face 1.0 870.0 59.0 892.0 93.0 
face 1.0 953.0 186.0 1024.0 299.0 
face 1.0 904.0 173.0 965.0 263.0 
face 1.0 692.0 223.0 765.0 310.0 
face 1.0 806.0 186.0 845.0 231.0 
face 1.0 590.0 216.0 659.0 303.0 
face 1.0 476.0 227.0 540.0 307.0 
face 1.0 294.0 240.0 359.0 321.0 
face 1.0 126.0 295.0 183.0 364.0 
face 1.0 32.0 246.0 91.0 311.0 
face 1.0 99.0 200.0 142.0 254.0 
face 1.0 189.0 216.0 221.0 249.0 
face 1.0 241.0 248.0 272.0 288.0 
face 1.0 722.0 96.0 761.0 128.0 
face 1.0 655.0 108.0 689.0 147.0 
face 1.0 593.0 78.0 620.0 113.0 
face 1.0 491.0 157.0 525.0 196.0 
face 1.0 523.0 92.0 549.0 124.0 
face 1.0 440.0 110.0 469.0 147.0 
face 1.0 397.0 149.0 422.0 180.0 
face 1.0 414.0 113.0 436.0 143.0 
face 1.0 466.0 65.0 487.0 93.0 
face 1.0 536.0 19.0 560.0 49.0 
face 1.0 389.0 69.0 413.0 99.0 
face 1.0 340.0 154.0 369.0 185.0 
face 1.0 234.0 193.0 264.0 227.0 
face 1.0 271.0 128.0 298.0 159.0 
face 1.0 245.0 167.0 271.0 198.0 
face 1.0 148.0 141.0 176.0 171.0 
face 1.0 217.0 102.0 241.0 137.0 
face 1.0 138.0 110.0 162.0 140.0 
face 1.0 96.0 130.0 121.0 164.0 
face 1.0 180.0 72.0 205.0 106.0 
face 1.0 30.0 150.0 60.0 184.0 
face 1.0 415.0 17.0 435.0 36.0 
face 1.0 449.0 0.0 474.0 32.0 
face 1.0 624.0 10.0 649.0 35.0 
face 1.0 208.0 10.0 226.0 32.0 
face 1.0 157.0 3.0 175.0 28.0 
face 1.0 267.0 6.0 284.0 30.0 
face 1.0 296.0 0.0 319.0 19.0 
face 1.0 92.0 42.0 114.0 70.0 
face 1.0 23.0 76.0 44.0 104.0 
face 1.0 46.0 42.0 66.0 66.0 
face 1.0 565.0 198.0 597.0 239.0 
face 1.0 296.0 95.0 324.0 126.0 
face 1.0 55.0 194.0 77.0 221.0 
face 1.0 0.0 292.0 42.0 363.0 
face 1.0 336.0 0.0 356.0 20.0 
