face 1.0 634.0 45.0 695.0 125.0 
face 1.0 370.0 154.0 436.0 226.0 
face 1.0 183.0 139.0 234.0 194.0 
face 1.0 152.0 68.0 188.0 110.0 
face 1.0 214.0 77.0 239.0 109.0 
face 1.0 269.0 83.0 297.0 123.0 
face 1.0 289.0 115.0 320.0 154.0 
face 1.0 357.0 94.0 383.0 124.0 
face 1.0 90.0 8.0 121.0 44.0 
face 1.0 175.0 15.0 202.0 52.0 
face 1.0 405.0 20.0 432.0 54.0 
face 1.0 351.0 8.0 375.0 38.0 
face 1.0 450.0 47.0 475.0 77.0 
face 1.0 478.0 103.0 503.0 126.0 
face 1.0 561.0 104.0 590.0 141.0 
face 1.0 505.0 29.0 528.0 63.0 
face 1.0 450.0 19.0 476.0 50.0 
face 1.0 553.0 32.0 581.0 64.0 
face 1.0 603.0 22.0 626.0 55.0 
face 1.0 859.0 259.0 887.0 295.0 
face 1.0 598.0 274.0 632.0 318.0 
face 1.0 646.0 259.0 682.0 306.0 
face 1.0 950.0 245.0 973.0 278.0 
face 1.0 999.0 246.0 1022.0 278.0 
face 1.0 817.0 158.0 843.0 195.0 
face 1.0 803.0 127.0 834.0 167.0 
face 1.0 876.0 160.0 902.0 197.0 
face 1.0 901.0 73.0 925.0 107.0 
face 1.0 803.0 50.0 827.0 81.0 
face 1.0 789.0 89.0 812.0 117.0 
face 1.0 742.0 40.0 767.0 77.0 
face 1.0 981.0 31.0 1024.0 109.0 
face 1.0 16.0 235.0 49.0 274.0 
face 1.0 0.0 89.0 27.0 136.0 
face 1.0 977.0 120.0 1002.0 150.0 
face 1.0 926.0 81.0 952.0 113.0 
face 1.0 481.0 153.0 509.0 184.0 
face 1.0 844.0 135.0 864.0 166.0 
face 1.0 578.0 77.0 603.0 103.0 
face 1.0 269.0 3.0 289.0 35.0 
