face 1.0 814.0 304.0 849.0 343.0 
face 1.0 753.0 316.0 785.0 352.0 
face 1.0 697.0 343.0 728.0 380.0 
face 1.0 621.0 306.0 655.0 345.0 
face 1.0 599.0 265.0 633.0 305.0 
face 1.0 544.0 293.0 573.0 328.0 
face 1.0 459.0 278.0 488.0 312.0 
face 1.0 485.0 326.0 512.0 362.0 
face 1.0 422.0 320.0 450.0 355.0 
face 1.0 358.0 334.0 388.0 367.0 
face 1.0 282.0 310.0 314.0 345.0 
face 1.0 276.0 274.0 308.0 309.0 
face 1.0 211.0 318.0 240.0 346.0 
face 1.0 370.0 415.0 397.0 444.0 
face 1.0 447.0 420.0 480.0 459.0 
face 1.0 570.0 451.0 601.0 489.0 
face 1.0 510.0 474.0 540.0 511.0 
face 1.0 310.0 453.0 338.0 488.0 
