face 1.0 68.0 304.0 73.0 311.0 
face 1.0 85.0 308.0 90.0 316.0 
face 1.0 66.0 324.0 73.0 333.0 
face 1.0 87.0 319.0 92.0 325.0 
face 1.0 81.0 330.0 87.0 336.0 
face 1.0 72.0 319.0 77.0 326.0 
face 1.0 4.0 296.0 10.0 305.0 
face 1.0 1.0 324.0 7.0 335.0 
face 1.0 21.0 353.0 28.0 363.0 
face 1.0 66.0 336.0 72.0 347.0 
face 1.0 62.0 358.0 69.0 368.0 
face 1.0 69.0 370.0 77.0 380.0 
face 1.0 55.0 366.0 63.0 378.0 
face 1.0 73.0 392.0 82.0 401.0 
face 1.0 59.0 385.0 68.0 399.0 
face 1.0 157.0 409.0 164.0 423.0 
face 1.0 201.0 399.0 208.0 410.0 
face 1.0 246.0 401.0 254.0 413.0 
face 1.0 186.0 441.0 197.0 453.0 
face 1.0 217.0 446.0 227.0 459.0 
face 1.0 239.0 429.0 250.0 445.0 
face 1.0 258.0 436.0 269.0 449.0 
face 1.0 276.0 425.0 286.0 439.0 
face 1.0 298.0 429.0 307.0 443.0 
face 1.0 306.0 414.0 312.0 422.0 
face 1.0 312.0 304.0 317.0 311.0 
face 1.0 325.0 313.0 330.0 321.0 
face 1.0 282.0 302.0 287.0 309.0 
face 1.0 311.0 324.0 316.0 331.0 
face 1.0 297.0 326.0 302.0 332.0 
face 1.0 261.0 321.0 265.0 328.0 
face 1.0 228.0 324.0 234.0 331.0 
face 1.0 291.0 340.0 298.0 347.0 
face 1.0 320.0 357.0 325.0 366.0 
face 1.0 333.0 349.0 338.0 356.0 
face 1.0 312.0 339.0 319.0 348.0 
face 1.0 312.0 438.0 319.0 450.0 
face 1.0 339.0 300.0 343.0 306.0 
face 1.0 353.0 298.0 358.0 303.0 
face 1.0 396.0 307.0 400.0 314.0 
face 1.0 416.0 305.0 420.0 312.0 
face 1.0 433.0 303.0 438.0 310.0 
face 1.0 437.0 325.0 443.0 332.0 
face 1.0 427.0 329.0 432.0 336.0 
face 1.0 433.0 342.0 439.0 349.0 
face 1.0 403.0 326.0 408.0 333.0 
face 1.0 401.0 315.0 406.0 321.0 
face 1.0 390.0 325.0 395.0 334.0 
face 1.0 382.0 318.0 386.0 324.0 
face 1.0 352.0 332.0 358.0 339.0 
face 1.0 373.0 336.0 378.0 342.0 
face 1.0 385.0 351.0 391.0 358.0 
face 1.0 410.0 345.0 416.0 351.0 
face 1.0 445.0 363.0 450.0 372.0 
face 1.0 425.0 380.0 432.0 389.0 
face 1.0 430.0 365.0 435.0 373.0 
face 1.0 432.0 397.0 438.0 407.0 
face 1.0 423.0 355.0 433.0 377.0 
face 1.0 398.0 361.0 404.0 369.0 
face 1.0 386.0 372.0 392.0 379.0 
face 1.0 367.0 346.0 372.0 356.0 
face 1.0 362.0 356.0 369.0 363.0 
face 1.0 344.0 347.0 350.0 354.0 
face 1.0 344.0 357.0 350.0 365.0 
face 1.0 379.0 384.0 384.0 392.0 
face 1.0 374.0 394.0 382.0 402.0 
face 1.0 355.0 384.0 361.0 391.0 
face 1.0 341.0 369.0 348.0 377.0 
face 1.0 337.0 377.0 344.0 384.0 
face 1.0 519.0 297.0 523.0 302.0 
face 1.0 506.0 306.0 511.0 312.0 
face 1.0 479.0 295.0 484.0 301.0 
face 1.0 453.0 306.0 457.0 312.0 
face 1.0 450.0 331.0 456.0 340.0 
face 1.0 445.0 306.0 450.0 314.0 
face 1.0 648.0 294.0 652.0 300.0 
face 1.0 650.0 312.0 654.0 319.0 
face 1.0 634.0 294.0 639.0 300.0 
face 1.0 631.0 301.0 635.0 308.0 
face 1.0 612.0 296.0 616.0 303.0 
face 1.0 602.0 305.0 606.0 311.0 
face 1.0 606.0 296.0 609.0 301.0 
face 1.0 591.0 294.0 596.0 300.0 
face 1.0 572.0 295.0 576.0 300.0 
face 1.0 563.0 299.0 569.0 307.0 
face 1.0 574.0 313.0 579.0 321.0 
face 1.0 587.0 320.0 592.0 326.0 
face 1.0 614.0 318.0 618.0 325.0 
face 1.0 621.0 319.0 624.0 325.0 
face 1.0 624.0 330.0 629.0 337.0 
face 1.0 625.0 318.0 628.0 324.0 
face 1.0 609.0 326.0 613.0 333.0 
face 1.0 610.0 409.0 619.0 421.0 
face 1.0 716.0 358.0 720.0 366.0 
face 1.0 700.0 356.0 704.0 362.0 
face 1.0 661.0 375.0 668.0 385.0 
face 1.0 688.0 388.0 694.0 397.0 
face 1.0 707.0 387.0 714.0 396.0 
face 1.0 702.0 402.0 708.0 411.0 
face 1.0 671.0 403.0 678.0 411.0 
face 1.0 696.0 414.0 704.0 425.0 
face 1.0 651.0 403.0 658.0 413.0 
face 1.0 663.0 413.0 671.0 423.0 
face 1.0 635.0 410.0 643.0 420.0 
face 1.0 649.0 450.0 658.0 465.0 
face 1.0 659.0 431.0 668.0 443.0 
face 1.0 686.0 443.0 695.0 455.0 
face 1.0 775.0 291.0 779.0 298.0 
face 1.0 766.0 309.0 770.0 315.0 
face 1.0 749.0 309.0 753.0 316.0 
face 1.0 720.0 324.0 726.0 333.0 
face 1.0 698.0 325.0 703.0 333.0 
face 1.0 686.0 339.0 692.0 348.0 
face 1.0 707.0 345.0 713.0 353.0 
face 1.0 729.0 342.0 734.0 351.0 
face 1.0 736.0 335.0 741.0 342.0 
face 1.0 751.0 333.0 756.0 341.0 
face 1.0 777.0 355.0 783.0 362.0 
face 1.0 749.0 350.0 754.0 357.0 
face 1.0 760.0 364.0 766.0 372.0 
face 1.0 765.0 372.0 773.0 382.0 
face 1.0 736.0 388.0 743.0 399.0 
face 1.0 770.0 387.0 780.0 402.0 
face 1.0 725.0 416.0 733.0 427.0 
face 1.0 725.0 401.0 732.0 411.0 
face 1.0 785.0 394.0 793.0 404.0 
face 1.0 821.0 406.0 827.0 414.0 
face 1.0 813.0 421.0 822.0 431.0 
face 1.0 798.0 427.0 806.0 439.0 
face 1.0 803.0 453.0 813.0 468.0 
face 1.0 789.0 305.0 794.0 312.0 
face 1.0 789.0 296.0 793.0 302.0 
face 1.0 807.0 307.0 813.0 313.0 
face 1.0 806.0 317.0 811.0 324.0 
face 1.0 771.0 334.0 777.0 341.0 
face 1.0 797.0 348.0 803.0 357.0 
face 1.0 804.0 336.0 810.0 344.0 
face 1.0 823.0 367.0 829.0 374.0 
face 1.0 831.0 292.0 835.0 299.0 
face 1.0 831.0 304.0 837.0 312.0 
face 1.0 853.0 305.0 858.0 311.0 
face 1.0 855.0 299.0 858.0 303.0 
face 1.0 873.0 294.0 878.0 301.0 
face 1.0 878.0 306.0 882.0 311.0 
face 1.0 893.0 304.0 897.0 312.0 
face 1.0 917.0 305.0 922.0 311.0 
face 1.0 919.0 317.0 924.0 323.0 
face 1.0 898.0 325.0 903.0 332.0 
face 1.0 894.0 317.0 898.0 322.0 
face 1.0 845.0 344.0 851.0 352.0 
face 1.0 870.0 364.0 878.0 373.0 
face 1.0 871.0 349.0 875.0 355.0 
face 1.0 889.0 356.0 895.0 364.0 
face 1.0 895.0 390.0 903.0 401.0 
face 1.0 943.0 294.0 948.0 301.0 
face 1.0 957.0 293.0 961.0 300.0 
face 1.0 972.0 296.0 975.0 303.0 
face 1.0 936.0 303.0 941.0 311.0 
face 1.0 920.0 328.0 926.0 334.0 
face 1.0 909.0 310.0 913.0 316.0 
face 1.0 922.0 336.0 928.0 344.0 
face 1.0 938.0 337.0 943.0 344.0 
face 1.0 966.0 333.0 971.0 344.0 
face 1.0 965.0 326.0 971.0 333.0 
face 1.0 986.0 326.0 992.0 333.0 
face 1.0 989.0 332.0 996.0 340.0 
face 1.0 986.0 347.0 991.0 356.0 
face 1.0 970.0 360.0 974.0 365.0 
face 1.0 951.0 345.0 955.0 353.0 
face 1.0 943.0 350.0 948.0 355.0 
face 1.0 949.0 357.0 955.0 366.0 
face 1.0 922.0 353.0 929.0 363.0 
face 1.0 928.0 369.0 935.0 379.0 
face 1.0 1002.0 366.0 1008.0 376.0 
face 1.0 895.0 343.0 901.0 350.0 
face 1.0 930.0 381.0 936.0 389.0 
face 1.0 954.0 382.0 960.0 391.0 
face 1.0 979.0 384.0 985.0 392.0 
face 1.0 975.0 377.0 980.0 384.0 
face 1.0 1007.0 381.0 1014.0 392.0 
face 1.0 953.0 398.0 960.0 407.0 
face 1.0 931.0 400.0 941.0 414.0 
face 1.0 994.0 406.0 1003.0 417.0 
face 1.0 950.0 423.0 959.0 436.0 
face 1.0 1001.0 426.0 1008.0 436.0 
face 1.0 972.0 451.0 981.0 465.0 
face 1.0 990.0 375.0 995.0 384.0 
face 1.0 890.0 447.0 901.0 462.0 
face 1.0 901.0 440.0 909.0 450.0 
face 1.0 875.0 355.0 882.0 363.0 
face 1.0 897.0 380.0 905.0 390.0 
face 1.0 793.0 361.0 801.0 371.0 
face 1.0 822.0 334.0 827.0 342.0 
face 1.0 760.0 391.0 770.0 407.0 
face 1.0 206.0 462.0 216.0 474.0 
face 1.0 575.0 335.0 580.0 341.0 
face 1.0 282.0 326.0 286.0 332.0 
