face 1.0 46.0 200.0 69.0 250.0 
face 1.0 65.0 285.0 99.0 323.0 
face 1.0 121.0 288.0 158.0 336.0 
face 1.0 45.0 394.0 85.0 444.0 
face 1.0 336.0 95.0 393.0 174.0 
face 1.0 351.0 320.0 391.0 374.0 
face 1.0 320.0 409.0 352.0 456.0 
face 1.0 680.0 63.0 732.0 138.0 
face 1.0 817.0 317.0 858.0 373.0 
face 1.0 910.0 281.0 956.0 349.0 
face 1.0 1000.0 312.0 1023.0 375.0 
face 1.0 839.0 218.0 866.0 258.0 
face 1.0 447.0 145.0 474.0 182.0 
face 1.0 570.0 152.0 599.0 187.0 
face 1.0 502.0 337.0 541.0 378.0 
face 1.0 826.0 100.0 859.0 137.0 
face 1.0 114.0 119.0 137.0 143.0 
face 1.0 0.0 316.0 24.0 351.0 
face 1.0 513.0 50.0 540.0 83.0 
face 1.0 588.0 53.0 615.0 93.0 
face 1.0 270.0 88.0 293.0 120.0 
face 1.0 177.0 121.0 205.0 148.0 
face 1.0 909.0 210.0 947.0 247.0 
face 1.0 866.0 303.0 897.0 343.0 
face 1.0 476.0 229.0 501.0 261.0 
face 1.0 392.0 183.0 425.0 219.0 
face 1.0 2.0 242.0 15.0 282.0 
