face 1.0 890.0 68.0 935.0 123.0 
face 1.0 810.0 76.0 861.0 129.0 
face 1.0 492.0 102.0 596.0 221.0 
face 1.0 382.0 21.0 422.0 71.0 
face 1.0 293.0 15.0 333.0 61.0 
face 1.0 166.0 1.0 211.0 57.0 
face 1.0 258.0 134.0 305.0 198.0 
face 1.0 359.0 106.0 403.0 161.0 
face 1.0 167.0 235.0 203.0 285.0 
face 1.0 65.0 212.0 110.0 263.0 
face 1.0 92.0 186.0 128.0 235.0 
face 1.0 138.0 155.0 169.0 192.0 
face 1.0 34.0 113.0 69.0 160.0 
face 1.0 4.0 161.0 47.0 214.0 
face 1.0 1.0 231.0 30.0 293.0 
face 1.0 2.0 361.0 43.0 418.0 
face 1.0 429.0 199.0 462.0 244.0 
face 1.0 904.0 375.0 942.0 425.0 
face 1.0 690.0 206.0 718.0 247.0 
face 1.0 973.0 299.0 1000.0 339.0 
