face 1.0 86.0 395.0 111.0 427.0 
face 1.0 195.0 470.0 216.0 495.0 
face 1.0 266.0 506.0 281.0 524.0 
face 1.0 303.0 484.0 320.0 510.0 
face 1.0 567.0 264.0 599.0 286.0 
face 1.0 455.0 383.0 484.0 410.0 
face 1.0 13.0 658.0 20.0 667.0 
face 1.0 24.0 676.0 31.0 684.0 
face 1.0 31.0 656.0 39.0 665.0 
face 1.0 47.0 667.0 54.0 675.0 
face 1.0 42.0 660.0 46.0 667.0 
face 1.0 30.0 640.0 35.0 646.0 
face 1.0 20.0 646.0 25.0 651.0 
face 1.0 39.0 646.0 43.0 652.0 
face 1.0 50.0 647.0 54.0 653.0 
face 1.0 48.0 655.0 53.0 660.0 
face 1.0 55.0 644.0 58.0 650.0 
face 1.0 60.0 646.0 64.0 651.0 
face 1.0 66.0 647.0 69.0 652.0 
face 1.0 72.0 645.0 76.0 650.0 
face 1.0 58.0 659.0 64.0 668.0 
face 1.0 68.0 662.0 74.0 671.0 
face 1.0 75.0 666.0 79.0 673.0 
face 1.0 86.0 668.0 90.0 676.0 
face 1.0 120.0 675.0 125.0 683.0 
face 1.0 126.0 676.0 130.0 683.0 
face 1.0 151.0 674.0 158.0 681.0 
face 1.0 146.0 681.0 152.0 687.0 
face 1.0 228.0 688.0 231.0 694.0 
face 1.0 241.0 690.0 245.0 697.0 
face 1.0 235.0 691.0 240.0 696.0 
face 1.0 294.0 686.0 297.0 690.0 
face 1.0 313.0 701.0 317.0 705.0 
face 1.0 290.0 699.0 293.0 705.0 
face 1.0 328.0 694.0 331.0 700.0 
face 1.0 341.0 695.0 344.0 700.0 
face 1.0 355.0 694.0 359.0 699.0 
face 1.0 370.0 694.0 373.0 698.0 
face 1.0 372.0 704.0 376.0 709.0 
face 1.0 382.0 695.0 386.0 700.0 
face 1.0 390.0 703.0 395.0 708.0 
face 1.0 397.0 697.0 400.0 701.0 
face 1.0 409.0 697.0 412.0 702.0 
face 1.0 420.0 693.0 423.0 698.0 
face 1.0 435.0 683.0 438.0 688.0 
face 1.0 434.0 695.0 437.0 699.0 
face 1.0 426.0 683.0 429.0 687.0 
face 1.0 478.0 691.0 481.0 697.0 
face 1.0 463.0 694.0 466.0 698.0 
face 1.0 406.0 690.0 410.0 696.0 
face 1.0 396.0 690.0 399.0 695.0 
face 1.0 483.0 685.0 486.0 689.0 
face 1.0 490.0 683.0 494.0 688.0 
face 1.0 501.0 681.0 505.0 687.0 
face 1.0 505.0 680.0 508.0 684.0 
face 1.0 491.0 678.0 494.0 682.0 
face 1.0 535.0 697.0 539.0 703.0 
face 1.0 542.0 698.0 546.0 702.0 
face 1.0 569.0 694.0 572.0 700.0 
face 1.0 583.0 694.0 587.0 699.0 
face 1.0 592.0 696.0 595.0 703.0 
face 1.0 605.0 696.0 608.0 701.0 
face 1.0 603.0 683.0 606.0 687.0 
face 1.0 551.0 687.0 555.0 692.0 
face 1.0 601.0 704.0 605.0 709.0 
face 1.0 618.0 693.0 622.0 699.0 
face 1.0 653.0 697.0 656.0 702.0 
face 1.0 662.0 696.0 665.0 700.0 
face 1.0 633.0 695.0 637.0 700.0 
face 1.0 621.0 670.0 624.0 675.0 
face 1.0 719.0 689.0 723.0 694.0 
face 1.0 743.0 691.0 748.0 697.0 
face 1.0 750.0 681.0 754.0 687.0 
face 1.0 759.0 703.0 764.0 709.0 
face 1.0 761.0 692.0 765.0 698.0 
face 1.0 787.0 689.0 791.0 694.0 
face 1.0 794.0 686.0 798.0 691.0 
face 1.0 798.0 685.0 803.0 690.0 
face 1.0 809.0 685.0 812.0 689.0 
face 1.0 811.0 681.0 814.0 687.0 
face 1.0 818.0 686.0 821.0 691.0 
face 1.0 825.0 682.0 828.0 687.0 
face 1.0 833.0 680.0 837.0 685.0 
face 1.0 832.0 687.0 837.0 693.0 
face 1.0 843.0 670.0 848.0 677.0 
face 1.0 759.0 666.0 761.0 670.0 
face 1.0 748.0 667.0 751.0 671.0 
face 1.0 768.0 664.0 771.0 668.0 
face 1.0 784.0 665.0 786.0 668.0 
face 1.0 762.0 677.0 767.0 685.0 
face 1.0 791.0 673.0 795.0 679.0 
face 1.0 861.0 656.0 864.0 661.0 
face 1.0 855.0 678.0 860.0 684.0 
face 1.0 867.0 680.0 872.0 685.0 
face 1.0 881.0 675.0 887.0 683.0 
face 1.0 863.0 676.0 867.0 681.0 
face 1.0 887.0 677.0 893.0 683.0 
face 1.0 886.0 671.0 890.0 676.0 
face 1.0 916.0 673.0 922.0 680.0 
face 1.0 905.0 675.0 910.0 682.0 
face 1.0 900.0 674.0 904.0 681.0 
face 1.0 897.0 675.0 901.0 681.0 
face 1.0 894.0 676.0 898.0 681.0 
face 1.0 932.0 668.0 938.0 676.0 
face 1.0 924.0 664.0 927.0 669.0 
face 1.0 917.0 658.0 921.0 663.0 
face 1.0 899.0 666.0 904.0 671.0 
face 1.0 928.0 657.0 931.0 662.0 
face 1.0 934.0 659.0 937.0 663.0 
face 1.0 945.0 668.0 951.0 674.0 
face 1.0 952.0 663.0 957.0 670.0 
face 1.0 961.0 667.0 967.0 674.0 
face 1.0 962.0 653.0 968.0 660.0 
face 1.0 970.0 663.0 977.0 671.0 
face 1.0 1015.0 666.0 1021.0 671.0 
face 1.0 1013.0 677.0 1020.0 684.0 
face 1.0 986.0 661.0 991.0 668.0 
face 1.0 976.0 666.0 982.0 673.0 
face 1.0 981.0 663.0 986.0 670.0 
face 1.0 977.0 655.0 981.0 661.0 
face 1.0 1009.0 646.0 1014.0 652.0 
face 1.0 995.0 645.0 1000.0 651.0 
face 1.0 988.0 652.0 991.0 658.0 
face 1.0 985.0 644.0 989.0 648.0 
face 1.0 975.0 646.0 978.0 651.0 
face 1.0 970.0 650.0 974.0 655.0 
face 1.0 983.0 635.0 986.0 639.0 
face 1.0 690.0 387.0 715.0 415.0 
face 1.0 839.0 190.0 866.0 226.0 
