face 1.0 767.0 996.0 802.0 1041.0 
face 1.0 749.0 971.0 771.0 997.0 
face 1.0 782.0 974.0 817.0 1016.0 
face 1.0 865.0 978.0 886.0 1004.0 
face 1.0 882.0 1012.0 912.0 1050.0 
face 1.0 894.0 978.0 925.0 1018.0 
face 1.0 937.0 983.0 964.0 1014.0 
face 1.0 960.0 972.0 983.0 995.0 
face 1.0 994.0 978.0 1023.0 1013.0 
face 1.0 1003.0 1002.0 1024.0 1038.0 
face 1.0 993.0 930.0 1015.0 958.0 
face 1.0 972.0 909.0 990.0 933.0 
face 1.0 930.0 908.0 953.0 933.0 
face 1.0 774.0 923.0 798.0 952.0 
face 1.0 851.0 918.0 871.0 950.0 
face 1.0 908.0 955.0 931.0 983.0 
face 1.0 904.0 925.0 929.0 955.0 
face 1.0 851.0 896.0 874.0 925.0 
face 1.0 868.0 863.0 886.0 887.0 
face 1.0 913.0 867.0 933.0 893.0 
face 1.0 972.0 861.0 996.0 889.0 
face 1.0 973.0 834.0 992.0 859.0 
face 1.0 998.0 816.0 1017.0 841.0 
face 1.0 981.0 781.0 1007.0 810.0 
face 1.0 976.0 759.0 996.0 783.0 
face 1.0 991.0 749.0 1014.0 772.0 
face 1.0 983.0 720.0 1006.0 743.0 
face 1.0 979.0 700.0 997.0 720.0 
face 1.0 1000.0 680.0 1018.0 705.0 
face 1.0 942.0 652.0 961.0 677.0 
face 1.0 949.0 684.0 967.0 709.0 
face 1.0 897.0 675.0 917.0 699.0 
face 1.0 836.0 653.0 854.0 671.0 
face 1.0 804.0 668.0 820.0 688.0 
face 1.0 841.0 677.0 858.0 697.0 
face 1.0 790.0 649.0 810.0 667.0 
face 1.0 776.0 672.0 794.0 692.0 
face 1.0 771.0 692.0 792.0 712.0 
face 1.0 739.0 701.0 757.0 724.0 
face 1.0 758.0 725.0 775.0 745.0 
face 1.0 758.0 742.0 776.0 762.0 
face 1.0 779.0 715.0 798.0 740.0 
face 1.0 824.0 697.0 843.0 721.0 
face 1.0 824.0 721.0 849.0 749.0 
face 1.0 888.0 707.0 906.0 730.0 
face 1.0 880.0 737.0 900.0 760.0 
face 1.0 923.0 734.0 943.0 755.0 
face 1.0 925.0 766.0 944.0 787.0 
face 1.0 921.0 807.0 945.0 835.0 
face 1.0 923.0 786.0 943.0 805.0 
face 1.0 904.0 837.0 926.0 860.0 
face 1.0 860.0 847.0 878.0 866.0 
face 1.0 859.0 808.0 879.0 837.0 
face 1.0 877.0 810.0 898.0 840.0 
face 1.0 789.0 836.0 813.0 860.0 
face 1.0 795.0 808.0 818.0 833.0 
face 1.0 801.0 778.0 825.0 802.0 
face 1.0 832.0 773.0 850.0 798.0 
face 1.0 865.0 771.0 885.0 790.0 
face 1.0 874.0 787.0 892.0 809.0 
face 1.0 796.0 867.0 818.0 892.0 
face 1.0 893.0 641.0 914.0 666.0 
face 1.0 971.0 607.0 989.0 630.0 
face 1.0 972.0 579.0 987.0 600.0 
face 1.0 928.0 587.0 945.0 609.0 
face 1.0 880.0 583.0 894.0 600.0 
face 1.0 851.0 621.0 868.0 640.0 
face 1.0 791.0 620.0 810.0 639.0 
face 1.0 810.0 607.0 824.0 623.0 
face 1.0 807.0 558.0 822.0 572.0 
face 1.0 813.0 541.0 827.0 556.0 
face 1.0 673.0 567.0 697.0 589.0 
face 1.0 715.0 569.0 732.0 590.0 
face 1.0 748.0 493.0 767.0 514.0 
face 1.0 717.0 479.0 734.0 496.0 
face 1.0 695.0 462.0 711.0 480.0 
face 1.0 667.0 427.0 678.0 439.0 
face 1.0 684.0 434.0 697.0 449.0 
face 1.0 703.0 454.0 717.0 470.0 
face 1.0 729.0 468.0 740.0 483.0 
face 1.0 738.0 452.0 749.0 467.0 
face 1.0 728.0 430.0 738.0 441.0 
face 1.0 695.0 406.0 708.0 421.0 
face 1.0 766.0 476.0 778.0 490.0 
face 1.0 788.0 482.0 802.0 501.0 
face 1.0 803.0 482.0 814.0 494.0 
face 1.0 827.0 491.0 840.0 508.0 
face 1.0 793.0 518.0 805.0 531.0 
face 1.0 875.0 504.0 887.0 519.0 
face 1.0 857.0 470.0 869.0 484.0 
face 1.0 838.0 482.0 849.0 497.0 
face 1.0 868.0 492.0 880.0 507.0 
face 1.0 887.0 470.0 898.0 485.0 
face 1.0 909.0 489.0 919.0 507.0 
face 1.0 926.0 477.0 938.0 494.0 
face 1.0 956.0 508.0 971.0 524.0 
face 1.0 976.0 459.0 986.0 474.0 
face 1.0 988.0 492.0 1000.0 509.0 
face 1.0 1003.0 476.0 1014.0 493.0 
face 1.0 848.0 450.0 860.0 461.0 
face 1.0 829.0 444.0 838.0 456.0 
face 1.0 810.0 457.0 822.0 469.0 
face 1.0 790.0 440.0 802.0 454.0 
face 1.0 801.0 432.0 813.0 447.0 
face 1.0 773.0 461.0 785.0 474.0 
face 1.0 812.0 415.0 824.0 431.0 
face 1.0 866.0 443.0 877.0 459.0 
face 1.0 890.0 451.0 901.0 463.0 
face 1.0 933.0 443.0 946.0 462.0 
face 1.0 954.0 482.0 967.0 498.0 
face 1.0 310.0 388.0 325.0 403.0 
face 1.0 331.0 371.0 348.0 390.0 
face 1.0 364.0 363.0 378.0 376.0 
face 1.0 369.0 383.0 383.0 399.0 
face 1.0 390.0 402.0 401.0 415.0 
face 1.0 410.0 409.0 425.0 428.0 
face 1.0 354.0 420.0 368.0 434.0 
face 1.0 337.0 394.0 349.0 413.0 
face 1.0 350.0 386.0 363.0 402.0 
face 1.0 314.0 422.0 325.0 437.0 
face 1.0 322.0 439.0 332.0 451.0 
face 1.0 341.0 441.0 353.0 455.0 
face 1.0 376.0 434.0 387.0 450.0 
face 1.0 400.0 423.0 411.0 437.0 
face 1.0 401.0 449.0 415.0 466.0 
face 1.0 423.0 477.0 437.0 496.0 
face 1.0 346.0 490.0 365.0 511.0 
face 1.0 320.0 484.0 333.0 500.0 
face 1.0 304.0 555.0 321.0 575.0 
face 1.0 408.0 550.0 429.0 574.0 
face 1.0 520.0 401.0 596.0 470.0 
face 1.0 11.0 560.0 26.0 575.0 
face 1.0 22.0 586.0 39.0 602.0 
face 1.0 14.0 622.0 32.0 642.0 
face 1.0 49.0 635.0 67.0 659.0 
face 1.0 78.0 567.0 96.0 589.0 
face 1.0 98.0 587.0 116.0 611.0 
face 1.0 108.0 646.0 123.0 664.0 
face 1.0 129.0 623.0 147.0 642.0 
face 1.0 143.0 607.0 159.0 627.0 
face 1.0 161.0 592.0 177.0 611.0 
face 1.0 178.0 563.0 199.0 586.0 
face 1.0 240.0 552.0 258.0 573.0 
face 1.0 197.0 556.0 216.0 578.0 
face 1.0 217.0 603.0 236.0 625.0 
face 1.0 179.0 616.0 198.0 636.0 
face 1.0 243.0 627.0 263.0 656.0 
face 1.0 254.0 615.0 269.0 631.0 
face 1.0 291.0 622.0 307.0 645.0 
face 1.0 306.0 598.0 324.0 619.0 
face 1.0 259.0 579.0 278.0 604.0 
face 1.0 223.0 584.0 243.0 606.0 
face 1.0 16.0 461.0 33.0 482.0 
face 1.0 39.0 473.0 54.0 489.0 
face 1.0 63.0 466.0 78.0 484.0 
face 1.0 109.0 468.0 124.0 483.0 
face 1.0 109.0 441.0 125.0 459.0 
face 1.0 150.0 444.0 163.0 460.0 
face 1.0 190.0 436.0 203.0 452.0 
face 1.0 169.0 432.0 180.0 444.0 
face 1.0 233.0 455.0 248.0 472.0 
face 1.0 267.0 445.0 285.0 458.0 
face 1.0 262.0 467.0 277.0 481.0 
face 1.0 298.0 433.0 313.0 449.0 
face 1.0 276.0 482.0 291.0 499.0 
face 1.0 58.0 594.0 77.0 616.0 
face 1.0 51.0 619.0 71.0 641.0 
face 1.0 361.0 602.0 378.0 621.0 
face 1.0 390.0 580.0 407.0 602.0 
face 1.0 419.0 599.0 436.0 622.0 
face 1.0 393.0 629.0 409.0 651.0 
face 1.0 368.0 645.0 388.0 670.0 
face 1.0 328.0 644.0 349.0 667.0 
face 1.0 26.0 774.0 48.0 803.0 
face 1.0 50.0 804.0 76.0 831.0 
face 1.0 27.0 829.0 54.0 858.0 
face 1.0 17.0 858.0 39.0 884.0 
face 1.0 3.0 888.0 22.0 915.0 
face 1.0 3.0 933.0 27.0 962.0 
face 1.0 3.0 966.0 26.0 995.0 
face 1.0 5.0 1003.0 41.0 1049.0 
face 1.0 34.0 988.0 63.0 1026.0 
face 1.0 65.0 985.0 94.0 1027.0 
face 1.0 53.0 962.0 80.0 987.0 
face 1.0 91.0 978.0 116.0 1009.0 
face 1.0 120.0 1000.0 147.0 1033.0 
face 1.0 137.0 959.0 165.0 995.0 
face 1.0 98.0 931.0 123.0 960.0 
face 1.0 83.0 856.0 107.0 887.0 
face 1.0 105.0 828.0 129.0 857.0 
face 1.0 135.0 822.0 165.0 855.0 
face 1.0 173.0 939.0 194.0 972.0 
face 1.0 180.0 983.0 217.0 1026.0 
face 1.0 212.0 973.0 235.0 1003.0 
face 1.0 165.0 989.0 194.0 1029.0 
face 1.0 219.0 1009.0 259.0 1051.0 
face 1.0 249.0 928.0 272.0 961.0 
face 1.0 268.0 958.0 295.0 983.0 
face 1.0 268.0 987.0 294.0 1023.0 
face 1.0 288.0 997.0 325.0 1035.0 
face 1.0 348.0 966.0 377.0 1002.0 
face 1.0 79.0 667.0 95.0 687.0 
face 1.0 148.0 674.0 165.0 696.0 
face 1.0 193.0 663.0 210.0 685.0 
face 1.0 182.0 689.0 204.0 713.0 
face 1.0 152.0 706.0 175.0 735.0 
face 1.0 186.0 711.0 211.0 736.0 
face 1.0 182.0 735.0 207.0 760.0 
face 1.0 227.0 685.0 246.0 711.0 
face 1.0 261.0 664.0 280.0 682.0 
face 1.0 294.0 688.0 315.0 711.0 
face 1.0 266.0 705.0 286.0 728.0 
face 1.0 238.0 736.0 259.0 761.0 
face 1.0 216.0 761.0 241.0 784.0 
face 1.0 263.0 775.0 283.0 806.0 
face 1.0 273.0 758.0 296.0 781.0 
face 1.0 300.0 732.0 321.0 757.0 
face 1.0 320.0 705.0 341.0 731.0 
face 1.0 356.0 691.0 370.0 709.0 
face 1.0 360.0 722.0 378.0 745.0 
face 1.0 352.0 752.0 374.0 781.0 
face 1.0 320.0 778.0 345.0 808.0 
face 1.0 304.0 805.0 327.0 832.0 
face 1.0 352.0 831.0 375.0 860.0 
face 1.0 372.0 820.0 392.0 843.0 
face 1.0 386.0 787.0 412.0 814.0 
face 1.0 413.0 756.0 436.0 783.0 
face 1.0 399.0 690.0 415.0 709.0 
face 1.0 437.0 703.0 457.0 728.0 
face 1.0 392.0 865.0 419.0 898.0 
face 1.0 496.0 994.0 521.0 1030.0 
face 1.0 506.0 937.0 529.0 967.0 
face 1.0 133.0 505.0 155.0 528.0 
face 1.0 632.0 595.0 721.0 669.0 
face 1.0 184.0 481.0 198.0 498.0 
face 1.0 64.0 433.0 78.0 451.0 
face 1.0 44.0 394.0 59.0 411.0 
face 1.0 43.0 426.0 56.0 442.0 
face 1.0 42.0 456.0 53.0 470.0 
face 1.0 75.0 409.0 86.0 422.0 
face 1.0 88.0 397.0 99.0 410.0 
face 1.0 108.0 409.0 123.0 426.0 
face 1.0 127.0 424.0 139.0 440.0 
face 1.0 134.0 400.0 146.0 415.0 
face 1.0 67.0 376.0 80.0 392.0 
face 1.0 71.0 360.0 83.0 376.0 
face 1.0 55.0 353.0 66.0 367.0 
face 1.0 48.0 321.0 61.0 336.0 
face 1.0 76.0 336.0 86.0 351.0 
face 1.0 86.0 353.0 97.0 368.0 
face 1.0 108.0 361.0 120.0 377.0 
face 1.0 106.0 338.0 119.0 353.0 
face 1.0 148.0 355.0 160.0 372.0 
face 1.0 164.0 376.0 177.0 393.0 
face 1.0 188.0 384.0 201.0 400.0 
face 1.0 206.0 376.0 221.0 391.0 
face 1.0 220.0 433.0 234.0 451.0 
face 1.0 230.0 414.0 245.0 433.0 
face 1.0 251.0 402.0 266.0 418.0 
face 1.0 290.0 378.0 303.0 393.0 
face 1.0 281.0 355.0 294.0 372.0 
face 1.0 233.0 384.0 243.0 397.0 
face 1.0 250.0 325.0 261.0 340.0 
face 1.0 171.0 358.0 185.0 374.0 
face 1.0 206.0 332.0 218.0 346.0 
face 1.0 222.0 344.0 234.0 362.0 
face 1.0 174.0 327.0 185.0 342.0 
face 1.0 246.0 359.0 258.0 376.0 
face 1.0 763.0 416.0 777.0 435.0 
face 1.0 757.0 390.0 769.0 404.0 
face 1.0 852.0 402.0 864.0 418.0 
face 1.0 947.0 432.0 959.0 446.0 
face 1.0 420.0 647.0 440.0 669.0 
face 1.0 374.0 667.0 392.0 691.0 
face 1.0 356.0 556.0 372.0 573.0 
face 1.0 0.0 810.0 15.0 835.0 
