face 1.0 920.0 212.0 928.0 224.0 
face 1.0 915.0 234.0 923.0 246.0 
face 1.0 939.0 226.0 949.0 237.0 
face 1.0 969.0 226.0 976.0 236.0 
face 1.0 534.0 197.0 544.0 211.0 
face 1.0 547.0 197.0 556.0 210.0 
face 1.0 961.0 177.0 971.0 188.0 
face 1.0 85.0 181.0 95.0 193.0 
face 1.0 843.0 212.0 851.0 224.0 
face 1.0 860.0 149.0 868.0 160.0 
face 1.0 850.0 134.0 860.0 146.0 
face 1.0 863.0 108.0 871.0 119.0 
face 1.0 743.0 174.0 752.0 185.0 
face 1.0 953.0 29.0 961.0 38.0 
face 1.0 341.0 88.0 350.0 100.0 
face 1.0 721.0 234.0 729.0 247.0 
face 1.0 358.0 273.0 368.0 284.0 
face 1.0 861.0 78.0 870.0 91.0 
face 1.0 840.0 46.0 847.0 57.0 
face 1.0 772.0 35.0 781.0 45.0 
face 1.0 811.0 38.0 818.0 48.0 
face 1.0 577.0 42.0 585.0 50.0 
face 1.0 590.0 34.0 598.0 43.0 
face 1.0 606.0 46.0 614.0 56.0 
face 1.0 628.0 9.0 635.0 19.0 
face 1.0 562.0 12.0 570.0 20.0 
face 1.0 599.0 88.0 608.0 95.0 
face 1.0 320.0 71.0 327.0 81.0 
face 1.0 320.0 185.0 331.0 198.0 
face 1.0 355.0 182.0 367.0 195.0 
face 1.0 13.0 146.0 23.0 159.0 
face 1.0 901.0 93.0 909.0 103.0 
face 1.0 925.0 98.0 933.0 107.0 
face 1.0 909.0 127.0 917.0 138.0 
face 1.0 950.0 120.0 960.0 131.0 
face 1.0 844.0 90.0 853.0 100.0 
face 1.0 758.0 180.0 765.0 191.0 
face 1.0 767.0 195.0 776.0 206.0 
face 1.0 790.0 203.0 798.0 214.0 
face 1.0 786.0 159.0 794.0 170.0 
face 1.0 792.0 174.0 799.0 185.0 
face 1.0 826.0 168.0 833.0 179.0 
face 1.0 741.0 280.0 755.0 294.0 
face 1.0 793.0 275.0 806.0 289.0 
face 1.0 644.0 283.0 658.0 297.0 
face 1.0 844.0 3.0 853.0 16.0 
face 1.0 931.0 14.0 938.0 23.0 
face 1.0 908.0 13.0 917.0 22.0 
face 1.0 884.0 16.0 892.0 24.0 
face 1.0 556.0 225.0 565.0 234.0 
face 1.0 282.0 144.0 293.0 158.0 
face 1.0 327.0 38.0 336.0 50.0 
face 1.0 400.0 135.0 409.0 145.0 
face 1.0 402.0 97.0 410.0 109.0 
face 1.0 227.0 78.0 236.0 88.0 
face 1.0 58.0 101.0 68.0 115.0 
face 1.0 413.0 234.0 423.0 247.0 
face 1.0 417.0 255.0 428.0 269.0 
face 1.0 129.0 142.0 139.0 152.0 
face 1.0 310.0 12.0 320.0 29.0 
face 1.0 294.0 159.0 303.0 173.0 
face 1.0 253.0 159.0 264.0 171.0 
face 1.0 230.0 151.0 241.0 164.0 
face 1.0 228.0 136.0 238.0 149.0 
face 1.0 261.0 119.0 270.0 130.0 
face 1.0 250.0 108.0 258.0 120.0 
face 1.0 225.0 94.0 231.0 105.0 
face 1.0 944.0 174.0 953.0 183.0 
face 1.0 943.0 144.0 952.0 157.0 
face 1.0 378.0 97.0 385.0 107.0 
face 1.0 354.0 79.0 361.0 88.0 
face 1.0 382.0 69.0 390.0 80.0 
face 1.0 331.0 15.0 339.0 25.0 
face 1.0 940.0 55.0 949.0 65.0 
face 1.0 505.0 42.0 512.0 53.0 
face 1.0 383.0 47.0 391.0 57.0 
face 1.0 584.0 220.0 596.0 235.0 
face 1.0 572.0 221.0 579.0 233.0 
face 1.0 623.0 185.0 633.0 197.0 
face 1.0 610.0 246.0 619.0 258.0 
face 1.0 572.0 252.0 580.0 264.0 
face 1.0 633.0 225.0 641.0 239.0 
face 1.0 422.0 109.0 431.0 123.0 
face 1.0 454.0 116.0 464.0 128.0 
face 1.0 452.0 130.0 462.0 142.0 
face 1.0 797.0 93.0 807.0 104.0 
face 1.0 496.0 129.0 505.0 140.0 
face 1.0 238.0 223.0 249.0 233.0 
face 1.0 10.0 38.0 20.0 48.0 
face 1.0 28.0 38.0 36.0 47.0 
face 1.0 31.0 23.0 41.0 35.0 
face 1.0 391.0 180.0 402.0 191.0 
face 1.0 417.0 182.0 427.0 192.0 
face 1.0 432.0 187.0 441.0 202.0 
face 1.0 277.0 162.0 287.0 175.0 
face 1.0 236.0 24.0 245.0 35.0 
face 1.0 189.0 17.0 196.0 29.0 
face 1.0 197.0 7.0 204.0 18.0 
face 1.0 308.0 92.0 316.0 106.0 
face 1.0 824.0 212.0 834.0 225.0 
face 1.0 798.0 222.0 807.0 232.0 
face 1.0 393.0 233.0 401.0 247.0 
face 1.0 439.0 29.0 447.0 40.0 
face 1.0 450.0 39.0 458.0 48.0 
face 1.0 454.0 33.0 460.0 42.0 
face 1.0 481.0 38.0 488.0 46.0 
face 1.0 455.0 61.0 463.0 70.0 
face 1.0 444.0 83.0 452.0 92.0 
face 1.0 463.0 88.0 471.0 97.0 
face 1.0 566.0 102.0 574.0 115.0 
face 1.0 391.0 91.0 400.0 100.0 
face 1.0 507.0 100.0 515.0 110.0 
face 1.0 466.0 2.0 475.0 10.0 
face 1.0 487.0 203.0 497.0 213.0 
face 1.0 460.0 185.0 467.0 195.0 
face 1.0 515.0 198.0 525.0 212.0 
face 1.0 421.0 72.0 430.0 83.0 
face 1.0 538.0 113.0 548.0 124.0 
face 1.0 769.0 88.0 778.0 99.0 
face 1.0 723.0 88.0 731.0 98.0 
face 1.0 763.0 77.0 770.0 85.0 
face 1.0 797.0 54.0 805.0 64.0 
face 1.0 777.0 61.0 785.0 71.0 
face 1.0 915.0 73.0 924.0 81.0 
face 1.0 947.0 89.0 955.0 98.0 
face 1.0 930.0 122.0 936.0 129.0 
face 1.0 918.0 169.0 927.0 179.0 
face 1.0 159.0 90.0 169.0 103.0 
face 1.0 767.0 112.0 777.0 125.0 
face 1.0 775.0 0.0 783.0 9.0 
face 1.0 107.0 14.0 116.0 23.0 
face 1.0 89.0 12.0 101.0 23.0 
face 1.0 897.0 197.0 907.0 209.0 
face 1.0 283.0 7.0 293.0 19.0 
face 1.0 884.0 45.0 894.0 56.0 
face 1.0 596.0 6.0 606.0 17.0 
face 1.0 532.0 269.0 546.0 283.0 
face 1.0 797.0 330.0 815.0 353.0 
face 1.0 811.0 331.0 829.0 362.0 
face 1.0 59.0 303.0 72.0 324.0 
face 1.0 48.0 256.0 59.0 274.0 
face 1.0 83.0 256.0 93.0 271.0 
face 1.0 88.0 225.0 101.0 239.0 
face 1.0 71.0 194.0 82.0 211.0 
face 1.0 101.0 200.0 111.0 215.0 
face 1.0 103.0 174.0 113.0 190.0 
face 1.0 58.0 155.0 68.0 172.0 
face 1.0 42.0 134.0 52.0 150.0 
face 1.0 33.0 102.0 42.0 118.0 
face 1.0 148.0 168.0 157.0 180.0 
face 1.0 143.0 248.0 152.0 260.0 
face 1.0 101.0 241.0 112.0 255.0 
face 1.0 169.0 236.0 180.0 255.0 
face 1.0 69.0 225.0 77.0 237.0 
face 1.0 24.0 169.0 34.0 185.0 
face 1.0 28.0 233.0 40.0 251.0 
face 1.0 44.0 120.0 52.0 134.0 
face 1.0 42.0 92.0 51.0 106.0 
face 1.0 545.0 293.0 558.0 310.0 
face 1.0 552.0 95.0 560.0 104.0 
face 1.0 296.0 183.0 306.0 198.0 
face 1.0 294.0 258.0 302.0 272.0 
face 1.0 322.0 255.0 332.0 271.0 
face 1.0 337.0 281.0 348.0 292.0 
face 1.0 297.0 291.0 311.0 308.0 
face 1.0 356.0 297.0 371.0 314.0 
face 1.0 969.0 14.0 977.0 24.0 
face 1.0 731.0 12.0 739.0 20.0 
face 1.0 64.0 89.0 74.0 105.0 
face 1.0 95.0 92.0 105.0 105.0 
face 1.0 113.0 86.0 123.0 104.0 
face 1.0 88.0 104.0 99.0 119.0 
face 1.0 628.0 74.0 636.0 85.0 
face 1.0 645.0 89.0 653.0 98.0 
face 1.0 702.0 78.0 710.0 89.0 
face 1.0 661.0 32.0 671.0 43.0 
face 1.0 708.0 14.0 715.0 25.0 
face 1.0 698.0 35.0 706.0 46.0 
face 1.0 736.0 73.0 745.0 84.0 
face 1.0 642.0 47.0 651.0 58.0 
face 1.0 870.0 44.0 878.0 56.0 
face 1.0 29.0 13.0 36.0 22.0 
face 1.0 54.0 13.0 62.0 24.0 
face 1.0 67.0 27.0 75.0 38.0 
face 1.0 80.0 18.0 89.0 32.0 
face 1.0 84.0 33.0 93.0 45.0 
face 1.0 62.0 40.0 72.0 52.0 
face 1.0 83.0 68.0 92.0 80.0 
face 1.0 115.0 52.0 124.0 65.0 
face 1.0 131.0 47.0 140.0 60.0 
face 1.0 60.0 54.0 70.0 67.0 
face 1.0 8.0 217.0 18.0 231.0 
face 1.0 6.0 259.0 15.0 272.0 
face 1.0 140.0 34.0 149.0 45.0 
face 1.0 185.0 35.0 192.0 46.0 
face 1.0 192.0 34.0 201.0 45.0 
face 1.0 176.0 48.0 186.0 60.0 
face 1.0 159.0 64.0 166.0 73.0 
face 1.0 142.0 66.0 152.0 77.0 
face 1.0 139.0 105.0 150.0 118.0 
face 1.0 351.0 49.0 359.0 57.0 
face 1.0 204.0 78.0 213.0 87.0 
face 1.0 184.0 65.0 192.0 75.0 
face 1.0 843.0 175.0 853.0 184.0 
face 1.0 874.0 177.0 885.0 190.0 
face 1.0 874.0 234.0 883.0 245.0 
face 1.0 899.0 228.0 908.0 240.0 
face 1.0 884.0 204.0 894.0 215.0 
face 1.0 274.0 106.0 284.0 117.0 
face 1.0 248.0 84.0 256.0 94.0 
face 1.0 258.0 76.0 265.0 83.0 
face 1.0 976.0 146.0 986.0 159.0 
face 1.0 978.0 127.0 987.0 138.0 
face 1.0 977.0 102.0 986.0 116.0 
face 1.0 775.0 244.0 785.0 257.0 
face 1.0 728.0 199.0 736.0 213.0 
face 1.0 689.0 184.0 698.0 194.0 
face 1.0 699.0 187.0 709.0 200.0 
face 1.0 656.0 180.0 668.0 195.0 
face 1.0 651.0 150.0 662.0 161.0 
face 1.0 615.0 149.0 625.0 160.0 
face 1.0 635.0 153.0 644.0 163.0 
face 1.0 598.0 142.0 607.0 150.0 
face 1.0 621.0 135.0 631.0 145.0 
face 1.0 634.0 134.0 643.0 145.0 
face 1.0 628.0 100.0 636.0 109.0 
face 1.0 651.0 117.0 660.0 128.0 
face 1.0 663.0 114.0 672.0 124.0 
face 1.0 698.0 119.0 707.0 132.0 
face 1.0 681.0 111.0 691.0 122.0 
face 1.0 137.0 284.0 155.0 301.0 
face 1.0 924.0 273.0 939.0 286.0 
face 1.0 461.0 290.0 478.0 307.0 
face 1.0 517.0 281.0 531.0 299.0 
face 1.0 79.0 138.0 88.0 150.0 
face 1.0 62.0 141.0 73.0 156.0 
face 1.0 102.0 158.0 112.0 170.0 
face 1.0 890.0 25.0 899.0 33.0 
face 1.0 917.0 59.0 924.0 69.0 
face 1.0 1002.0 31.0 1010.0 41.0 
face 1.0 1005.0 102.0 1013.0 112.0 
face 1.0 528.0 246.0 538.0 256.0 
face 1.0 378.0 254.0 388.0 266.0 
face 1.0 365.0 257.0 375.0 270.0 
face 1.0 369.0 239.0 379.0 252.0 
face 1.0 397.0 252.0 405.0 266.0 
face 1.0 988.0 229.0 996.0 240.0 
face 1.0 978.0 176.0 985.0 185.0 
face 1.0 1004.0 173.0 1011.0 187.0 
face 1.0 1013.0 150.0 1022.0 162.0 
face 1.0 670.0 81.0 678.0 90.0 
face 1.0 921.0 22.0 928.0 29.0 
face 1.0 211.0 121.0 220.0 133.0 
face 1.0 102.0 35.0 113.0 46.0 
face 1.0 126.0 35.0 136.0 47.0 
face 1.0 163.0 16.0 171.0 27.0 
face 1.0 286.0 80.0 297.0 95.0 
face 1.0 302.0 104.0 310.0 118.0 
face 1.0 13.0 69.0 23.0 84.0 
face 1.0 9.0 109.0 19.0 120.0 
face 1.0 17.0 91.0 27.0 104.0 
face 1.0 47.0 57.0 54.0 71.0 
face 1.0 467.0 134.0 475.0 147.0 
face 1.0 672.0 62.0 679.0 71.0 
face 1.0 678.0 98.0 685.0 108.0 
face 1.0 167.0 118.0 179.0 135.0 
face 1.0 325.0 108.0 335.0 120.0 
face 1.0 204.0 232.0 215.0 247.0 
face 1.0 196.0 174.0 203.0 187.0 
face 1.0 226.0 253.0 237.0 268.0 
face 1.0 234.0 235.0 245.0 248.0 
face 1.0 279.0 199.0 288.0 215.0 
face 1.0 507.0 72.0 516.0 84.0 
face 1.0 534.0 83.0 542.0 92.0 
face 1.0 496.0 42.0 502.0 52.0 
face 1.0 200.0 65.0 211.0 73.0 
face 1.0 633.0 206.0 644.0 219.0 
face 1.0 529.0 23.0 536.0 33.0 
face 1.0 523.0 67.0 530.0 76.0 
face 1.0 552.0 51.0 557.0 60.0 
face 1.0 522.0 41.0 529.0 52.0 
face 1.0 501.0 4.0 508.0 13.0 
face 1.0 552.0 34.0 558.0 44.0 
face 1.0 511.0 4.0 518.0 16.0 
face 1.0 540.0 16.0 548.0 25.0 
face 1.0 175.0 99.0 185.0 113.0 
face 1.0 658.0 208.0 668.0 220.0 
face 1.0 676.0 239.0 684.0 252.0 
face 1.0 731.0 245.0 740.0 256.0 
face 1.0 749.0 248.0 759.0 261.0 
face 1.0 760.0 249.0 766.0 260.0 
face 1.0 495.0 18.0 503.0 28.0 
face 1.0 705.0 97.0 713.0 108.0 
face 1.0 652.0 78.0 661.0 87.0 
face 1.0 689.0 76.0 697.0 87.0 
face 1.0 715.0 130.0 723.0 139.0 
face 1.0 728.0 115.0 734.0 124.0 
face 1.0 266.0 36.0 275.0 51.0 
face 1.0 224.0 3.0 232.0 14.0 
face 1.0 318.0 53.0 326.0 63.0 
face 1.0 304.0 55.0 310.0 64.0 
face 1.0 943.0 106.0 952.0 117.0 
face 1.0 993.0 104.0 1001.0 115.0 
face 1.0 233.0 92.0 241.0 103.0 
face 1.0 372.0 102.0 379.0 114.0 
face 1.0 876.0 217.0 886.0 228.0 
face 1.0 922.0 183.0 931.0 197.0 
face 1.0 886.0 165.0 895.0 176.0 
face 1.0 880.0 127.0 887.0 136.0 
face 1.0 363.0 4.0 373.0 12.0 
face 1.0 394.0 15.0 401.0 24.0 
face 1.0 424.0 32.0 433.0 41.0 
face 1.0 266.0 160.0 275.0 173.0 
face 1.0 113.0 104.0 124.0 119.0 
face 1.0 40.0 165.0 52.0 183.0 
face 1.0 557.0 27.0 570.0 41.0 
face 1.0 737.0 123.0 747.0 136.0 
face 1.0 838.0 25.0 847.0 38.0 
face 1.0 786.0 34.0 797.0 46.0 
face 1.0 832.0 91.0 837.0 99.0 
face 1.0 882.0 62.0 887.0 69.0 
face 1.0 939.0 96.0 944.0 105.0 
face 1.0 833.0 185.0 840.0 194.0 
face 1.0 810.0 161.0 816.0 168.0 
face 1.0 913.0 116.0 921.0 124.0 
face 1.0 763.0 147.0 772.0 158.0 
face 1.0 754.0 264.0 762.0 274.0 
face 1.0 16.0 244.0 31.0 261.0 
face 1.0 119.0 255.0 128.0 269.0 
face 1.0 162.0 35.0 173.0 45.0 
face 1.0 0.0 216.0 5.0 228.0 
face 1.0 20.0 306.0 32.0 325.0 
face 1.0 1010.0 241.0 1021.0 254.0 
face 1.0 585.0 273.0 599.0 292.0 
