face 1.0 230.0 174.0 248.0 196.0 
face 1.0 95.0 240.0 118.0 268.0 
face 1.0 409.0 55.0 431.0 77.0 
face 1.0 240.0 152.0 256.0 170.0 
face 1.0 427.0 266.0 447.0 291.0 
face 1.0 50.0 131.0 67.0 156.0 
face 1.0 121.0 113.0 136.0 130.0 
face 1.0 144.0 98.0 161.0 120.0 
face 1.0 180.0 96.0 198.0 124.0 
face 1.0 248.0 117.0 265.0 140.0 
face 1.0 152.0 152.0 172.0 174.0 
face 1.0 157.0 177.0 177.0 202.0 
face 1.0 186.0 185.0 207.0 210.0 
face 1.0 78.0 148.0 94.0 170.0 
face 1.0 1.0 55.0 9.0 86.0 
face 1.0 566.0 133.0 582.0 150.0 
face 1.0 610.0 143.0 628.0 168.0 
face 1.0 584.0 162.0 601.0 182.0 
face 1.0 544.0 194.0 561.0 216.0 
face 1.0 362.0 116.0 377.0 138.0 
face 1.0 152.0 28.0 167.0 43.0 
face 1.0 102.0 174.0 120.0 191.0 
face 1.0 44.0 188.0 64.0 210.0 
face 1.0 820.0 18.0 833.0 37.0 
face 1.0 900.0 26.0 918.0 50.0 
face 1.0 409.0 125.0 428.0 144.0 
face 1.0 765.0 147.0 785.0 173.0 
face 1.0 812.0 107.0 830.0 126.0 
face 1.0 869.0 84.0 892.0 112.0 
face 1.0 905.0 106.0 922.0 129.0 
face 1.0 897.0 86.0 921.0 110.0 
face 1.0 983.0 246.0 1005.0 273.0 
face 1.0 642.0 0.0 660.0 18.0 
face 1.0 669.0 35.0 687.0 55.0 
face 1.0 701.0 17.0 715.0 34.0 
face 1.0 583.0 192.0 602.0 214.0 
face 1.0 504.0 253.0 523.0 276.0 
face 1.0 1.0 188.0 16.0 208.0 
face 1.0 75.0 200.0 94.0 221.0 
face 1.0 90.0 138.0 108.0 159.0 
face 1.0 433.0 219.0 448.0 245.0 
face 1.0 484.0 207.0 501.0 232.0 
face 1.0 115.0 203.0 134.0 224.0 
face 1.0 357.0 177.0 373.0 197.0 
face 1.0 338.0 105.0 356.0 126.0 
face 1.0 91.0 108.0 109.0 129.0 
face 1.0 199.0 5.0 219.0 22.0 
face 1.0 273.0 44.0 293.0 66.0 
face 1.0 579.0 86.0 600.0 110.0 
face 1.0 615.0 74.0 635.0 98.0 
face 1.0 963.0 140.0 981.0 162.0 
face 1.0 906.0 215.0 930.0 246.0 
face 1.0 839.0 190.0 855.0 213.0 
face 1.0 384.0 367.0 416.0 412.0 
face 1.0 410.0 141.0 429.0 164.0 
face 1.0 441.0 165.0 458.0 185.0 
face 1.0 479.0 122.0 501.0 149.0 
face 1.0 425.0 96.0 445.0 121.0 
face 1.0 454.0 104.0 471.0 123.0 
face 1.0 382.0 129.0 400.0 151.0 
face 1.0 392.0 81.0 411.0 105.0 
face 1.0 96.0 10.0 114.0 30.0 
face 1.0 608.0 244.0 636.0 276.0 
face 1.0 504.0 347.0 538.0 386.0 
face 1.0 483.0 357.0 508.0 388.0 
face 1.0 11.0 170.0 27.0 193.0 
face 1.0 345.0 134.0 365.0 158.0 
face 1.0 845.0 45.0 866.0 72.0 
face 1.0 337.0 41.0 357.0 65.0 
face 1.0 144.0 269.0 163.0 296.0 
face 1.0 237.0 250.0 263.0 283.0 
face 1.0 905.0 170.0 925.0 195.0 
face 1.0 614.0 333.0 653.0 380.0 
face 1.0 570.0 332.0 603.0 379.0 
face 1.0 335.0 179.0 353.0 203.0 
face 1.0 337.0 164.0 353.0 185.0 
face 1.0 703.0 144.0 722.0 165.0 
face 1.0 15.0 119.0 33.0 142.0 
face 1.0 856.0 4.0 873.0 23.0 
face 1.0 970.0 23.0 990.0 47.0 
face 1.0 935.0 165.0 952.0 184.0 
face 1.0 975.0 159.0 992.0 184.0 
face 1.0 981.0 200.0 997.0 224.0 
face 1.0 667.0 173.0 686.0 197.0 
face 1.0 635.0 173.0 659.0 192.0 
face 1.0 274.0 185.0 293.0 206.0 
face 1.0 246.0 188.0 266.0 213.0 
face 1.0 229.0 174.0 247.0 196.0 
face 1.0 567.0 104.0 584.0 129.0 
face 1.0 459.0 33.0 485.0 63.0 
face 1.0 516.0 54.0 530.0 78.0 
face 1.0 493.0 8.0 509.0 29.0 
face 1.0 112.0 138.0 132.0 163.0 
face 1.0 615.0 42.0 635.0 64.0 
face 1.0 947.0 97.0 964.0 120.0 
face 1.0 535.0 76.0 553.0 103.0 
face 1.0 490.0 88.0 507.0 111.0 
face 1.0 348.0 5.0 368.0 27.0 
face 1.0 417.0 1.0 439.0 20.0 
face 1.0 96.0 243.0 119.0 271.0 
face 1.0 42.0 258.0 64.0 283.0 
face 1.0 851.0 168.0 868.0 188.0 
face 1.0 510.0 176.0 527.0 200.0 
face 1.0 522.0 113.0 542.0 136.0 
face 1.0 832.0 108.0 848.0 130.0 
face 1.0 285.0 136.0 303.0 160.0 
face 1.0 218.0 163.0 234.0 185.0 
face 1.0 787.0 174.0 809.0 197.0 
face 1.0 232.0 77.0 253.0 106.0 
face 1.0 877.0 174.0 897.0 199.0 
face 1.0 752.0 189.0 773.0 210.0 
face 1.0 739.0 217.0 765.0 249.0 
face 1.0 661.0 257.0 683.0 279.0 
face 1.0 631.0 196.0 655.0 220.0 
face 1.0 434.0 348.0 455.0 380.0 
face 1.0 163.0 204.0 184.0 229.0 
face 1.0 301.0 159.0 321.0 185.0 
face 1.0 783.0 112.0 801.0 137.0 
face 1.0 789.0 58.0 803.0 78.0 
face 1.0 319.0 82.0 342.0 106.0 
face 1.0 542.0 30.0 560.0 53.0 
face 1.0 581.0 8.0 598.0 32.0 
face 1.0 546.0 109.0 564.0 133.0 
face 1.0 392.0 197.0 429.0 239.0 
face 1.0 788.0 232.0 817.0 272.0 
face 1.0 516.0 141.0 534.0 168.0 
face 1.0 303.0 115.0 321.0 139.0 
face 1.0 732.0 55.0 750.0 75.0 
face 1.0 755.0 118.0 776.0 142.0 
face 1.0 37.0 17.0 62.0 41.0 
face 1.0 294.0 89.0 313.0 112.0 
face 1.0 890.0 124.0 907.0 146.0 
face 1.0 298.0 211.0 321.0 237.0 
face 1.0 302.0 254.0 326.0 283.0 
face 1.0 227.0 128.0 246.0 151.0 
face 1.0 271.0 166.0 289.0 187.0 
face 1.0 250.0 172.0 269.0 190.0 
face 1.0 253.0 154.0 269.0 173.0 
face 1.0 32.0 154.0 51.0 178.0 
face 1.0 0.0 146.0 16.0 167.0 
face 1.0 957.0 101.0 975.0 122.0 
face 1.0 589.0 139.0 608.0 163.0 
