face 1.0 26.0 155.0 38.0 169.0 
face 1.0 127.0 103.0 160.0 146.0 
face 1.0 253.0 169.0 265.0 184.0 
face 1.0 300.0 174.0 314.0 192.0 
face 1.0 357.0 171.0 369.0 186.0 
face 1.0 354.0 270.0 370.0 287.0 
face 1.0 252.0 275.0 267.0 290.0 
face 1.0 407.0 157.0 423.0 177.0 
face 1.0 399.0 194.0 413.0 211.0 
face 1.0 377.0 217.0 390.0 236.0 
face 1.0 444.0 202.0 461.0 219.0 
face 1.0 449.0 178.0 463.0 189.0 
face 1.0 495.0 173.0 505.0 187.0 
face 1.0 493.0 197.0 505.0 209.0 
face 1.0 566.0 123.0 579.0 141.0 
face 1.0 613.0 164.0 626.0 180.0 
face 1.0 596.0 215.0 610.0 233.0 
face 1.0 575.0 275.0 587.0 288.0 
face 1.0 611.0 255.0 626.0 271.0 
face 1.0 648.0 234.0 659.0 249.0 
face 1.0 652.0 161.0 667.0 178.0 
face 1.0 537.0 209.0 564.0 245.0 
face 1.0 477.0 239.0 512.0 280.0 
face 1.0 938.0 154.0 952.0 171.0 
face 1.0 997.0 152.0 1008.0 165.0 
face 1.0 970.0 259.0 983.0 274.0 
face 1.0 808.0 124.0 842.0 164.0 
face 1.0 861.0 156.0 891.0 186.0 
face 1.0 555.0 300.0 571.0 311.0 
face 1.0 1018.0 207.0 1024.0 227.0 
face 1.0 0.0 228.0 11.0 247.0 
