face 1.0 133.0 57.0 157.0 92.0 
face 1.0 284.0 80.0 314.0 118.0 
face 1.0 747.0 131.0 770.0 162.0 
face 1.0 878.0 86.0 907.0 125.0 
face 1.0 839.0 261.0 861.0 283.0 
face 1.0 326.0 200.0 334.0 225.0 
face 1.0 406.0 214.0 427.0 248.0 
face 1.0 538.0 230.0 555.0 259.0 
face 1.0 520.0 203.0 533.0 219.0 
face 1.0 471.0 210.0 481.0 226.0 
face 1.0 560.0 202.0 571.0 220.0 
face 1.0 495.0 314.0 516.0 340.0 
face 1.0 644.0 218.0 666.0 245.0 
face 1.0 684.0 197.0 693.0 213.0 
face 1.0 980.0 75.0 991.0 91.0 
face 1.0 387.0 190.0 394.0 199.0 
face 1.0 863.0 78.0 874.0 91.0 
face 1.0 424.0 213.0 435.0 227.0 
face 1.0 634.0 303.0 656.0 325.0 
face 1.0 452.0 191.0 466.0 205.0 
face 1.0 922.0 93.0 932.0 107.0 
