face 1.0 911.0 172.0 957.0 228.0 
face 1.0 887.0 275.0 923.0 320.0 
face 1.0 776.0 319.0 812.0 372.0 
face 1.0 674.0 87.0 710.0 138.0 
face 1.0 540.0 81.0 581.0 140.0 
face 1.0 917.0 64.0 952.0 112.0 
face 1.0 1001.0 77.0 1024.0 121.0 
face 1.0 424.0 111.0 462.0 158.0 
face 1.0 333.0 116.0 368.0 155.0 
face 1.0 258.0 70.0 290.0 121.0 
face 1.0 306.0 281.0 342.0 330.0 
face 1.0 192.0 272.0 227.0 324.0 
face 1.0 148.0 307.0 181.0 347.0 
face 1.0 124.0 175.0 163.0 228.0 
face 1.0 13.0 295.0 49.0 341.0 
face 1.0 22.0 181.0 60.0 241.0 
face 1.0 168.0 50.0 202.0 98.0 
face 1.0 43.0 60.0 79.0 110.0 
face 1.0 725.0 0.0 748.0 21.0 
