face 1.0 280.0 61.0 286.0 69.0 
face 1.0 331.0 39.0 336.0 48.0 
face 1.0 324.0 30.0 329.0 39.0 
face 1.0 333.0 19.0 338.0 27.0 
face 1.0 266.0 30.0 271.0 38.0 
face 1.0 280.0 17.0 286.0 25.0 
face 1.0 271.0 39.0 277.0 47.0 
face 1.0 309.0 48.0 315.0 56.0 
face 1.0 295.0 47.0 300.0 54.0 
face 1.0 13.0 103.0 21.0 112.0 
face 1.0 100.0 49.0 105.0 57.0 
face 1.0 99.0 36.0 105.0 44.0 
face 1.0 83.0 46.0 89.0 54.0 
face 1.0 75.0 24.0 81.0 32.0 
face 1.0 110.0 28.0 115.0 34.0 
face 1.0 81.0 67.0 88.0 76.0 
face 1.0 46.0 75.0 52.0 84.0 
face 1.0 59.0 50.0 65.0 57.0 
face 1.0 44.0 50.0 50.0 57.0 
face 1.0 656.0 66.0 661.0 74.0 
face 1.0 663.0 52.0 669.0 61.0 
face 1.0 682.0 51.0 688.0 59.0 
face 1.0 630.0 52.0 635.0 60.0 
face 1.0 646.0 55.0 652.0 62.0 
face 1.0 267.0 96.0 311.0 147.0 
face 1.0 183.0 70.0 228.0 131.0 
face 1.0 139.0 99.0 146.0 108.0 
face 1.0 156.0 63.0 161.0 68.0 
face 1.0 155.0 87.0 161.0 96.0 
face 1.0 133.0 87.0 139.0 95.0 
face 1.0 121.0 98.0 128.0 107.0 
face 1.0 122.0 46.0 128.0 55.0 
face 1.0 138.0 48.0 145.0 57.0 
face 1.0 795.0 98.0 835.0 151.0 
face 1.0 796.0 252.0 840.0 307.0 
face 1.0 866.0 140.0 873.0 148.0 
face 1.0 961.0 102.0 967.0 110.0 
face 1.0 945.0 99.0 950.0 107.0 
face 1.0 905.0 98.0 910.0 105.0 
face 1.0 893.0 86.0 901.0 95.0 
face 1.0 561.0 102.0 604.0 153.0 
face 1.0 666.0 85.0 706.0 140.0 
face 1.0 623.0 92.0 629.0 100.0 
face 1.0 668.0 254.0 712.0 311.0 
face 1.0 525.0 270.0 569.0 326.0 
face 1.0 404.0 77.0 449.0 137.0 
face 1.0 414.0 260.0 458.0 320.0 
face 1.0 285.0 287.0 330.0 345.0 
face 1.0 355.0 88.0 361.0 97.0 
face 1.0 372.0 82.0 377.0 90.0 
face 1.0 390.0 82.0 396.0 89.0 
face 1.0 329.0 80.0 334.0 88.0 
face 1.0 350.0 79.0 356.0 87.0 
face 1.0 379.0 60.0 385.0 68.0 
face 1.0 313.0 89.0 318.0 96.0 
face 1.0 309.0 69.0 315.0 77.0 
face 1.0 95.0 102.0 102.0 110.0 
face 1.0 65.0 79.0 70.0 86.0 
face 1.0 24.0 81.0 30.0 87.0 
face 1.0 4.0 74.0 11.0 84.0 
face 1.0 38.0 42.0 42.0 48.0 
face 1.0 16.0 38.0 22.0 45.0 
face 1.0 0.0 37.0 3.0 44.0 
face 1.0 38.0 26.0 43.0 33.0 
face 1.0 37.0 18.0 41.0 24.0 
face 1.0 10.0 18.0 15.0 25.0 
face 1.0 57.0 26.0 62.0 33.0 
face 1.0 50.0 23.0 54.0 29.0 
face 1.0 70.0 15.0 77.0 24.0 
face 1.0 60.0 39.0 65.0 45.0 
face 1.0 103.0 3.0 107.0 9.0 
face 1.0 109.0 17.0 115.0 25.0 
face 1.0 94.0 22.0 99.0 28.0 
face 1.0 113.0 5.0 118.0 11.0 
face 1.0 130.0 8.0 135.0 15.0 
face 1.0 146.0 8.0 151.0 16.0 
face 1.0 137.0 24.0 143.0 32.0 
face 1.0 123.0 35.0 128.0 42.0 
face 1.0 112.0 58.0 118.0 64.0 
face 1.0 91.0 70.0 96.0 78.0 
face 1.0 68.0 92.0 75.0 100.0 
face 1.0 46.0 96.0 53.0 103.0 
face 1.0 36.0 91.0 41.0 99.0 
face 1.0 0.0 88.0 7.0 97.0 
face 1.0 159.0 38.0 164.0 46.0 
face 1.0 157.0 24.0 163.0 31.0 
face 1.0 172.0 4.0 177.0 12.0 
face 1.0 185.0 6.0 191.0 12.0 
face 1.0 178.0 28.0 183.0 34.0 
face 1.0 238.0 62.0 244.0 68.0 
face 1.0 164.0 50.0 171.0 59.0 
face 1.0 181.0 50.0 186.0 55.0 
face 1.0 180.0 44.0 184.0 48.0 
face 1.0 197.0 39.0 204.0 46.0 
face 1.0 246.0 71.0 251.0 79.0 
face 1.0 297.0 56.0 303.0 64.0 
face 1.0 290.0 41.0 296.0 48.0 
face 1.0 303.0 18.0 308.0 25.0 
face 1.0 276.0 7.0 282.0 14.0 
face 1.0 324.0 112.0 331.0 118.0 
face 1.0 454.0 132.0 461.0 140.0 
face 1.0 327.0 70.0 333.0 79.0 
face 1.0 322.0 59.0 328.0 66.0 
face 1.0 333.0 49.0 338.0 56.0 
face 1.0 341.0 59.0 345.0 65.0 
face 1.0 359.0 60.0 365.0 68.0 
face 1.0 365.0 71.0 371.0 78.0 
face 1.0 353.0 52.0 358.0 58.0 
face 1.0 354.0 39.0 360.0 47.0 
face 1.0 345.0 32.0 351.0 38.0 
face 1.0 320.0 19.0 324.0 25.0 
face 1.0 292.0 12.0 297.0 19.0 
face 1.0 252.0 0.0 257.0 6.0 
face 1.0 259.0 9.0 263.0 16.0 
face 1.0 334.0 8.0 340.0 15.0 
face 1.0 315.0 8.0 320.0 15.0 
face 1.0 353.0 9.0 358.0 16.0 
face 1.0 359.0 21.0 365.0 29.0 
face 1.0 369.0 27.0 374.0 35.0 
face 1.0 377.0 21.0 382.0 27.0 
face 1.0 367.0 19.0 374.0 27.0 
face 1.0 369.0 0.0 375.0 6.0 
face 1.0 310.0 42.0 315.0 48.0 
face 1.0 389.0 70.0 395.0 78.0 
face 1.0 397.0 62.0 403.0 70.0 
face 1.0 393.0 28.0 399.0 36.0 
face 1.0 459.0 95.0 465.0 101.0 
face 1.0 492.0 84.0 498.0 92.0 
face 1.0 411.0 47.0 416.0 53.0 
face 1.0 436.0 63.0 441.0 67.0 
face 1.0 439.0 32.0 446.0 38.0 
face 1.0 432.0 22.0 438.0 29.0 
face 1.0 412.0 20.0 417.0 26.0 
face 1.0 426.0 13.0 431.0 19.0 
face 1.0 442.0 8.0 447.0 16.0 
face 1.0 400.0 2.0 406.0 9.0 
face 1.0 455.0 18.0 461.0 26.0 
face 1.0 464.0 40.0 470.0 48.0 
face 1.0 481.0 36.0 487.0 44.0 
face 1.0 472.0 26.0 476.0 32.0 
face 1.0 482.0 7.0 488.0 14.0 
face 1.0 492.0 2.0 499.0 11.0 
face 1.0 474.0 1.0 479.0 6.0 
face 1.0 495.0 39.0 500.0 45.0 
face 1.0 493.0 24.0 497.0 30.0 
face 1.0 497.0 16.0 502.0 23.0 
face 1.0 483.0 15.0 488.0 20.0 
face 1.0 464.0 23.0 468.0 29.0 
face 1.0 503.0 33.0 508.0 40.0 
face 1.0 516.0 30.0 522.0 39.0 
face 1.0 524.0 40.0 529.0 46.0 
face 1.0 520.0 22.0 527.0 29.0 
face 1.0 512.0 18.0 517.0 24.0 
face 1.0 515.0 2.0 519.0 7.0 
face 1.0 522.0 12.0 527.0 19.0 
face 1.0 536.0 3.0 541.0 10.0 
face 1.0 517.0 66.0 522.0 73.0 
face 1.0 542.0 63.0 548.0 72.0 
face 1.0 544.0 41.0 549.0 49.0 
face 1.0 537.0 31.0 543.0 37.0 
face 1.0 542.0 16.0 547.0 22.0 
face 1.0 547.0 4.0 553.0 12.0 
face 1.0 518.0 99.0 524.0 106.0 
face 1.0 537.0 93.0 544.0 101.0 
face 1.0 547.0 86.0 553.0 95.0 
face 1.0 542.0 82.0 548.0 90.0 
face 1.0 534.0 88.0 539.0 94.0 
face 1.0 547.0 52.0 552.0 59.0 
face 1.0 556.0 63.0 561.0 69.0 
face 1.0 632.0 87.0 637.0 94.0 
face 1.0 613.0 113.0 619.0 120.0 
face 1.0 640.0 103.0 645.0 107.0 
face 1.0 616.0 68.0 622.0 74.0 
face 1.0 636.0 65.0 641.0 71.0 
face 1.0 598.0 59.0 604.0 66.0 
face 1.0 606.0 53.0 612.0 61.0 
face 1.0 590.0 52.0 594.0 59.0 
face 1.0 569.0 53.0 573.0 58.0 
face 1.0 559.0 42.0 564.0 49.0 
face 1.0 583.0 40.0 587.0 47.0 
face 1.0 600.0 41.0 606.0 49.0 
face 1.0 611.0 31.0 616.0 40.0 
face 1.0 550.0 25.0 555.0 32.0 
face 1.0 568.0 23.0 574.0 30.0 
face 1.0 577.0 15.0 583.0 22.0 
face 1.0 560.0 8.0 567.0 17.0 
face 1.0 572.0 3.0 577.0 11.0 
face 1.0 586.0 22.0 591.0 29.0 
face 1.0 595.0 13.0 600.0 19.0 
face 1.0 605.0 23.0 610.0 30.0 
face 1.0 611.0 6.0 615.0 12.0 
face 1.0 624.0 26.0 630.0 31.0 
face 1.0 640.0 24.0 645.0 30.0 
face 1.0 629.0 33.0 635.0 39.0 
face 1.0 637.0 44.0 642.0 50.0 
face 1.0 648.0 33.0 654.0 40.0 
face 1.0 655.0 40.0 660.0 47.0 
face 1.0 667.0 33.0 672.0 40.0 
face 1.0 660.0 25.0 667.0 34.0 
face 1.0 652.0 9.0 659.0 18.0 
face 1.0 628.0 0.0 633.0 6.0 
face 1.0 630.0 11.0 635.0 20.0 
face 1.0 618.0 43.0 623.0 49.0 
face 1.0 676.0 40.0 681.0 48.0 
face 1.0 685.0 34.0 690.0 41.0 
face 1.0 674.0 23.0 679.0 29.0 
face 1.0 668.0 14.0 674.0 21.0 
face 1.0 701.0 33.0 706.0 41.0 
face 1.0 694.0 29.0 698.0 34.0 
face 1.0 702.0 54.0 708.0 62.0 
face 1.0 711.0 64.0 717.0 74.0 
face 1.0 711.0 45.0 716.0 52.0 
face 1.0 726.0 108.0 732.0 115.0 
face 1.0 748.0 103.0 755.0 111.0 
face 1.0 736.0 94.0 743.0 102.0 
face 1.0 766.0 116.0 772.0 123.0 
face 1.0 718.0 107.0 724.0 114.0 
face 1.0 739.0 74.0 744.0 81.0 
face 1.0 733.0 66.0 738.0 73.0 
face 1.0 760.0 95.0 765.0 102.0 
face 1.0 767.0 57.0 772.0 63.0 
face 1.0 779.0 56.0 784.0 64.0 
face 1.0 785.0 58.0 791.0 64.0 
face 1.0 794.0 44.0 800.0 51.0 
face 1.0 778.0 41.0 783.0 47.0 
face 1.0 754.0 37.0 761.0 44.0 
face 1.0 745.0 26.0 749.0 31.0 
face 1.0 762.0 24.0 766.0 29.0 
face 1.0 799.0 22.0 803.0 28.0 
face 1.0 787.0 0.0 791.0 3.0 
face 1.0 769.0 0.0 774.0 3.0 
face 1.0 809.0 54.0 814.0 62.0 
face 1.0 818.0 67.0 824.0 74.0 
face 1.0 840.0 83.0 844.0 91.0 
face 1.0 834.0 94.0 839.0 102.0 
face 1.0 850.0 99.0 855.0 106.0 
face 1.0 856.0 85.0 862.0 93.0 
face 1.0 864.0 78.0 869.0 83.0 
face 1.0 871.0 66.0 877.0 73.0 
face 1.0 873.0 98.0 879.0 107.0 
face 1.0 860.0 52.0 865.0 59.0 
face 1.0 871.0 52.0 876.0 58.0 
face 1.0 831.0 37.0 835.0 43.0 
face 1.0 812.0 34.0 817.0 41.0 
face 1.0 841.0 21.0 845.0 26.0 
face 1.0 823.0 18.0 828.0 24.0 
face 1.0 856.0 23.0 861.0 28.0 
face 1.0 875.0 19.0 880.0 25.0 
face 1.0 875.0 39.0 881.0 46.0 
face 1.0 853.0 67.0 858.0 74.0 
face 1.0 863.0 62.0 868.0 67.0 
face 1.0 853.0 54.0 857.0 58.0 
face 1.0 916.0 6.0 921.0 14.0 
face 1.0 937.0 12.0 942.0 19.0 
face 1.0 950.0 5.0 956.0 16.0 
face 1.0 893.0 38.0 898.0 44.0 
face 1.0 910.0 38.0 915.0 44.0 
face 1.0 881.0 76.0 886.0 83.0 
face 1.0 909.0 68.0 914.0 75.0 
face 1.0 924.0 48.0 929.0 55.0 
face 1.0 917.0 77.0 921.0 84.0 
face 1.0 930.0 66.0 935.0 73.0 
face 1.0 936.0 80.0 942.0 86.0 
face 1.0 911.0 87.0 917.0 96.0 
face 1.0 895.0 115.0 900.0 120.0 
face 1.0 892.0 101.0 897.0 109.0 
face 1.0 953.0 78.0 959.0 86.0 
face 1.0 938.0 61.0 942.0 67.0 
face 1.0 952.0 64.0 959.0 71.0 
face 1.0 954.0 41.0 959.0 47.0 
face 1.0 968.0 42.0 972.0 49.0 
face 1.0 984.0 57.0 991.0 66.0 
face 1.0 1011.0 32.0 1015.0 39.0 
face 1.0 996.0 49.0 1001.0 56.0 
face 1.0 1006.0 60.0 1011.0 68.0 
face 1.0 1014.0 50.0 1019.0 59.0 
face 1.0 1000.0 69.0 1005.0 76.0 
face 1.0 969.0 87.0 974.0 96.0 
face 1.0 983.0 90.0 989.0 97.0 
face 1.0 1005.0 100.0 1010.0 108.0 
face 1.0 1009.0 82.0 1015.0 89.0 
face 1.0 989.0 101.0 996.0 109.0 
face 1.0 980.0 99.0 986.0 107.0 
face 1.0 955.0 95.0 960.0 103.0 
face 1.0 927.0 102.0 932.0 110.0 
face 1.0 885.0 47.0 892.0 57.0 
face 1.0 807.0 17.0 812.0 24.0 
