face 1.0 911.0 128.0 938.0 164.0 
face 1.0 897.0 231.0 925.0 266.0 
face 1.0 832.0 143.0 858.0 177.0 
face 1.0 831.0 240.0 861.0 278.0 
face 1.0 768.0 154.0 792.0 185.0 
face 1.0 740.0 234.0 770.0 271.0 
face 1.0 664.0 226.0 691.0 265.0 
face 1.0 688.0 144.0 713.0 178.0 
face 1.0 620.0 133.0 647.0 170.0 
face 1.0 595.0 246.0 625.0 287.0 
face 1.0 547.0 138.0 573.0 175.0 
face 1.0 509.0 240.0 541.0 278.0 
face 1.0 489.0 122.0 517.0 158.0 
face 1.0 411.0 267.0 441.0 303.0 
face 1.0 405.0 125.0 431.0 160.0 
face 1.0 335.0 132.0 361.0 169.0 
face 1.0 326.0 230.0 355.0 276.0 
face 1.0 100.0 133.0 129.0 171.0 
face 1.0 174.0 123.0 202.0 160.0 
face 1.0 164.0 251.0 198.0 292.0 
face 1.0 241.0 247.0 271.0 284.0 
face 1.0 266.0 136.0 297.0 175.0 
