face 1.0 125.0 149.0 152.0 183.0 
face 1.0 219.0 174.0 247.0 211.0 
face 1.0 162.0 258.0 190.0 294.0 
face 1.0 73.0 255.0 102.0 288.0 
face 1.0 240.0 259.0 269.0 296.0 
face 1.0 292.0 163.0 318.0 200.0 
face 1.0 365.0 159.0 393.0 199.0 
face 1.0 325.0 246.0 357.0 282.0 
face 1.0 412.0 242.0 442.0 280.0 
face 1.0 135.0 366.0 171.0 410.0 
face 1.0 264.0 362.0 297.0 404.0 
face 1.0 384.0 348.0 417.0 392.0 
face 1.0 506.0 344.0 537.0 389.0 
face 1.0 442.0 152.0 469.0 188.0 
face 1.0 520.0 152.0 547.0 186.0 
face 1.0 501.0 233.0 529.0 269.0 
face 1.0 610.0 153.0 638.0 192.0 
face 1.0 675.0 158.0 702.0 189.0 
face 1.0 740.0 157.0 768.0 195.0 
face 1.0 683.0 257.0 712.0 296.0 
face 1.0 602.0 272.0 632.0 311.0 
face 1.0 642.0 355.0 677.0 398.0 
face 1.0 831.0 161.0 861.0 197.0 
face 1.0 774.0 255.0 802.0 290.0 
face 1.0 892.0 250.0 922.0 294.0 
face 1.0 758.0 363.0 792.0 407.0 
