face 1.0 145.0 305.0 166.0 334.0 
face 1.0 171.0 276.0 193.0 303.0 
face 1.0 241.0 283.0 260.0 312.0 
face 1.0 193.0 340.0 213.0 365.0 
face 1.0 232.0 318.0 253.0 347.0 
face 1.0 292.0 292.0 311.0 314.0 
face 1.0 359.0 312.0 378.0 340.0 
face 1.0 397.0 322.0 416.0 346.0 
face 1.0 467.0 264.0 488.0 292.0 
face 1.0 418.0 316.0 438.0 347.0 
face 1.0 479.0 320.0 500.0 343.0 
face 1.0 509.0 316.0 532.0 343.0 
face 1.0 139.0 415.0 160.0 442.0 
face 1.0 134.0 456.0 155.0 484.0 
face 1.0 206.0 432.0 228.0 460.0 
face 1.0 247.0 420.0 267.0 448.0 
face 1.0 323.0 382.0 343.0 410.0 
face 1.0 289.0 460.0 309.0 489.0 
face 1.0 330.0 449.0 352.0 476.0 
face 1.0 370.0 405.0 392.0 433.0 
face 1.0 377.0 450.0 399.0 481.0 
face 1.0 436.0 414.0 456.0 439.0 
face 1.0 462.0 422.0 485.0 453.0 
face 1.0 514.0 421.0 537.0 452.0 
face 1.0 431.0 447.0 456.0 477.0 
face 1.0 504.0 470.0 528.0 502.0 
face 1.0 364.0 514.0 387.0 544.0 
face 1.0 579.0 301.0 600.0 336.0 
face 1.0 642.0 314.0 660.0 340.0 
face 1.0 713.0 319.0 733.0 345.0 
face 1.0 777.0 306.0 799.0 335.0 
face 1.0 863.0 326.0 882.0 351.0 
face 1.0 550.0 467.0 571.0 494.0 
face 1.0 596.0 422.0 615.0 453.0 
face 1.0 646.0 422.0 668.0 450.0 
face 1.0 656.0 460.0 675.0 490.0 
face 1.0 708.0 416.0 731.0 448.0 
face 1.0 761.0 427.0 783.0 455.0 
face 1.0 818.0 474.0 839.0 500.0 
face 1.0 893.0 487.0 915.0 516.0 
face 1.0 46.0 449.0 67.0 478.0 
face 1.0 209.0 301.0 226.0 327.0 
face 1.0 601.0 296.0 621.0 321.0 
