face 1.0 805.0 333.0 819.0 350.0 
face 1.0 733.0 253.0 742.0 265.0 
face 1.0 1014.0 257.0 1023.0 270.0 
face 1.0 164.0 223.0 172.0 236.0 
face 1.0 726.0 69.0 732.0 79.0 
face 1.0 686.0 66.0 693.0 74.0 
face 1.0 648.0 71.0 655.0 79.0 
face 1.0 610.0 64.0 618.0 73.0 
face 1.0 634.0 38.0 640.0 48.0 
face 1.0 636.0 18.0 644.0 27.0 
face 1.0 673.0 21.0 680.0 31.0 
face 1.0 703.0 39.0 710.0 48.0 
face 1.0 732.0 38.0 739.0 48.0 
face 1.0 760.0 69.0 767.0 78.0 
face 1.0 769.0 43.0 776.0 53.0 
face 1.0 709.0 19.0 716.0 31.0 
face 1.0 779.0 19.0 785.0 29.0 
face 1.0 855.0 67.0 861.0 76.0 
face 1.0 893.0 63.0 900.0 73.0 
face 1.0 1008.0 61.0 1016.0 71.0 
face 1.0 1015.0 40.0 1022.0 51.0 
face 1.0 980.0 41.0 987.0 50.0 
face 1.0 944.0 42.0 951.0 51.0 
face 1.0 899.0 37.0 907.0 48.0 
face 1.0 870.0 36.0 877.0 46.0 
face 1.0 875.0 11.0 882.0 21.0 
face 1.0 911.0 18.0 920.0 29.0 
face 1.0 948.0 14.0 956.0 24.0 
face 1.0 984.0 11.0 992.0 21.0 
