face 1.0 528.0 212.0 550.0 243.0 
face 1.0 566.0 197.0 591.0 223.0 
face 1.0 609.0 220.0 637.0 250.0 
face 1.0 651.0 199.0 677.0 227.0 
face 1.0 695.0 191.0 720.0 221.0 
face 1.0 731.0 190.0 753.0 217.0 
face 1.0 786.0 194.0 810.0 231.0 
face 1.0 817.0 192.0 836.0 219.0 
face 1.0 880.0 189.0 903.0 220.0 
face 1.0 764.0 283.0 792.0 324.0 
face 1.0 666.0 275.0 694.0 314.0 
face 1.0 567.0 287.0 598.0 324.0 
face 1.0 128.0 201.0 154.0 234.0 
face 1.0 172.0 192.0 199.0 225.0 
face 1.0 231.0 198.0 257.0 231.0 
face 1.0 277.0 201.0 304.0 235.0 
face 1.0 324.0 205.0 346.0 234.0 
face 1.0 378.0 209.0 403.0 244.0 
face 1.0 412.0 204.0 435.0 236.0 
face 1.0 444.0 213.0 469.0 247.0 
face 1.0 492.0 201.0 515.0 232.0 
face 1.0 343.0 296.0 372.0 332.0 
face 1.0 438.0 300.0 467.0 337.0 
face 1.0 549.0 369.0 582.0 415.0 
face 1.0 475.0 366.0 507.0 408.0 
