face 1.0 421.0 704.0 427.0 712.0 
face 1.0 410.0 687.0 416.0 696.0 
face 1.0 405.0 705.0 410.0 711.0 
face 1.0 513.0 702.0 521.0 713.0 
face 1.0 560.0 704.0 565.0 713.0 
face 1.0 585.0 710.0 592.0 719.0 
face 1.0 613.0 704.0 619.0 712.0 
face 1.0 700.0 710.0 707.0 720.0 
face 1.0 650.0 743.0 660.0 752.0 
face 1.0 639.0 691.0 646.0 699.0 
face 1.0 753.0 674.0 758.0 683.0 
face 1.0 728.0 675.0 732.0 683.0 
face 1.0 714.0 670.0 719.0 678.0 
face 1.0 682.0 679.0 687.0 686.0 
face 1.0 716.0 702.0 721.0 713.0 
face 1.0 919.0 691.0 924.0 696.0 
face 1.0 901.0 736.0 911.0 751.0 
face 1.0 838.0 741.0 848.0 754.0 
face 1.0 819.0 769.0 833.0 782.0 
face 1.0 911.0 759.0 923.0 776.0 
face 1.0 964.0 773.0 974.0 788.0 
face 1.0 802.0 750.0 811.0 762.0 
face 1.0 958.0 730.0 966.0 740.0 
