face 1.0 109.0 248.0 120.0 261.0 
face 1.0 139.0 249.0 148.0 260.0 
face 1.0 207.0 253.0 217.0 267.0 
face 1.0 236.0 272.0 247.0 285.0 
face 1.0 268.0 257.0 279.0 270.0 
face 1.0 297.0 255.0 308.0 268.0 
face 1.0 351.0 255.0 362.0 269.0 
face 1.0 326.0 260.0 336.0 272.0 
face 1.0 392.0 256.0 402.0 270.0 
face 1.0 422.0 253.0 432.0 266.0 
face 1.0 417.0 271.0 427.0 284.0 
face 1.0 463.0 254.0 473.0 267.0 
face 1.0 490.0 245.0 500.0 258.0 
face 1.0 524.0 242.0 534.0 255.0 
face 1.0 611.0 235.0 620.0 247.0 
face 1.0 653.0 232.0 664.0 247.0 
face 1.0 695.0 233.0 705.0 249.0 
face 1.0 741.0 223.0 752.0 239.0 
face 1.0 753.0 223.0 769.0 244.0 
face 1.0 819.0 243.0 829.0 254.0 
face 1.0 927.0 213.0 938.0 229.0 
face 1.0 182.0 248.0 190.0 260.0 
face 1.0 559.0 247.0 570.0 255.0 
face 1.0 668.0 237.0 674.0 244.0 
face 1.0 441.0 271.0 448.0 280.0 
face 1.0 473.0 251.0 478.0 258.0 
face 1.0 710.0 225.0 727.0 248.0 
