face 1.0 18.0 294.0 26.0 308.0 
face 1.0 76.0 234.0 84.0 246.0 
face 1.0 96.0 325.0 107.0 340.0 
face 1.0 23.0 342.0 32.0 354.0 
face 1.0 195.0 259.0 206.0 273.0 
face 1.0 222.0 267.0 233.0 280.0 
face 1.0 251.0 253.0 259.0 262.0 
face 1.0 161.0 300.0 171.0 312.0 
face 1.0 414.0 426.0 433.0 448.0 
face 1.0 443.0 515.0 465.0 524.0 
face 1.0 808.0 361.0 824.0 380.0 
face 1.0 443.0 313.0 450.0 325.0 
face 1.0 475.0 303.0 481.0 315.0 
face 1.0 508.0 261.0 516.0 267.0 
face 1.0 224.0 196.0 228.0 203.0 
face 1.0 294.0 197.0 299.0 204.0 
face 1.0 423.0 194.0 428.0 201.0 
face 1.0 395.0 200.0 400.0 206.0 
face 1.0 372.0 204.0 378.0 212.0 
face 1.0 350.0 203.0 355.0 209.0 
face 1.0 343.0 189.0 347.0 195.0 
face 1.0 350.0 186.0 353.0 191.0 
face 1.0 357.0 188.0 361.0 194.0 
face 1.0 390.0 187.0 394.0 193.0 
face 1.0 372.0 185.0 377.0 192.0 
face 1.0 435.0 197.0 439.0 202.0 
face 1.0 467.0 185.0 472.0 192.0 
face 1.0 792.0 221.0 799.0 230.0 
face 1.0 794.0 208.0 799.0 216.0 
face 1.0 590.0 228.0 594.0 234.0 
face 1.0 1.0 373.0 15.0 390.0 
face 1.0 454.0 206.0 459.0 211.0 
face 1.0 865.0 198.0 872.0 205.0 
face 1.0 855.0 210.0 863.0 219.0 
face 1.0 571.0 213.0 578.0 220.0 
face 1.0 513.0 212.0 518.0 220.0 
face 1.0 616.0 169.0 622.0 177.0 
face 1.0 686.0 180.0 692.0 186.0 
face 1.0 550.0 179.0 555.0 186.0 
