face 1.0 826.0 364.0 834.0 375.0 
face 1.0 804.0 368.0 810.0 376.0 
face 1.0 771.0 365.0 781.0 376.0 
face 1.0 741.0 365.0 748.0 375.0 
face 1.0 672.0 364.0 680.0 375.0 
face 1.0 640.0 365.0 647.0 375.0 
face 1.0 609.0 362.0 616.0 371.0 
face 1.0 572.0 361.0 579.0 370.0 
face 1.0 545.0 364.0 552.0 372.0 
face 1.0 511.0 360.0 519.0 370.0 
face 1.0 464.0 370.0 471.0 381.0 
face 1.0 406.0 376.0 415.0 386.0 
face 1.0 367.0 385.0 376.0 394.0 
face 1.0 323.0 381.0 331.0 391.0 
face 1.0 275.0 387.0 282.0 397.0 
face 1.0 234.0 380.0 243.0 392.0 
face 1.0 51.0 367.0 60.0 382.0 
