face 1.0 784.0 148.0 811.0 181.0 
face 1.0 696.0 202.0 706.0 215.0 
face 1.0 304.0 88.0 324.0 117.0 
face 1.0 352.0 183.0 372.0 208.0 
face 1.0 445.0 134.0 477.0 180.0 
face 1.0 460.0 224.0 505.0 257.0 
face 1.0 395.0 97.0 411.0 122.0 
face 1.0 1026.0 474.0 1026.0 497.0 
face 1.0 384.0 97.0 395.0 112.0 
face 1.0 521.0 114.0 548.0 154.0 
face 1.0 499.0 137.0 520.0 159.0 
face 1.0 325.0 86.0 343.0 111.0 
face 1.0 303.0 173.0 320.0 195.0 
face 1.0 274.0 74.0 287.0 87.0 
face 1.0 329.0 72.0 342.0 85.0 
face 1.0 652.0 198.0 662.0 209.0 
face 1.0 661.0 210.0 671.0 219.0 
face 1.0 676.0 206.0 685.0 219.0 
face 1.0 668.0 201.0 676.0 211.0 
face 1.0 599.0 177.0 608.0 189.0 
face 1.0 627.0 173.0 636.0 184.0 
face 1.0 626.0 137.0 631.0 144.0 
face 1.0 619.0 164.0 624.0 170.0 
face 1.0 639.0 212.0 646.0 221.0 
face 1.0 418.0 108.0 437.0 133.0 
face 1.0 359.0 94.0 375.0 111.0 
face 1.0 612.0 188.0 622.0 199.0 
face 1.0 653.0 178.0 663.0 189.0 
face 1.0 634.0 220.0 654.0 237.0 
face 1.0 550.0 127.0 559.0 139.0 
face 1.0 593.0 112.0 605.0 125.0 
face 1.0 665.0 182.0 671.0 193.0 
