face 1.0 910.0 21.0 951.0 82.0 
face 1.0 746.0 2.0 801.0 58.0 
face 1.0 838.0 132.0 886.0 191.0 
face 1.0 422.0 20.0 472.0 89.0 
face 1.0 283.0 45.0 330.0 100.0 
face 1.0 117.0 48.0 169.0 109.0 
face 1.0 221.0 169.0 263.0 225.0 
face 1.0 384.0 144.0 433.0 197.0 
face 1.0 612.0 272.0 663.0 327.0 
face 1.0 805.0 251.0 851.0 311.0 
face 1.0 939.0 247.0 986.0 310.0 
face 1.0 459.0 259.0 514.0 318.0 
face 1.0 315.0 268.0 361.0 326.0 
face 1.0 168.0 281.0 223.0 336.0 
face 1.0 385.0 384.0 429.0 439.0 
face 1.0 341.0 486.0 387.0 545.0 
face 1.0 280.0 429.0 321.0 485.0 
face 1.0 22.0 381.0 80.0 435.0 
face 1.0 998.0 128.0 1024.0 186.0 
face 1.0 993.0 459.0 1024.0 520.0 
face 1.0 955.0 580.0 1011.0 644.0 
face 1.0 824.0 479.0 875.0 538.0 
face 1.0 728.0 368.0 777.0 427.0 
face 1.0 666.0 482.0 723.0 546.0 
face 1.0 779.0 608.0 835.0 670.0 
face 1.0 533.0 723.0 609.0 814.0 
face 1.0 729.0 731.0 781.0 807.0 
face 1.0 899.0 707.0 951.0 774.0 
face 1.0 298.0 848.0 356.0 920.0 
face 1.0 159.0 812.0 209.0 874.0 
face 1.0 284.0 684.0 354.0 760.0 
face 1.0 12.0 635.0 66.0 700.0 
face 1.0 214.0 623.0 261.0 687.0 
face 1.0 567.0 376.0 617.0 433.0 
face 1.0 88.0 154.0 135.0 210.0 
face 1.0 323.0 371.0 370.0 421.0 
