face 1.0 245.0 113.0 302.0 182.0 
face 1.0 748.0 144.0 803.0 219.0 
face 1.0 458.0 163.0 479.0 188.0 
face 1.0 531.0 131.0 550.0 157.0 
face 1.0 602.0 131.0 621.0 153.0 
face 1.0 590.0 195.0 611.0 224.0 
face 1.0 528.0 175.0 549.0 202.0 
face 1.0 499.0 198.0 519.0 229.0 
face 1.0 726.0 81.0 744.0 109.0 
face 1.0 813.0 73.0 838.0 107.0 
face 1.0 832.0 145.0 854.0 178.0 
face 1.0 877.0 175.0 904.0 206.0 
face 1.0 940.0 73.0 960.0 100.0 
face 1.0 882.0 40.0 901.0 66.0 
face 1.0 882.0 11.0 899.0 34.0 
face 1.0 807.0 28.0 825.0 50.0 
face 1.0 672.0 1.0 689.0 24.0 
face 1.0 738.0 3.0 759.0 31.0 
face 1.0 944.0 6.0 960.0 29.0 
face 1.0 7.0 17.0 21.0 35.0 
face 1.0 59.0 25.0 78.0 48.0 
face 1.0 123.0 23.0 141.0 44.0 
face 1.0 180.0 21.0 200.0 45.0 
face 1.0 243.0 20.0 262.0 45.0 
face 1.0 307.0 13.0 327.0 41.0 
face 1.0 1011.0 80.0 1024.0 106.0 
face 1.0 966.0 192.0 993.0 223.0 
face 1.0 935.0 146.0 959.0 176.0 
