face 1.0 566.0 940.0 582.0 960.0 
face 1.0 700.0 951.0 720.0 970.0 
face 1.0 739.0 1014.0 757.0 1033.0 
face 1.0 369.0 945.0 385.0 964.0 
face 1.0 329.0 957.0 343.0 976.0 
face 1.0 343.0 1015.0 366.0 1043.0 
face 1.0 931.0 984.0 968.0 1031.0 
face 1.0 204.0 1159.0 239.0 1203.0 
face 1.0 57.0 1185.0 92.0 1227.0 
face 1.0 51.0 1044.0 77.0 1079.0 
face 1.0 50.0 984.0 75.0 1010.0 
face 1.0 633.0 974.0 645.0 993.0 
face 1.0 45.0 926.0 58.0 941.0 
face 1.0 4.0 940.0 15.0 965.0 
face 1.0 5.0 982.0 14.0 1009.0 
face 1.0 992.0 934.0 1010.0 952.0 
