face 1.0 864.0 17.0 898.0 64.0 
face 1.0 925.0 77.0 945.0 108.0 
face 1.0 782.0 41.0 805.0 69.0 
face 1.0 824.0 49.0 843.0 73.0 
face 1.0 773.0 44.0 789.0 70.0 
face 1.0 706.0 28.0 733.0 65.0 
face 1.0 666.0 54.0 685.0 80.0 
face 1.0 522.0 44.0 546.0 80.0 
face 1.0 500.0 32.0 522.0 62.0 
face 1.0 607.0 47.0 622.0 69.0 
face 1.0 14.0 9.0 51.0 52.0 
face 1.0 109.0 33.0 133.0 63.0 
face 1.0 404.0 23.0 438.0 76.0 
face 1.0 337.0 33.0 356.0 63.0 
face 1.0 372.0 32.0 397.0 64.0 
face 1.0 237.0 11.0 261.0 46.0 
face 1.0 315.0 37.0 333.0 64.0 
face 1.0 306.0 28.0 322.0 55.0 
face 1.0 206.0 27.0 230.0 52.0 
face 1.0 137.0 4.0 162.0 37.0 
face 1.0 71.0 2.0 93.0 33.0 
face 1.0 53.0 24.0 78.0 57.0 
face 1.0 565.0 122.0 626.0 180.0 
face 1.0 183.0 27.0 204.0 52.0 
face 1.0 399.0 19.0 424.0 53.0 
face 1.0 950.0 62.0 979.0 97.0 
face 1.0 972.0 20.0 993.0 49.0 
