face 1.0 393.0 245.0 402.0 256.0 
face 1.0 368.0 255.0 379.0 271.0 
face 1.0 356.0 235.0 362.0 244.0 
face 1.0 382.0 241.0 387.0 249.0 
face 1.0 298.0 254.0 309.0 268.0 
face 1.0 256.0 264.0 271.0 283.0 
face 1.0 577.0 265.0 584.0 279.0 
face 1.0 595.0 259.0 604.0 272.0 
face 1.0 542.0 256.0 549.0 266.0 
face 1.0 576.0 374.0 587.0 385.0 
face 1.0 144.0 184.0 151.0 195.0 
face 1.0 128.0 192.0 135.0 199.0 
face 1.0 103.0 190.0 110.0 200.0 
face 1.0 76.0 185.0 85.0 197.0 
face 1.0 20.0 189.0 27.0 199.0 
face 1.0 54.0 285.0 66.0 308.0 
face 1.0 72.0 267.0 86.0 290.0 
face 1.0 104.0 259.0 119.0 276.0 
face 1.0 143.0 258.0 155.0 276.0 
face 1.0 124.0 257.0 138.0 276.0 
face 1.0 48.0 259.0 59.0 273.0 
face 1.0 5.0 266.0 13.0 287.0 
face 1.0 14.0 253.0 27.0 268.0 
face 1.0 864.0 158.0 870.0 165.0 
face 1.0 964.0 140.0 971.0 151.0 
face 1.0 900.0 272.0 908.0 282.0 
face 1.0 945.0 276.0 954.0 288.0 
face 1.0 838.0 273.0 850.0 289.0 
face 1.0 830.0 264.0 838.0 276.0 
face 1.0 805.0 275.0 816.0 292.0 
face 1.0 794.0 261.0 802.0 271.0 
face 1.0 786.0 264.0 794.0 275.0 
face 1.0 769.0 265.0 778.0 276.0 
face 1.0 760.0 262.0 768.0 271.0 
face 1.0 745.0 273.0 754.0 283.0 
face 1.0 698.0 278.0 706.0 290.0 
face 1.0 723.0 258.0 732.0 272.0 
face 1.0 708.0 257.0 718.0 268.0 
face 1.0 689.0 260.0 698.0 271.0 
face 1.0 658.0 274.0 667.0 282.0 
face 1.0 671.0 259.0 680.0 270.0 
face 1.0 638.0 232.0 647.0 243.0 
face 1.0 626.0 229.0 630.0 236.0 
face 1.0 632.0 267.0 638.0 278.0 
face 1.0 614.0 259.0 622.0 271.0 
face 1.0 928.0 323.0 939.0 349.0 
face 1.0 1012.0 270.0 1020.0 280.0 
face 1.0 953.0 265.0 964.0 283.0 
face 1.0 891.0 264.0 898.0 274.0 
face 1.0 331.0 212.0 336.0 217.0 
face 1.0 317.0 212.0 321.0 217.0 
face 1.0 304.0 209.0 307.0 213.0 
face 1.0 182.0 190.0 189.0 198.0 
face 1.0 203.0 189.0 211.0 198.0 
face 1.0 176.0 259.0 191.0 283.0 
face 1.0 229.0 257.0 247.0 277.0 
face 1.0 209.0 244.0 224.0 268.0 
face 1.0 357.0 266.0 372.0 284.0 
face 1.0 197.0 341.0 221.0 370.0 
face 1.0 424.0 394.0 442.0 416.0 
face 1.0 456.0 398.0 474.0 433.0 
face 1.0 318.0 274.0 328.0 293.0 
face 1.0 543.0 279.0 552.0 290.0 
face 1.0 493.0 270.0 500.0 283.0 
face 1.0 478.0 273.0 488.0 289.0 
face 1.0 459.0 260.0 470.0 277.0 
face 1.0 477.0 250.0 486.0 260.0 
face 1.0 509.0 252.0 517.0 261.0 
face 1.0 550.0 230.0 555.0 237.0 
face 1.0 595.0 226.0 602.0 232.0 
face 1.0 495.0 238.0 500.0 243.0 
face 1.0 419.0 268.0 430.0 283.0 
face 1.0 401.0 276.0 409.0 286.0 
face 1.0 420.0 249.0 429.0 265.0 
face 1.0 441.0 246.0 450.0 261.0 
face 1.0 392.0 232.0 401.0 241.0 
