face 1.0 70.0 152.0 148.0 228.0 
face 1.0 104.0 204.0 172.0 265.0 
face 1.0 300.0 154.0 331.0 201.0 
face 1.0 602.0 181.0 631.0 217.0 
face 1.0 680.0 135.0 710.0 181.0 
face 1.0 717.0 155.0 743.0 181.0 
face 1.0 770.0 173.0 799.0 211.0 
face 1.0 56.0 493.0 108.0 560.0 
face 1.0 672.0 410.0 718.0 469.0 
face 1.0 9.0 710.0 93.0 803.0 
face 1.0 973.0 211.0 1007.0 252.0 
face 1.0 320.0 449.0 328.0 461.0 
face 1.0 332.0 445.0 340.0 455.0 
face 1.0 279.0 453.0 288.0 466.0 
face 1.0 420.0 453.0 431.0 467.0 
face 1.0 448.0 454.0 456.0 463.0 
face 1.0 434.0 445.0 443.0 456.0 
face 1.0 359.0 899.0 564.0 1024.0 
