face 1.0 856.0 255.0 870.0 282.0 
face 1.0 428.0 316.0 457.0 353.0 
face 1.0 192.0 230.0 218.0 264.0 
face 1.0 84.0 157.0 102.0 181.0 
face 1.0 115.0 118.0 130.0 140.0 
face 1.0 93.0 92.0 102.0 106.0 
face 1.0 51.0 65.0 57.0 73.0 
face 1.0 25.0 57.0 30.0 62.0 
face 1.0 136.0 65.0 140.0 74.0 
face 1.0 166.0 65.0 172.0 73.0 
face 1.0 252.0 74.0 259.0 81.0 
face 1.0 276.0 76.0 281.0 83.0 
face 1.0 111.0 264.0 144.0 316.0 
face 1.0 68.0 281.0 104.0 349.0 
face 1.0 478.0 274.0 500.0 308.0 
face 1.0 425.0 269.0 445.0 299.0 
face 1.0 331.0 181.0 348.0 200.0 
face 1.0 394.0 194.0 413.0 219.0 
face 1.0 344.0 221.0 358.0 242.0 
face 1.0 372.0 107.0 380.0 120.0 
face 1.0 389.0 103.0 399.0 116.0 
face 1.0 463.0 98.0 470.0 107.0 
face 1.0 527.0 185.0 541.0 207.0 
face 1.0 608.0 170.0 618.0 187.0 
face 1.0 637.0 164.0 643.0 176.0 
face 1.0 663.0 171.0 673.0 190.0 
face 1.0 476.0 146.0 490.0 163.0 
face 1.0 495.0 106.0 503.0 119.0 
face 1.0 537.0 140.0 551.0 156.0 
face 1.0 585.0 143.0 594.0 153.0 
face 1.0 554.0 138.0 566.0 151.0 
face 1.0 647.0 144.0 657.0 156.0 
face 1.0 608.0 135.0 616.0 146.0 
face 1.0 614.0 150.0 625.0 163.0 
face 1.0 547.0 165.0 557.0 181.0 
face 1.0 716.0 185.0 729.0 203.0 
face 1.0 713.0 166.0 726.0 183.0 
face 1.0 771.0 181.0 784.0 201.0 
face 1.0 819.0 188.0 832.0 209.0 
face 1.0 897.0 190.0 910.0 211.0 
face 1.0 924.0 193.0 938.0 213.0 
face 1.0 872.0 191.0 883.0 209.0 
face 1.0 857.0 205.0 869.0 223.0 
face 1.0 955.0 183.0 970.0 201.0 
face 1.0 847.0 176.0 859.0 193.0 
face 1.0 882.0 165.0 893.0 181.0 
face 1.0 972.0 196.0 984.0 217.0 
face 1.0 824.0 168.0 834.0 180.0 
face 1.0 812.0 169.0 822.0 184.0 
face 1.0 791.0 173.0 807.0 195.0 
face 1.0 844.0 156.0 853.0 172.0 
face 1.0 897.0 222.0 914.0 238.0 
face 1.0 786.0 227.0 796.0 245.0 
face 1.0 1011.0 187.0 1023.0 210.0 
face 1.0 979.0 330.0 1005.0 372.0 
face 1.0 757.0 173.0 768.0 191.0 
