face 1.0 290.0 237.0 308.0 264.0 
face 1.0 308.0 281.0 329.0 309.0 
face 1.0 445.0 224.0 461.0 254.0 
face 1.0 518.0 270.0 540.0 295.0 
face 1.0 394.0 268.0 414.0 298.0 
face 1.0 141.0 211.0 163.0 240.0 
face 1.0 555.0 263.0 566.0 284.0 
face 1.0 749.0 258.0 765.0 286.0 
face 1.0 845.0 419.0 868.0 451.0 
face 1.0 979.0 360.0 994.0 390.0 
face 1.0 799.0 240.0 815.0 267.0 
face 1.0 907.0 216.0 922.0 243.0 
face 1.0 872.0 396.0 896.0 416.0 
face 1.0 715.0 236.0 732.0 262.0 
face 1.0 658.0 246.0 673.0 270.0 
face 1.0 677.0 461.0 692.0 477.0 
face 1.0 659.0 304.0 679.0 331.0 
