face 1.0 387.0 278.0 412.0 312.0 
face 1.0 389.0 232.0 410.0 259.0 
face 1.0 635.0 217.0 677.0 258.0 
face 1.0 262.0 237.0 284.0 263.0 
face 1.0 279.0 216.0 298.0 238.0 
face 1.0 306.0 222.0 327.0 247.0 
face 1.0 297.0 250.0 316.0 273.0 
face 1.0 324.0 242.0 341.0 266.0 
face 1.0 410.0 234.0 427.0 257.0 
face 1.0 418.0 267.0 438.0 296.0 
face 1.0 461.0 240.0 484.0 270.0 
face 1.0 519.0 281.0 540.0 309.0 
face 1.0 816.0 247.0 839.0 280.0 
face 1.0 728.0 262.0 750.0 292.0 
face 1.0 736.0 230.0 754.0 254.0 
face 1.0 865.0 146.0 877.0 164.0 
face 1.0 902.0 156.0 912.0 170.0 
face 1.0 940.0 148.0 953.0 164.0 
face 1.0 542.0 122.0 558.0 143.0 
face 1.0 687.0 241.0 707.0 262.0 
