face 1.0 424.0 374.0 455.0 414.0 
face 1.0 717.0 386.0 749.0 434.0 
face 1.0 674.0 354.0 710.0 386.0 
face 1.0 790.0 341.0 813.0 370.0 
face 1.0 756.0 430.0 770.0 461.0 
face 1.0 853.0 385.0 872.0 428.0 
face 1.0 359.0 224.0 384.0 257.0 
face 1.0 470.0 213.0 492.0 240.0 
face 1.0 561.0 235.0 586.0 270.0 
face 1.0 677.0 229.0 701.0 260.0 
face 1.0 649.0 212.0 670.0 242.0 
face 1.0 660.0 62.0 681.0 94.0 
face 1.0 540.0 97.0 559.0 122.0 
face 1.0 508.0 73.0 530.0 102.0 
face 1.0 467.0 75.0 486.0 104.0 
face 1.0 358.0 69.0 383.0 104.0 
face 1.0 297.0 50.0 319.0 81.0 
face 1.0 246.0 91.0 273.0 122.0 
face 1.0 193.0 43.0 212.0 73.0 
face 1.0 204.0 210.0 234.0 246.0 
face 1.0 253.0 224.0 279.0 266.0 
face 1.0 285.0 212.0 302.0 239.0 
face 1.0 429.0 222.0 448.0 245.0 
face 1.0 234.0 350.0 266.0 403.0 
face 1.0 257.0 331.0 284.0 365.0 
face 1.0 277.0 354.0 304.0 395.0 
face 1.0 322.0 355.0 350.0 397.0 
face 1.0 416.0 347.0 447.0 389.0 
face 1.0 338.0 419.0 362.0 461.0 
face 1.0 216.0 442.0 227.0 468.0 
face 1.0 93.0 356.0 119.0 392.0 
face 1.0 55.0 197.0 83.0 227.0 
face 1.0 51.0 246.0 82.0 279.0 
face 1.0 22.0 104.0 37.0 125.0 
face 1.0 849.0 32.0 868.0 64.0 
face 1.0 894.0 49.0 914.0 75.0 
face 1.0 1003.0 44.0 1017.0 65.0 
face 1.0 939.0 160.0 959.0 198.0 
face 1.0 989.0 188.0 1014.0 223.0 
face 1.0 790.0 219.0 812.0 247.0 
face 1.0 903.0 160.0 924.0 189.0 
face 1.0 763.0 41.0 780.0 64.0 
face 1.0 818.0 8.0 837.0 36.0 
face 1.0 941.0 3.0 961.0 23.0 
face 1.0 976.0 22.0 991.0 42.0 
face 1.0 645.0 0.0 668.0 20.0 
face 1.0 791.0 67.0 813.0 94.0 
face 1.0 861.0 345.0 888.0 378.0 
face 1.0 866.0 412.0 889.0 451.0 
face 1.0 940.0 406.0 962.0 450.0 
face 1.0 955.0 371.0 982.0 406.0 
face 1.0 958.0 414.0 982.0 460.0 
face 1.0 130.0 434.0 151.0 458.0 
face 1.0 726.0 357.0 749.0 392.0 
face 1.0 644.0 344.0 663.0 378.0 
face 1.0 778.0 393.0 805.0 425.0 
face 1.0 981.0 410.0 992.0 447.0 
face 1.0 782.0 367.0 810.0 403.0 
