face 1.0 489.0 320.0 527.0 378.0 
face 1.0 661.0 360.0 703.0 418.0 
face 1.0 921.0 351.0 981.0 416.0 
face 1.0 976.0 320.0 996.0 355.0 
face 1.0 924.0 312.0 953.0 347.0 
face 1.0 789.0 318.0 806.0 346.0 
face 1.0 777.0 315.0 791.0 340.0 
face 1.0 547.0 302.0 558.0 315.0 
face 1.0 528.0 310.0 537.0 323.0 
face 1.0 461.0 306.0 479.0 333.0 
face 1.0 994.0 277.0 1003.0 286.0 
face 1.0 979.0 284.0 986.0 294.0 
face 1.0 962.0 274.0 969.0 281.0 
face 1.0 901.0 328.0 916.0 349.0 
face 1.0 749.0 305.0 758.0 320.0 
face 1.0 761.0 288.0 770.0 303.0 
face 1.0 672.0 300.0 687.0 317.0 
face 1.0 588.0 289.0 595.0 302.0 
face 1.0 784.0 298.0 806.0 324.0 
face 1.0 809.0 296.0 819.0 307.0 
face 1.0 277.0 365.0 313.0 409.0 
face 1.0 337.0 385.0 386.0 451.0 
face 1.0 402.0 335.0 430.0 376.0 
face 1.0 349.0 324.0 367.0 349.0 
face 1.0 110.0 409.0 138.0 455.0 
face 1.0 141.0 404.0 161.0 448.0 
face 1.0 60.0 386.0 99.0 426.0 
face 1.0 233.0 319.0 244.0 333.0 
face 1.0 338.0 330.0 347.0 343.0 
face 1.0 373.0 316.0 383.0 328.0 
face 1.0 18.0 311.0 27.0 320.0 
face 1.0 25.0 328.0 35.0 340.0 
face 1.0 26.0 354.0 40.0 379.0 
face 1.0 152.0 332.0 160.0 343.0 
face 1.0 154.0 346.0 167.0 363.0 
face 1.0 144.0 349.0 156.0 362.0 
face 1.0 134.0 340.0 142.0 350.0 
face 1.0 966.0 309.0 976.0 323.0 
face 1.0 947.0 279.0 954.0 288.0 
face 1.0 950.0 288.0 957.0 301.0 
face 1.0 1009.0 288.0 1017.0 298.0 
face 1.0 265.0 382.0 287.0 416.0 
face 1.0 190.0 316.0 198.0 323.0 
face 1.0 0.0 329.0 6.0 342.0 
face 1.0 573.0 298.0 579.0 306.0 
face 1.0 566.0 295.0 571.0 301.0 
face 1.0 717.0 313.0 727.0 329.0 
face 1.0 259.0 341.0 278.0 363.0 
face 1.0 252.0 329.0 268.0 352.0 
face 1.0 814.0 341.0 836.0 378.0 
face 1.0 748.0 292.0 759.0 306.0 
face 1.0 654.0 348.0 688.0 398.0 
