face 1.0 360.0 153.0 398.0 201.0 
face 1.0 474.0 156.0 508.0 201.0 
face 1.0 557.0 133.0 596.0 178.0 
face 1.0 654.0 125.0 692.0 176.0 
face 1.0 40.0 5.0 56.0 28.0 
face 1.0 171.0 17.0 186.0 41.0 
face 1.0 213.0 22.0 232.0 50.0 
face 1.0 270.0 19.0 286.0 48.0 
face 1.0 309.0 74.0 328.0 106.0 
face 1.0 313.0 53.0 326.0 72.0 
face 1.0 311.0 11.0 332.0 40.0 
face 1.0 339.0 0.0 355.0 22.0 
face 1.0 358.0 1.0 374.0 22.0 
face 1.0 381.0 1.0 401.0 24.0 
face 1.0 412.0 0.0 433.0 19.0 
face 1.0 452.0 0.0 472.0 20.0 
face 1.0 333.0 94.0 345.0 116.0 
face 1.0 362.0 80.0 381.0 105.0 
face 1.0 380.0 78.0 396.0 102.0 
face 1.0 401.0 69.0 419.0 96.0 
face 1.0 447.0 113.0 463.0 135.0 
face 1.0 469.0 81.0 487.0 106.0 
face 1.0 487.0 66.0 506.0 92.0 
face 1.0 508.0 59.0 531.0 86.0 
face 1.0 548.0 50.0 573.0 78.0 
face 1.0 586.0 84.0 603.0 106.0 
face 1.0 601.0 79.0 614.0 106.0 
face 1.0 427.0 83.0 443.0 99.0 
