face 1.0 70.0 308.0 102.0 343.0 
face 1.0 121.0 301.0 152.0 337.0 
face 1.0 185.0 312.0 215.0 347.0 
face 1.0 260.0 282.0 290.0 317.0 
face 1.0 323.0 296.0 351.0 331.0 
face 1.0 380.0 288.0 409.0 324.0 
face 1.0 450.0 306.0 479.0 338.0 
face 1.0 523.0 306.0 552.0 339.0 
face 1.0 581.0 323.0 606.0 354.0 
face 1.0 669.0 283.0 699.0 317.0 
face 1.0 760.0 334.0 791.0 367.0 
face 1.0 696.0 337.0 724.0 371.0 
face 1.0 678.0 398.0 708.0 431.0 
face 1.0 762.0 414.0 793.0 448.0 
face 1.0 607.0 394.0 636.0 431.0 
face 1.0 546.0 381.0 576.0 416.0 
face 1.0 477.0 388.0 507.0 419.0 
face 1.0 922.0 363.0 955.0 399.0 
face 1.0 874.0 354.0 906.0 391.0 
face 1.0 842.0 348.0 870.0 380.0 
face 1.0 824.0 336.0 847.0 369.0 
face 1.0 387.0 486.0 415.0 517.0 
face 1.0 458.0 480.0 485.0 513.0 
face 1.0 521.0 483.0 551.0 519.0 
face 1.0 607.0 488.0 638.0 523.0 
face 1.0 678.0 492.0 709.0 527.0 
face 1.0 735.0 503.0 769.0 538.0 
