face 1.0 958.0 69.0 976.0 89.0 
face 1.0 999.0 79.0 1011.0 92.0 
face 1.0 1002.0 43.0 1011.0 58.0 
face 1.0 177.0 84.0 189.0 98.0 
face 1.0 120.0 302.0 168.0 347.0 
face 1.0 261.0 260.0 306.0 311.0 
face 1.0 379.0 278.0 428.0 336.0 
face 1.0 393.0 155.0 432.0 203.0 
face 1.0 549.0 198.0 594.0 255.0 
face 1.0 503.0 312.0 550.0 368.0 
face 1.0 592.0 308.0 641.0 360.0 
face 1.0 713.0 168.0 755.0 220.0 
face 1.0 838.0 165.0 887.0 220.0 
face 1.0 770.0 320.0 824.0 379.0 
face 1.0 915.0 306.0 975.0 367.0 
face 1.0 935.0 85.0 946.0 97.0 
face 1.0 276.0 66.0 283.0 75.0 
face 1.0 369.0 71.0 376.0 81.0 
face 1.0 443.0 54.0 447.0 61.0 
face 1.0 488.0 47.0 495.0 54.0 
face 1.0 894.0 84.0 905.0 93.0 
face 1.0 184.0 72.0 192.0 78.0 
