face 1.0 853.0 294.0 868.0 313.0 
face 1.0 915.0 295.0 933.0 317.0 
face 1.0 930.0 254.0 947.0 274.0 
face 1.0 923.0 416.0 937.0 433.0 
face 1.0 955.0 409.0 970.0 432.0 
face 1.0 977.0 413.0 991.0 433.0 
face 1.0 1003.0 412.0 1020.0 433.0 
face 1.0 716.0 284.0 732.0 301.0 
face 1.0 745.0 175.0 764.0 198.0 
face 1.0 442.0 305.0 462.0 332.0 
face 1.0 370.0 317.0 389.0 337.0 
face 1.0 27.0 264.0 44.0 286.0 
face 1.0 697.0 365.0 717.0 391.0 
face 1.0 726.0 362.0 744.0 382.0 
face 1.0 501.0 92.0 558.0 153.0 
face 1.0 786.0 413.0 801.0 431.0 
face 1.0 774.0 369.0 793.0 390.0 
face 1.0 855.0 407.0 871.0 424.0 
face 1.0 742.0 302.0 758.0 324.0 
