face 1.0 841.0 262.0 882.0 303.0 
face 1.0 940.0 302.0 975.0 349.0 
face 1.0 95.0 166.0 111.0 187.0 
face 1.0 167.0 140.0 184.0 163.0 
face 1.0 113.0 120.0 126.0 139.0 
face 1.0 98.0 43.0 116.0 63.0 
face 1.0 31.0 47.0 48.0 73.0 
face 1.0 22.0 109.0 39.0 147.0 
face 1.0 231.0 255.0 251.0 280.0 
face 1.0 238.0 189.0 253.0 211.0 
face 1.0 946.0 256.0 965.0 278.0 
face 1.0 867.0 194.0 884.0 216.0 
face 1.0 931.0 178.0 945.0 196.0 
face 1.0 557.0 136.0 578.0 160.0 
face 1.0 910.0 30.0 927.0 47.0 
face 1.0 946.0 119.0 964.0 137.0 
face 1.0 710.0 101.0 730.0 123.0 
face 1.0 0.0 274.0 18.0 301.0 
face 1.0 17.0 217.0 32.0 239.0 
face 1.0 141.0 236.0 160.0 259.0 
face 1.0 37.0 252.0 76.0 294.0 
face 1.0 69.0 297.0 106.0 337.0 
face 1.0 170.0 266.0 212.0 315.0 
face 1.0 304.0 189.0 344.0 245.0 
face 1.0 422.0 212.0 456.0 257.0 
face 1.0 543.0 189.0 584.0 235.0 
face 1.0 629.0 210.0 668.0 257.0 
face 1.0 752.0 203.0 790.0 247.0 
