face 1.0 147.0 69.0 176.0 106.0 
face 1.0 234.0 66.0 259.0 101.0 
face 1.0 318.0 73.0 346.0 106.0 
face 1.0 406.0 79.0 435.0 114.0 
face 1.0 488.0 65.0 515.0 101.0 
face 1.0 581.0 76.0 610.0 111.0 
face 1.0 673.0 76.0 700.0 109.0 
face 1.0 100.0 113.0 133.0 157.0 
face 1.0 199.0 131.0 232.0 168.0 
face 1.0 299.0 132.0 333.0 172.0 
face 1.0 390.0 124.0 423.0 163.0 
face 1.0 489.0 128.0 522.0 165.0 
face 1.0 592.0 130.0 624.0 166.0 
face 1.0 694.0 130.0 727.0 167.0 
face 1.0 755.0 73.0 782.0 105.0 
face 1.0 793.0 131.0 826.0 166.0 
face 1.0 895.0 132.0 928.0 169.0 
face 1.0 182.0 234.0 217.0 274.0 
face 1.0 374.0 240.0 411.0 277.0 
face 1.0 488.0 264.0 523.0 306.0 
face 1.0 549.0 279.0 584.0 319.0 
face 1.0 670.0 253.0 707.0 296.0 
face 1.0 825.0 233.0 864.0 279.0 
face 1.0 823.0 61.0 853.0 98.0 
