face 1.0 95.0 151.0 141.0 204.0 
face 1.0 189.0 89.0 229.0 136.0 
face 1.0 314.0 75.0 359.0 130.0 
face 1.0 431.0 83.0 477.0 136.0 
face 1.0 550.0 68.0 597.0 120.0 
face 1.0 686.0 49.0 732.0 98.0 
face 1.0 746.0 101.0 794.0 158.0 
face 1.0 839.0 65.0 886.0 111.0 
face 1.0 874.0 106.0 921.0 168.0 
face 1.0 626.0 134.0 669.0 185.0 
face 1.0 482.0 139.0 532.0 194.0 
face 1.0 356.0 150.0 405.0 202.0 
face 1.0 214.0 138.0 259.0 192.0 
face 1.0 104.0 281.0 152.0 339.0 
face 1.0 250.0 280.0 298.0 338.0 
face 1.0 383.0 292.0 433.0 350.0 
face 1.0 522.0 278.0 573.0 336.0 
face 1.0 660.0 280.0 718.0 334.0 
face 1.0 809.0 273.0 858.0 329.0 
face 1.0 137.0 400.0 189.0 466.0 
face 1.0 330.0 406.0 382.0 466.0 
face 1.0 522.0 389.0 581.0 449.0 
face 1.0 760.0 380.0 814.0 440.0 
