face 1.0 59.0 537.0 90.0 571.0 
face 1.0 198.0 532.0 225.0 570.0 
face 1.0 359.0 282.0 396.0 341.0 
face 1.0 451.0 222.0 491.0 267.0 
face 1.0 549.0 606.0 558.0 618.0 
face 1.0 604.0 657.0 609.0 664.0 
face 1.0 635.0 667.0 642.0 674.0 
face 1.0 680.0 629.0 687.0 640.0 
face 1.0 647.0 630.0 655.0 642.0 
face 1.0 1001.0 595.0 1024.0 632.0 
face 1.0 907.0 561.0 932.0 592.0 
face 1.0 767.0 541.0 792.0 570.0 
face 1.0 800.0 550.0 820.0 572.0 
face 1.0 856.0 557.0 869.0 571.0 
face 1.0 942.0 631.0 960.0 655.0 
face 1.0 951.0 586.0 963.0 598.0 
face 1.0 119.0 642.0 130.0 654.0 
