face 1.0 1.0 278.0 9.0 293.0 
face 1.0 146.0 262.0 154.0 271.0 
face 1.0 128.0 264.0 134.0 269.0 
face 1.0 179.0 339.0 195.0 354.0 
face 1.0 193.0 284.0 199.0 293.0 
face 1.0 254.0 256.0 262.0 268.0 
face 1.0 378.0 261.0 385.0 273.0 
face 1.0 413.0 230.0 431.0 259.0 
face 1.0 894.0 239.0 911.0 256.0 
face 1.0 991.0 222.0 1007.0 242.0 
face 1.0 849.0 247.0 856.0 256.0 
face 1.0 635.0 243.0 640.0 250.0 
face 1.0 662.0 244.0 670.0 253.0 
face 1.0 345.0 256.0 353.0 268.0 
face 1.0 116.0 263.0 122.0 272.0 
face 1.0 704.0 300.0 720.0 320.0 
