face 1.0 408.0 154.0 412.0 159.0 
face 1.0 603.0 148.0 607.0 152.0 
face 1.0 635.0 147.0 639.0 151.0 
face 1.0 177.0 477.0 205.0 505.0 
face 1.0 263.0 385.0 276.0 398.0 
face 1.0 370.0 455.0 395.0 479.0 
face 1.0 369.0 516.0 382.0 545.0 
face 1.0 465.0 436.0 487.0 462.0 
face 1.0 403.0 254.0 406.0 258.0 
face 1.0 251.0 260.0 255.0 264.0 
face 1.0 263.0 261.0 265.0 265.0 
face 1.0 276.0 260.0 279.0 263.0 
face 1.0 999.0 396.0 1014.0 410.0 
face 1.0 909.0 462.0 935.0 490.0 
face 1.0 837.0 388.0 848.0 398.0 
face 1.0 758.0 362.0 766.0 370.0 
