face 1.0 747.0 423.0 757.0 435.0 
face 1.0 774.0 433.0 785.0 440.0 
face 1.0 793.0 431.0 802.0 441.0 
face 1.0 819.0 429.0 830.0 441.0 
face 1.0 849.0 429.0 860.0 440.0 
face 1.0 886.0 429.0 898.0 442.0 
face 1.0 293.0 333.0 298.0 338.0 
face 1.0 310.0 331.0 315.0 336.0 
face 1.0 282.0 330.0 285.0 334.0 
face 1.0 277.0 323.0 281.0 328.0 
face 1.0 333.0 344.0 338.0 348.0 
face 1.0 325.0 335.0 330.0 341.0 
face 1.0 363.0 342.0 366.0 347.0 
face 1.0 378.0 343.0 384.0 349.0 
face 1.0 408.0 377.0 414.0 384.0 
face 1.0 405.0 353.0 410.0 359.0 
face 1.0 417.0 355.0 422.0 361.0 
face 1.0 430.0 335.0 434.0 342.0 
face 1.0 461.0 398.0 468.0 405.0 
face 1.0 455.0 373.0 460.0 379.0 
face 1.0 449.0 393.0 456.0 400.0 
face 1.0 432.0 389.0 438.0 396.0 
face 1.0 415.0 387.0 421.0 393.0 
face 1.0 394.0 378.0 399.0 386.0 
face 1.0 382.0 377.0 387.0 383.0 
face 1.0 374.0 376.0 380.0 383.0 
face 1.0 366.0 377.0 371.0 382.0 
face 1.0 486.0 383.0 493.0 389.0 
face 1.0 477.0 378.0 482.0 385.0 
face 1.0 463.0 374.0 467.0 380.0 
face 1.0 456.0 381.0 461.0 387.0 
face 1.0 509.0 375.0 516.0 381.0 
face 1.0 525.0 390.0 531.0 399.0 
face 1.0 489.0 396.0 495.0 405.0 
face 1.0 508.0 403.0 515.0 410.0 
face 1.0 542.0 407.0 549.0 414.0 
face 1.0 526.0 406.0 532.0 413.0 
face 1.0 532.0 403.0 537.0 412.0 
face 1.0 542.0 395.0 549.0 402.0 
face 1.0 553.0 398.0 559.0 405.0 
face 1.0 561.0 398.0 567.0 405.0 
face 1.0 561.0 412.0 568.0 419.0 
face 1.0 581.0 410.0 589.0 421.0 
face 1.0 580.0 400.0 587.0 408.0 
face 1.0 598.0 403.0 605.0 412.0 
face 1.0 601.0 412.0 608.0 422.0 
face 1.0 612.0 402.0 621.0 412.0 
face 1.0 624.0 418.0 631.0 429.0 
face 1.0 639.0 412.0 647.0 422.0 
face 1.0 658.0 419.0 665.0 429.0 
face 1.0 663.0 409.0 670.0 419.0 
face 1.0 686.0 419.0 695.0 429.0 
face 1.0 710.0 423.0 720.0 435.0 
