face 1.0 937.0 314.0 950.0 335.0 
face 1.0 988.0 302.0 1002.0 319.0 
face 1.0 832.0 302.0 848.0 324.0 
face 1.0 869.0 303.0 881.0 316.0 
face 1.0 932.0 301.0 948.0 312.0 
face 1.0 769.0 294.0 780.0 309.0 
face 1.0 750.0 305.0 764.0 325.0 
face 1.0 707.0 312.0 725.0 336.0 
face 1.0 655.0 300.0 665.0 313.0 
face 1.0 548.0 308.0 561.0 327.0 
face 1.0 427.0 307.0 453.0 340.0 
face 1.0 447.0 301.0 464.0 328.0 
face 1.0 385.0 304.0 397.0 322.0 
face 1.0 397.0 298.0 409.0 315.0 
face 1.0 314.0 300.0 324.0 315.0 
face 1.0 299.0 304.0 310.0 320.0 
face 1.0 536.0 287.0 546.0 299.0 
face 1.0 244.0 286.0 260.0 308.0 
face 1.0 210.0 301.0 225.0 317.0 
face 1.0 181.0 306.0 204.0 332.0 
face 1.0 124.0 302.0 137.0 317.0 
face 1.0 75.0 301.0 85.0 315.0 
face 1.0 20.0 294.0 33.0 310.0 
face 1.0 867.0 289.0 876.0 302.0 
