face 1.0 884.0 313.0 948.0 400.0 
face 1.0 925.0 243.0 947.0 273.0 
face 1.0 959.0 261.0 974.0 278.0 
face 1.0 1007.0 273.0 1024.0 287.0 
face 1.0 792.0 273.0 831.0 322.0 
face 1.0 844.0 233.0 861.0 254.0 
face 1.0 882.0 263.0 893.0 277.0 
face 1.0 770.0 272.0 794.0 306.0 
face 1.0 748.0 247.0 763.0 264.0 
face 1.0 726.0 268.0 740.0 284.0 
face 1.0 684.0 268.0 703.0 297.0 
face 1.0 611.0 310.0 637.0 340.0 
face 1.0 575.0 249.0 591.0 267.0 
face 1.0 882.0 486.0 1024.0 677.0 
face 1.0 375.0 281.0 405.0 321.0 
face 1.0 273.0 303.0 342.0 402.0 
face 1.0 379.0 265.0 398.0 289.0 
face 1.0 177.0 281.0 200.0 307.0 
