face 1.0 792.0 1027.0 827.0 1076.0 
face 1.0 242.0 1176.0 264.0 1209.0 
face 1.0 319.0 1217.0 330.0 1231.0 
face 1.0 102.0 1204.0 115.0 1223.0 
face 1.0 10.0 1201.0 22.0 1218.0 
face 1.0 79.0 1211.0 87.0 1222.0 
face 1.0 405.0 1208.0 413.0 1219.0 
face 1.0 186.0 1211.0 194.0 1223.0 
face 1.0 777.0 648.0 830.0 715.0 
face 1.0 657.0 639.0 719.0 714.0 
face 1.0 271.0 599.0 331.0 680.0 
face 1.0 636.0 199.0 648.0 215.0 
face 1.0 883.0 150.0 891.0 161.0 
face 1.0 392.0 200.0 402.0 215.0 
face 1.0 341.0 220.0 355.0 247.0 
