face 1.0 945.0 203.0 965.0 225.0 
face 1.0 907.0 192.0 924.0 210.0 
face 1.0 846.0 196.0 860.0 213.0 
face 1.0 700.0 262.0 741.0 307.0 
face 1.0 685.0 239.0 711.0 274.0 
face 1.0 676.0 227.0 696.0 249.0 
face 1.0 630.0 221.0 646.0 241.0 
face 1.0 618.0 212.0 633.0 231.0 
face 1.0 486.0 231.0 509.0 258.0 
face 1.0 493.0 202.0 509.0 221.0 
face 1.0 438.0 253.0 467.0 286.0 
face 1.0 387.0 275.0 424.0 317.0 
face 1.0 327.0 223.0 346.0 246.0 
face 1.0 349.0 213.0 365.0 231.0 
face 1.0 268.0 240.0 286.0 269.0 
face 1.0 237.0 262.0 263.0 290.0 
face 1.0 478.0 224.0 492.0 242.0 
face 1.0 190.0 238.0 206.0 255.0 
face 1.0 169.0 243.0 186.0 263.0 
face 1.0 119.0 292.0 149.0 331.0 
face 1.0 92.0 257.0 114.0 282.0 
face 1.0 223.0 224.0 238.0 242.0 
face 1.0 0.0 242.0 13.0 260.0 
