face 1.0 33.0 223.0 53.0 248.0 
face 1.0 126.0 368.0 163.0 418.0 
face 1.0 180.0 245.0 212.0 286.0 
face 1.0 183.0 307.0 219.0 347.0 
face 1.0 190.0 383.0 221.0 423.0 
face 1.0 233.0 380.0 276.0 434.0 
face 1.0 641.0 346.0 670.0 382.0 
face 1.0 490.0 280.0 515.0 320.0 
face 1.0 458.0 273.0 485.0 313.0 
face 1.0 462.0 222.0 492.0 259.0 
face 1.0 539.0 234.0 564.0 273.0 
face 1.0 590.0 238.0 612.0 268.0 
face 1.0 652.0 250.0 679.0 282.0 
face 1.0 690.0 227.0 716.0 258.0 
face 1.0 711.0 337.0 742.0 379.0 
face 1.0 726.0 368.0 764.0 418.0 
face 1.0 906.0 360.0 942.0 399.0 
face 1.0 831.0 351.0 869.0 395.0 
face 1.0 788.0 312.0 817.0 353.0 
face 1.0 839.0 302.0 870.0 340.0 
face 1.0 817.0 238.0 846.0 273.0 
face 1.0 764.0 279.0 790.0 312.0 
face 1.0 731.0 239.0 753.0 264.0 
face 1.0 276.0 332.0 308.0 372.0 
face 1.0 279.0 299.0 309.0 335.0 
face 1.0 277.0 211.0 304.0 243.0 
face 1.0 353.0 392.0 385.0 431.0 
face 1.0 407.0 343.0 438.0 386.0 
face 1.0 460.0 378.0 492.0 428.0 
face 1.0 491.0 349.0 522.0 388.0 
face 1.0 526.0 382.0 557.0 423.0 
face 1.0 565.0 369.0 592.0 404.0 
face 1.0 608.0 376.0 647.0 428.0 
