face 1.0 87.0 148.0 135.0 205.0 
face 1.0 167.0 236.0 216.0 297.0 
face 1.0 300.0 251.0 345.0 310.0 
face 1.0 207.0 140.0 250.0 193.0 
face 1.0 221.0 46.0 261.0 97.0 
face 1.0 337.0 42.0 373.0 91.0 
face 1.0 420.0 74.0 456.0 119.0 
face 1.0 337.0 121.0 377.0 175.0 
face 1.0 436.0 246.0 479.0 307.0 
face 1.0 495.0 181.0 531.0 229.0 
face 1.0 521.0 71.0 553.0 116.0 
face 1.0 611.0 65.0 646.0 113.0 
face 1.0 631.0 144.0 670.0 198.0 
face 1.0 558.0 242.0 601.0 296.0 
face 1.0 678.0 232.0 721.0 291.0 
face 1.0 694.0 68.0 728.0 115.0 
face 1.0 791.0 55.0 828.0 103.0 
face 1.0 779.0 135.0 819.0 187.0 
face 1.0 902.0 131.0 945.0 187.0 
face 1.0 809.0 226.0 856.0 284.0 
