face 1.0 272.0 181.0 289.0 201.0 
face 1.0 354.0 195.0 368.0 211.0 
face 1.0 482.0 184.0 490.0 204.0 
face 1.0 487.0 154.0 496.0 169.0 
face 1.0 506.0 152.0 512.0 160.0 
face 1.0 576.0 137.0 582.0 146.0 
face 1.0 613.0 145.0 618.0 152.0 
face 1.0 642.0 189.0 655.0 208.0 
face 1.0 649.0 246.0 666.0 270.0 
face 1.0 506.0 287.0 537.0 325.0 
face 1.0 212.0 573.0 259.0 645.0 
face 1.0 496.0 551.0 551.0 621.0 
face 1.0 454.0 406.0 503.0 464.0 
face 1.0 908.0 275.0 934.0 307.0 
face 1.0 770.0 207.0 788.0 228.0 
face 1.0 784.0 185.0 800.0 204.0 
face 1.0 735.0 176.0 747.0 195.0 
face 1.0 693.0 180.0 707.0 203.0 
face 1.0 736.0 267.0 754.0 288.0 
face 1.0 915.0 128.0 926.0 138.0 
face 1.0 532.0 162.0 543.0 175.0 
face 1.0 544.0 153.0 553.0 165.0 
face 1.0 551.0 141.0 557.0 148.0 
face 1.0 0.0 191.0 12.0 230.0 
face 1.0 650.0 287.0 667.0 306.0 
