face 1.0 199.0 216.0 208.0 227.0 
face 1.0 245.0 216.0 262.0 232.0 
face 1.0 272.0 141.0 282.0 156.0 
face 1.0 846.0 182.0 857.0 193.0 
face 1.0 411.0 212.0 418.0 222.0 
face 1.0 394.0 216.0 400.0 224.0 
face 1.0 782.0 37.0 787.0 43.0 
face 1.0 812.0 41.0 818.0 48.0 
face 1.0 62.0 1.0 70.0 8.0 
face 1.0 509.0 6.0 516.0 15.0 
face 1.0 525.0 9.0 533.0 18.0 
face 1.0 659.0 27.0 666.0 35.0 
face 1.0 686.0 26.0 691.0 34.0 
face 1.0 630.0 19.0 637.0 27.0 
face 1.0 605.0 12.0 611.0 20.0 
face 1.0 463.0 0.0 470.0 8.0 
face 1.0 277.0 150.0 318.0 208.0 
face 1.0 440.0 124.0 484.0 179.0 
face 1.0 155.0 85.0 188.0 161.0 
face 1.0 865.0 129.0 914.0 180.0 
face 1.0 700.0 18.0 738.0 68.0 
face 1.0 410.0 136.0 422.0 148.0 
face 1.0 384.0 133.0 396.0 146.0 
face 1.0 365.0 136.0 376.0 149.0 
face 1.0 403.0 177.0 413.0 189.0 
face 1.0 318.0 128.0 330.0 145.0 
face 1.0 320.0 213.0 338.0 230.0 
face 1.0 189.0 132.0 202.0 146.0 
face 1.0 213.0 144.0 222.0 154.0 
face 1.0 227.0 139.0 239.0 157.0 
face 1.0 395.0 148.0 405.0 159.0 
