face 1.0 1010.0 125.0 1024.0 168.0 
face 1.0 885.0 115.0 911.0 152.0 
face 1.0 703.0 128.0 731.0 158.0 
face 1.0 691.0 42.0 723.0 81.0 
face 1.0 595.0 45.0 618.0 77.0 
face 1.0 555.0 17.0 581.0 46.0 
face 1.0 471.0 138.0 498.0 176.0 
face 1.0 472.0 29.0 497.0 70.0 
face 1.0 349.0 113.0 379.0 161.0 
face 1.0 346.0 40.0 373.0 76.0 
face 1.0 197.0 120.0 223.0 158.0 
face 1.0 182.0 38.0 208.0 77.0 
face 1.0 236.0 29.0 266.0 70.0 
face 1.0 74.0 34.0 103.0 72.0 
face 1.0 38.0 120.0 66.0 153.0 
face 1.0 285.0 554.0 311.0 593.0 
