face 1.0 982.0 197.0 997.0 214.0 
face 1.0 916.0 135.0 930.0 154.0 
face 1.0 949.0 64.0 960.0 78.0 
face 1.0 892.0 138.0 905.0 154.0 
face 1.0 842.0 130.0 858.0 150.0 
face 1.0 867.0 140.0 882.0 162.0 
face 1.0 749.0 192.0 766.0 215.0 
face 1.0 405.0 192.0 420.0 207.0 
face 1.0 347.0 195.0 357.0 208.0 
face 1.0 316.0 196.0 330.0 213.0 
face 1.0 231.0 184.0 241.0 199.0 
face 1.0 197.0 200.0 211.0 216.0 
face 1.0 183.0 154.0 197.0 174.0 
face 1.0 97.0 185.0 115.0 208.0 
face 1.0 87.0 133.0 102.0 152.0 
face 1.0 35.0 193.0 49.0 206.0 
face 1.0 7.0 151.0 19.0 168.0 
