face 1.0 997.0 537.0 1011.0 553.0 
face 1.0 413.0 258.0 420.0 267.0 
face 1.0 637.0 296.0 645.0 309.0 
face 1.0 765.0 275.0 773.0 287.0 
face 1.0 858.0 188.0 866.0 200.0 
face 1.0 978.0 219.0 984.0 227.0 
face 1.0 974.0 170.0 979.0 176.0 
face 1.0 960.0 172.0 966.0 180.0 
face 1.0 933.0 192.0 942.0 202.0 
face 1.0 910.0 195.0 920.0 204.0 
face 1.0 949.0 153.0 956.0 162.0 
face 1.0 939.0 142.0 946.0 152.0 
face 1.0 927.0 142.0 933.0 150.0 
face 1.0 972.0 137.0 977.0 145.0 
face 1.0 1004.0 149.0 1012.0 159.0 
face 1.0 956.0 110.0 962.0 121.0 
face 1.0 963.0 117.0 970.0 126.0 
face 1.0 1000.0 123.0 1008.0 133.0 
face 1.0 33.0 165.0 39.0 172.0 
face 1.0 34.0 195.0 39.0 201.0 
face 1.0 10.0 153.0 16.0 161.0 
face 1.0 53.0 187.0 61.0 196.0 
face 1.0 32.0 134.0 42.0 148.0 
face 1.0 32.0 115.0 37.0 122.0 
face 1.0 24.0 137.0 30.0 145.0 
face 1.0 57.0 140.0 65.0 153.0 
face 1.0 70.0 108.0 76.0 118.0 
face 1.0 73.0 98.0 83.0 110.0 
face 1.0 67.0 81.0 76.0 93.0 
face 1.0 0.0 112.0 8.0 126.0 
face 1.0 7.0 75.0 13.0 85.0 
face 1.0 6.0 108.0 13.0 118.0 
face 1.0 33.0 70.0 39.0 79.0 
face 1.0 15.0 61.0 23.0 74.0 
face 1.0 73.0 65.0 79.0 74.0 
face 1.0 30.0 52.0 38.0 61.0 
face 1.0 21.0 33.0 27.0 40.0 
face 1.0 50.0 34.0 57.0 43.0 
face 1.0 7.0 25.0 13.0 34.0 
face 1.0 63.0 16.0 69.0 25.0 
face 1.0 84.0 33.0 91.0 43.0 
face 1.0 35.0 16.0 41.0 25.0 
face 1.0 2.0 14.0 10.0 25.0 
face 1.0 12.0 37.0 17.0 43.0 
face 1.0 62.0 3.0 67.0 10.0 
face 1.0 92.0 1.0 97.0 8.0 
face 1.0 89.0 24.0 97.0 31.0 
face 1.0 101.0 19.0 109.0 31.0 
face 1.0 116.0 26.0 123.0 36.0 
face 1.0 128.0 23.0 135.0 36.0 
face 1.0 117.0 9.0 124.0 18.0 
face 1.0 248.0 165.0 255.0 172.0 
face 1.0 255.0 150.0 261.0 157.0 
face 1.0 241.0 132.0 247.0 139.0 
face 1.0 227.0 135.0 232.0 142.0 
face 1.0 245.0 144.0 252.0 154.0 
face 1.0 67.0 176.0 78.0 187.0 
face 1.0 87.0 141.0 94.0 152.0 
face 1.0 103.0 137.0 110.0 146.0 
face 1.0 98.0 129.0 105.0 137.0 
face 1.0 171.0 160.0 181.0 170.0 
face 1.0 147.0 128.0 155.0 140.0 
face 1.0 198.0 112.0 203.0 120.0 
face 1.0 217.0 101.0 223.0 109.0 
face 1.0 222.0 104.0 227.0 112.0 
face 1.0 125.0 80.0 131.0 88.0 
face 1.0 136.0 70.0 146.0 81.0 
face 1.0 161.0 101.0 166.0 107.0 
face 1.0 142.0 88.0 148.0 97.0 
face 1.0 135.0 109.0 140.0 116.0 
face 1.0 125.0 107.0 133.0 120.0 
face 1.0 95.0 108.0 103.0 119.0 
face 1.0 91.0 81.0 99.0 89.0 
face 1.0 123.0 65.0 130.0 74.0 
face 1.0 103.0 75.0 110.0 84.0 
face 1.0 101.0 37.0 106.0 45.0 
face 1.0 101.0 63.0 107.0 69.0 
face 1.0 154.0 67.0 159.0 75.0 
face 1.0 162.0 76.0 168.0 84.0 
face 1.0 267.0 112.0 274.0 122.0 
face 1.0 309.0 113.0 316.0 122.0 
face 1.0 256.0 89.0 263.0 97.0 
face 1.0 245.0 93.0 250.0 101.0 
face 1.0 230.0 97.0 234.0 104.0 
face 1.0 310.0 129.0 316.0 137.0 
face 1.0 144.0 11.0 150.0 21.0 
face 1.0 166.0 24.0 172.0 31.0 
face 1.0 160.0 0.0 169.0 11.0 
face 1.0 181.0 33.0 187.0 40.0 
face 1.0 176.0 59.0 182.0 68.0 
face 1.0 185.0 83.0 193.0 94.0 
face 1.0 199.0 3.0 205.0 11.0 
face 1.0 218.0 0.0 223.0 7.0 
face 1.0 210.0 50.0 216.0 58.0 
face 1.0 216.0 28.0 221.0 36.0 
face 1.0 215.0 77.0 222.0 85.0 
face 1.0 204.0 82.0 214.0 95.0 
face 1.0 237.0 68.0 242.0 76.0 
face 1.0 247.0 37.0 253.0 46.0 
face 1.0 267.0 70.0 273.0 78.0 
face 1.0 264.0 60.0 270.0 68.0 
face 1.0 231.0 27.0 236.0 34.0 
face 1.0 222.0 38.0 228.0 46.0 
face 1.0 212.0 39.0 216.0 44.0 
face 1.0 272.0 35.0 278.0 43.0 
face 1.0 251.0 21.0 257.0 28.0 
face 1.0 280.0 58.0 286.0 65.0 
face 1.0 298.0 52.0 305.0 62.0 
face 1.0 283.0 15.0 288.0 23.0 
face 1.0 323.0 73.0 330.0 82.0 
face 1.0 335.0 33.0 341.0 41.0 
face 1.0 335.0 19.0 342.0 29.0 
face 1.0 325.0 21.0 330.0 29.0 
face 1.0 353.0 5.0 361.0 14.0 
face 1.0 356.0 20.0 361.0 27.0 
face 1.0 368.0 6.0 373.0 12.0 
face 1.0 362.0 34.0 367.0 40.0 
face 1.0 356.0 62.0 361.0 68.0 
face 1.0 382.0 80.0 391.0 90.0 
face 1.0 358.0 83.0 364.0 90.0 
face 1.0 384.0 52.0 389.0 59.0 
face 1.0 390.0 9.0 396.0 16.0 
face 1.0 391.0 36.0 398.0 46.0 
face 1.0 336.0 75.0 343.0 83.0 
face 1.0 342.0 106.0 347.0 114.0 
face 1.0 348.0 106.0 354.0 115.0 
face 1.0 344.0 121.0 351.0 130.0 
face 1.0 320.0 126.0 326.0 133.0 
face 1.0 366.0 111.0 374.0 122.0 
face 1.0 367.0 97.0 373.0 106.0 
face 1.0 373.0 118.0 380.0 127.0 
face 1.0 332.0 142.0 339.0 153.0 
face 1.0 383.0 123.0 389.0 134.0 
face 1.0 388.0 122.0 395.0 132.0 
face 1.0 420.0 128.0 433.0 143.0 
face 1.0 409.0 84.0 415.0 92.0 
face 1.0 395.0 90.0 401.0 98.0 
face 1.0 398.0 118.0 404.0 126.0 
face 1.0 405.0 121.0 410.0 129.0 
face 1.0 399.0 142.0 406.0 151.0 
face 1.0 430.0 141.0 440.0 152.0 
face 1.0 405.0 105.0 411.0 113.0 
face 1.0 437.0 87.0 442.0 94.0 
face 1.0 410.0 122.0 416.0 130.0 
face 1.0 424.0 95.0 431.0 106.0 
face 1.0 443.0 123.0 449.0 129.0 
face 1.0 6.0 198.0 10.0 206.0 
face 1.0 49.0 188.0 54.0 195.0 
face 1.0 18.0 191.0 28.0 197.0 
face 1.0 1.0 197.0 6.0 205.0 
face 1.0 2.0 166.0 8.0 176.0 
face 1.0 17.0 146.0 23.0 155.0 
face 1.0 43.0 163.0 49.0 171.0 
face 1.0 56.0 182.0 62.0 189.0 
face 1.0 51.0 168.0 57.0 177.0 
face 1.0 55.0 163.0 61.0 172.0 
face 1.0 79.0 178.0 84.0 184.0 
face 1.0 123.0 173.0 127.0 179.0 
face 1.0 98.0 170.0 103.0 177.0 
face 1.0 139.0 131.0 145.0 140.0 
face 1.0 89.0 110.0 95.0 118.0 
face 1.0 86.0 96.0 93.0 105.0 
face 1.0 9.0 67.0 14.0 74.0 
face 1.0 9.0 74.0 15.0 83.0 
face 1.0 14.0 44.0 21.0 53.0 
face 1.0 0.0 43.0 7.0 55.0 
face 1.0 92.0 73.0 98.0 81.0 
face 1.0 114.0 42.0 121.0 49.0 
face 1.0 81.0 7.0 85.0 14.0 
face 1.0 53.0 20.0 60.0 30.0 
face 1.0 69.0 8.0 75.0 17.0 
face 1.0 110.0 0.0 115.0 6.0 
face 1.0 92.0 53.0 99.0 62.0 
face 1.0 198.0 14.0 205.0 24.0 
face 1.0 199.0 35.0 203.0 41.0 
face 1.0 252.0 9.0 257.0 17.0 
face 1.0 269.0 9.0 275.0 18.0 
face 1.0 306.0 77.0 312.0 84.0 
face 1.0 317.0 86.0 324.0 96.0 
face 1.0 281.0 72.0 287.0 80.0 
face 1.0 318.0 109.0 324.0 118.0 
face 1.0 368.0 143.0 376.0 150.0 
face 1.0 367.0 123.0 373.0 130.0 
face 1.0 385.0 105.0 390.0 111.0 
face 1.0 457.0 114.0 463.0 123.0 
face 1.0 449.0 121.0 458.0 129.0 
face 1.0 461.0 100.0 467.0 107.0 
face 1.0 538.0 120.0 545.0 130.0 
face 1.0 520.0 107.0 526.0 115.0 
face 1.0 526.0 119.0 535.0 130.0 
face 1.0 566.0 125.0 575.0 136.0 
face 1.0 548.0 102.0 554.0 109.0 
face 1.0 556.0 93.0 563.0 103.0 
face 1.0 588.0 116.0 594.0 127.0 
face 1.0 579.0 128.0 586.0 136.0 
face 1.0 569.0 137.0 578.0 149.0 
face 1.0 586.0 137.0 591.0 146.0 
face 1.0 534.0 81.0 540.0 88.0 
face 1.0 514.0 81.0 519.0 88.0 
face 1.0 512.0 105.0 518.0 111.0 
face 1.0 430.0 20.0 435.0 27.0 
face 1.0 428.0 3.0 434.0 12.0 
face 1.0 414.0 6.0 423.0 18.0 
face 1.0 400.0 4.0 405.0 13.0 
face 1.0 442.0 5.0 447.0 12.0 
face 1.0 457.0 15.0 464.0 24.0 
face 1.0 449.0 46.0 457.0 56.0 
face 1.0 445.0 62.0 450.0 69.0 
face 1.0 445.0 24.0 450.0 31.0 
face 1.0 471.0 48.0 477.0 55.0 
face 1.0 427.0 51.0 433.0 58.0 
face 1.0 431.0 60.0 438.0 67.0 
face 1.0 482.0 84.0 488.0 92.0 
face 1.0 474.0 67.0 480.0 76.0 
face 1.0 467.0 72.0 472.0 77.0 
face 1.0 476.0 33.0 482.0 41.0 
face 1.0 484.0 21.0 492.0 34.0 
face 1.0 479.0 14.0 484.0 22.0 
face 1.0 485.0 65.0 489.0 72.0 
face 1.0 499.0 62.0 504.0 71.0 
face 1.0 527.0 70.0 532.0 76.0 
face 1.0 518.0 51.0 522.0 59.0 
face 1.0 532.0 32.0 538.0 42.0 
face 1.0 508.0 16.0 514.0 25.0 
face 1.0 497.0 8.0 503.0 18.0 
face 1.0 558.0 6.0 565.0 15.0 
face 1.0 522.0 36.0 527.0 44.0 
face 1.0 573.0 17.0 580.0 27.0 
face 1.0 554.0 68.0 560.0 75.0 
face 1.0 586.0 70.0 592.0 79.0 
face 1.0 579.0 74.0 584.0 83.0 
face 1.0 554.0 59.0 559.0 65.0 
face 1.0 543.0 51.0 549.0 58.0 
face 1.0 542.0 68.0 547.0 75.0 
face 1.0 566.0 37.0 571.0 44.0 
face 1.0 604.0 49.0 609.0 58.0 
face 1.0 613.0 85.0 620.0 96.0 
face 1.0 596.0 74.0 603.0 82.0 
face 1.0 618.0 39.0 626.0 49.0 
face 1.0 591.0 23.0 597.0 31.0 
face 1.0 599.0 9.0 604.0 17.0 
face 1.0 587.0 0.0 600.0 15.0 
face 1.0 613.0 23.0 618.0 28.0 
face 1.0 628.0 43.0 633.0 52.0 
face 1.0 657.0 51.0 663.0 59.0 
face 1.0 666.0 89.0 673.0 98.0 
face 1.0 619.0 97.0 627.0 108.0 
face 1.0 670.0 9.0 677.0 19.0 
face 1.0 675.0 3.0 682.0 12.0 
face 1.0 894.0 129.0 900.0 140.0 
face 1.0 918.0 111.0 925.0 120.0 
face 1.0 903.0 111.0 908.0 119.0 
face 1.0 871.0 121.0 880.0 129.0 
face 1.0 859.0 99.0 866.0 107.0 
face 1.0 885.0 97.0 891.0 106.0 
face 1.0 920.0 92.0 926.0 101.0 
face 1.0 991.0 157.0 999.0 167.0 
face 1.0 991.0 98.0 998.0 106.0 
face 1.0 941.0 106.0 950.0 118.0 
face 1.0 963.0 96.0 969.0 105.0 
face 1.0 957.0 76.0 963.0 84.0 
face 1.0 906.0 83.0 911.0 92.0 
face 1.0 907.0 54.0 913.0 63.0 
face 1.0 941.0 52.0 950.0 64.0 
face 1.0 938.0 38.0 945.0 47.0 
face 1.0 963.0 62.0 969.0 68.0 
face 1.0 967.0 40.0 973.0 48.0 
face 1.0 906.0 28.0 914.0 39.0 
face 1.0 935.0 18.0 940.0 23.0 
face 1.0 975.0 29.0 982.0 38.0 
face 1.0 928.0 7.0 934.0 15.0 
face 1.0 881.0 49.0 889.0 57.0 
face 1.0 873.0 77.0 880.0 86.0 
face 1.0 886.0 32.0 893.0 40.0 
face 1.0 896.0 6.0 903.0 15.0 
face 1.0 633.0 123.0 638.0 130.0 
face 1.0 599.0 108.0 608.0 119.0 
face 1.0 603.0 124.0 610.0 133.0 
face 1.0 665.0 122.0 671.0 131.0 
face 1.0 685.0 136.0 693.0 144.0 
face 1.0 633.0 105.0 639.0 114.0 
face 1.0 722.0 120.0 726.0 126.0 
face 1.0 714.0 130.0 719.0 137.0 
face 1.0 710.0 143.0 715.0 152.0 
face 1.0 730.0 142.0 738.0 151.0 
face 1.0 697.0 141.0 703.0 147.0 
face 1.0 704.0 157.0 710.0 166.0 
face 1.0 716.0 93.0 724.0 103.0 
face 1.0 728.0 88.0 737.0 100.0 
face 1.0 707.0 96.0 712.0 103.0 
face 1.0 699.0 116.0 707.0 124.0 
face 1.0 708.0 115.0 713.0 122.0 
face 1.0 780.0 147.0 786.0 154.0 
face 1.0 791.0 145.0 797.0 154.0 
face 1.0 759.0 159.0 766.0 168.0 
face 1.0 747.0 162.0 754.0 171.0 
face 1.0 733.0 159.0 739.0 168.0 
face 1.0 720.0 154.0 726.0 164.0 
face 1.0 751.0 127.0 757.0 136.0 
face 1.0 760.0 126.0 767.0 137.0 
face 1.0 761.0 111.0 769.0 120.0 
face 1.0 772.0 128.0 778.0 137.0 
face 1.0 794.0 127.0 801.0 138.0 
face 1.0 823.0 112.0 830.0 122.0 
face 1.0 798.0 107.0 804.0 115.0 
face 1.0 770.0 102.0 776.0 111.0 
face 1.0 810.0 91.0 816.0 99.0 
face 1.0 791.0 89.0 797.0 97.0 
face 1.0 822.0 98.0 829.0 106.0 
face 1.0 811.0 109.0 817.0 119.0 
face 1.0 615.0 66.0 621.0 75.0 
face 1.0 623.0 8.0 627.0 14.0 
face 1.0 623.0 16.0 630.0 25.0 
face 1.0 629.0 66.0 636.0 76.0 
face 1.0 693.0 91.0 700.0 100.0 
face 1.0 665.0 36.0 671.0 42.0 
face 1.0 654.0 84.0 661.0 93.0 
face 1.0 701.0 46.0 707.0 54.0 
face 1.0 686.0 45.0 692.0 54.0 
face 1.0 684.0 31.0 688.0 39.0 
face 1.0 697.0 23.0 703.0 34.0 
face 1.0 712.0 23.0 719.0 34.0 
face 1.0 723.0 33.0 731.0 42.0 
face 1.0 726.0 47.0 732.0 55.0 
face 1.0 716.0 12.0 721.0 21.0 
face 1.0 730.0 5.0 735.0 12.0 
face 1.0 727.0 21.0 732.0 29.0 
face 1.0 692.0 12.0 697.0 19.0 
face 1.0 697.0 15.0 703.0 22.0 
face 1.0 684.0 20.0 691.0 28.0 
face 1.0 718.0 66.0 722.0 72.0 
face 1.0 764.0 86.0 771.0 95.0 
face 1.0 718.0 80.0 725.0 88.0 
face 1.0 747.0 67.0 752.0 75.0 
face 1.0 728.0 68.0 734.0 74.0 
face 1.0 756.0 92.0 763.0 98.0 
face 1.0 778.0 86.0 786.0 94.0 
face 1.0 775.0 63.0 781.0 73.0 
face 1.0 763.0 4.0 768.0 11.0 
face 1.0 769.0 29.0 774.0 38.0 
face 1.0 787.0 33.0 792.0 41.0 
face 1.0 776.0 40.0 781.0 48.0 
face 1.0 783.0 57.0 788.0 64.0 
face 1.0 804.0 38.0 809.0 45.0 
face 1.0 805.0 59.0 812.0 67.0 
face 1.0 789.0 17.0 795.0 27.0 
face 1.0 823.0 40.0 829.0 49.0 
face 1.0 824.0 26.0 830.0 32.0 
face 1.0 808.0 23.0 816.0 33.0 
face 1.0 803.0 8.0 808.0 16.0 
face 1.0 800.0 1.0 807.0 8.0 
face 1.0 799.0 27.0 804.0 33.0 
face 1.0 778.0 10.0 784.0 19.0 
face 1.0 854.0 73.0 860.0 83.0 
face 1.0 840.0 71.0 846.0 80.0 
face 1.0 856.0 28.0 864.0 37.0 
face 1.0 810.0 5.0 817.0 14.0 
face 1.0 828.0 11.0 833.0 17.0 
face 1.0 22.0 585.0 31.0 606.0 
face 1.0 498.0 34.0 506.0 43.0 
face 1.0 678.0 62.0 684.0 70.0 
face 1.0 863.0 47.0 871.0 54.0 
face 1.0 828.0 54.0 835.0 62.0 
face 1.0 149.0 43.0 158.0 54.0 
face 1.0 57.0 52.0 67.0 62.0 
face 1.0 112.0 103.0 117.0 112.0 
face 1.0 280.0 126.0 288.0 137.0 
face 1.0 935.0 79.0 943.0 87.0 
