face 1.0 902.0 342.0 917.0 361.0 
face 1.0 981.0 287.0 990.0 299.0 
face 1.0 944.0 256.0 953.0 267.0 
face 1.0 1002.0 281.0 1012.0 295.0 
face 1.0 1016.0 293.0 1024.0 307.0 
face 1.0 832.0 323.0 849.0 346.0 
face 1.0 777.0 287.0 797.0 315.0 
face 1.0 724.0 320.0 742.0 337.0 
face 1.0 704.0 193.0 712.0 206.0 
face 1.0 854.0 197.0 861.0 206.0 
face 1.0 665.0 235.0 684.0 257.0 
face 1.0 624.0 264.0 643.0 293.0 
face 1.0 549.0 291.0 568.0 319.0 
face 1.0 477.0 318.0 495.0 345.0 
face 1.0 394.0 289.0 415.0 313.0 
face 1.0 333.0 289.0 357.0 314.0 
face 1.0 407.0 190.0 416.0 203.0 
face 1.0 448.0 199.0 457.0 211.0 
face 1.0 112.0 416.0 137.0 440.0 
face 1.0 2.0 394.0 22.0 422.0 
face 1.0 82.0 190.0 92.0 205.0 
face 1.0 2.0 191.0 13.0 204.0 
face 1.0 973.0 340.0 988.0 360.0 
face 1.0 911.0 324.0 923.0 340.0 
