face 1.0 27.0 26.0 36.0 38.0 
face 1.0 59.0 22.0 68.0 35.0 
face 1.0 44.0 6.0 53.0 21.0 
face 1.0 24.0 1.0 33.0 13.0 
face 1.0 9.0 13.0 17.0 23.0 
face 1.0 0.0 7.0 8.0 23.0 
face 1.0 61.0 8.0 71.0 17.0 
face 1.0 84.0 23.0 94.0 34.0 
face 1.0 61.0 49.0 72.0 60.0 
face 1.0 70.0 64.0 82.0 78.0 
face 1.0 91.0 0.0 101.0 12.0 
face 1.0 82.0 7.0 89.0 15.0 
face 1.0 11.0 71.0 19.0 83.0 
face 1.0 0.0 80.0 6.0 92.0 
face 1.0 15.0 82.0 24.0 95.0 
face 1.0 29.0 78.0 39.0 88.0 
face 1.0 52.0 83.0 63.0 97.0 
face 1.0 67.0 77.0 78.0 91.0 
face 1.0 83.0 82.0 94.0 94.0 
face 1.0 68.0 96.0 79.0 107.0 
face 1.0 34.0 97.0 44.0 110.0 
face 1.0 18.0 97.0 28.0 108.0 
face 1.0 119.0 215.0 132.0 228.0 
face 1.0 82.0 212.0 94.0 225.0 
face 1.0 30.0 209.0 43.0 228.0 
face 1.0 14.0 168.0 25.0 183.0 
face 1.0 57.0 172.0 67.0 186.0 
face 1.0 28.0 154.0 39.0 167.0 
face 1.0 19.0 135.0 31.0 149.0 
face 1.0 1.0 149.0 15.0 165.0 
face 1.0 10.0 117.0 21.0 128.0 
face 1.0 40.0 127.0 50.0 140.0 
face 1.0 64.0 116.0 75.0 130.0 
face 1.0 84.0 121.0 97.0 138.0 
face 1.0 81.0 144.0 92.0 159.0 
face 1.0 73.0 150.0 85.0 163.0 
face 1.0 85.0 99.0 95.0 113.0 
face 1.0 100.0 90.0 109.0 101.0 
face 1.0 106.0 79.0 116.0 93.0 
face 1.0 117.0 81.0 124.0 92.0 
face 1.0 143.0 77.0 152.0 90.0 
face 1.0 158.0 79.0 169.0 95.0 
face 1.0 126.0 103.0 136.0 116.0 
face 1.0 109.0 106.0 119.0 121.0 
face 1.0 103.0 122.0 114.0 134.0 
face 1.0 105.0 137.0 116.0 153.0 
face 1.0 123.0 145.0 134.0 158.0 
face 1.0 115.0 162.0 125.0 180.0 
face 1.0 165.0 159.0 175.0 172.0 
face 1.0 157.0 143.0 167.0 156.0 
face 1.0 144.0 134.0 155.0 149.0 
face 1.0 140.0 115.0 150.0 129.0 
face 1.0 149.0 110.0 158.0 122.0 
face 1.0 154.0 98.0 164.0 110.0 
face 1.0 169.0 101.0 179.0 115.0 
face 1.0 163.0 124.0 175.0 137.0 
face 1.0 113.0 10.0 124.0 23.0 
face 1.0 101.0 4.0 112.0 18.0 
face 1.0 130.0 7.0 138.0 18.0 
face 1.0 141.0 11.0 151.0 23.0 
face 1.0 165.0 7.0 174.0 20.0 
face 1.0 147.0 0.0 160.0 13.0 
face 1.0 180.0 3.0 189.0 14.0 
face 1.0 191.0 9.0 202.0 21.0 
face 1.0 204.0 8.0 213.0 18.0 
face 1.0 184.0 71.0 192.0 81.0 
face 1.0 170.0 86.0 179.0 97.0 
face 1.0 170.0 74.0 181.0 85.0 
face 1.0 181.0 89.0 193.0 105.0 
face 1.0 204.0 80.0 213.0 94.0 
face 1.0 211.0 72.0 220.0 84.0 
face 1.0 210.0 100.0 219.0 116.0 
face 1.0 185.0 114.0 194.0 128.0 
face 1.0 217.0 2.0 225.0 12.0 
face 1.0 231.0 7.0 240.0 16.0 
face 1.0 221.0 0.0 231.0 8.0 
face 1.0 250.0 7.0 260.0 16.0 
face 1.0 243.0 6.0 251.0 16.0 
face 1.0 261.0 5.0 270.0 17.0 
face 1.0 274.0 10.0 283.0 21.0 
face 1.0 288.0 11.0 297.0 23.0 
face 1.0 303.0 2.0 312.0 15.0 
face 1.0 311.0 19.0 320.0 32.0 
face 1.0 312.0 1.0 319.0 12.0 
face 1.0 324.0 4.0 333.0 17.0 
face 1.0 340.0 6.0 350.0 20.0 
face 1.0 363.0 14.0 372.0 25.0 
face 1.0 373.0 12.0 381.0 23.0 
face 1.0 377.0 1.0 386.0 11.0 
face 1.0 247.0 55.0 256.0 67.0 
face 1.0 226.0 45.0 234.0 54.0 
face 1.0 263.0 69.0 272.0 81.0 
face 1.0 250.0 83.0 260.0 96.0 
face 1.0 225.0 69.0 236.0 84.0 
face 1.0 226.0 88.0 237.0 103.0 
face 1.0 265.0 102.0 275.0 115.0 
face 1.0 231.0 102.0 242.0 117.0 
face 1.0 226.0 117.0 236.0 129.0 
face 1.0 205.0 119.0 216.0 133.0 
face 1.0 196.0 161.0 207.0 174.0 
face 1.0 190.0 220.0 200.0 231.0 
face 1.0 190.0 175.0 202.0 190.0 
face 1.0 236.0 156.0 246.0 169.0 
face 1.0 213.0 157.0 221.0 163.0 
face 1.0 190.0 140.0 201.0 152.0 
face 1.0 178.0 129.0 189.0 143.0 
face 1.0 232.0 138.0 242.0 152.0 
face 1.0 247.0 130.0 258.0 141.0 
face 1.0 262.0 134.0 274.0 148.0 
face 1.0 104.0 177.0 114.0 190.0 
face 1.0 423.0 169.0 443.0 193.0 
face 1.0 469.0 179.0 481.0 192.0 
face 1.0 461.0 147.0 473.0 162.0 
face 1.0 449.0 141.0 462.0 155.0 
face 1.0 402.0 135.0 415.0 147.0 
face 1.0 439.0 131.0 450.0 141.0 
face 1.0 389.0 150.0 398.0 160.0 
face 1.0 362.0 166.0 373.0 178.0 
face 1.0 413.0 156.0 423.0 168.0 
face 1.0 370.0 156.0 381.0 169.0 
face 1.0 360.0 116.0 370.0 131.0 
face 1.0 279.0 143.0 290.0 160.0 
face 1.0 301.0 134.0 313.0 150.0 
face 1.0 296.0 121.0 304.0 130.0 
face 1.0 282.0 107.0 291.0 116.0 
face 1.0 309.0 117.0 317.0 127.0 
face 1.0 338.0 119.0 348.0 132.0 
face 1.0 348.0 109.0 358.0 122.0 
face 1.0 345.0 99.0 353.0 108.0 
face 1.0 305.0 91.0 315.0 107.0 
face 1.0 323.0 86.0 333.0 100.0 
face 1.0 341.0 86.0 349.0 96.0 
face 1.0 330.0 110.0 341.0 121.0 
face 1.0 307.0 80.0 317.0 93.0 
face 1.0 287.0 86.0 297.0 99.0 
face 1.0 272.0 57.0 280.0 68.0 
face 1.0 227.0 59.0 234.0 67.0 
face 1.0 321.0 74.0 329.0 84.0 
face 1.0 255.0 118.0 263.0 125.0 
face 1.0 404.0 112.0 415.0 127.0 
face 1.0 377.0 99.0 385.0 110.0 
face 1.0 390.0 89.0 400.0 102.0 
face 1.0 378.0 83.0 387.0 93.0 
face 1.0 353.0 76.0 363.0 87.0 
face 1.0 365.0 73.0 374.0 82.0 
face 1.0 396.0 61.0 404.0 75.0 
face 1.0 405.0 78.0 414.0 88.0 
face 1.0 401.0 89.0 410.0 98.0 
face 1.0 406.0 99.0 418.0 111.0 
face 1.0 417.0 101.0 425.0 114.0 
face 1.0 429.0 104.0 440.0 118.0 
face 1.0 428.0 86.0 436.0 97.0 
face 1.0 415.0 77.0 423.0 84.0 
face 1.0 444.0 66.0 454.0 78.0 
face 1.0 435.0 58.0 444.0 72.0 
face 1.0 446.0 89.0 453.0 99.0 
face 1.0 463.0 97.0 470.0 108.0 
face 1.0 465.0 82.0 474.0 94.0 
face 1.0 453.0 118.0 464.0 132.0 
face 1.0 453.0 106.0 463.0 117.0 
face 1.0 477.0 87.0 487.0 98.0 
face 1.0 476.0 69.0 486.0 81.0 
face 1.0 387.0 34.0 395.0 44.0 
face 1.0 403.0 36.0 413.0 46.0 
face 1.0 390.0 4.0 399.0 14.0 
face 1.0 402.0 1.0 412.0 11.0 
face 1.0 419.0 4.0 430.0 16.0 
face 1.0 435.0 3.0 444.0 15.0 
face 1.0 447.0 3.0 456.0 18.0 
face 1.0 463.0 5.0 471.0 16.0 
face 1.0 454.0 5.0 461.0 15.0 
face 1.0 472.0 1.0 479.0 11.0 
face 1.0 483.0 6.0 490.0 16.0 
face 1.0 492.0 9.0 501.0 20.0 
face 1.0 483.0 0.0 492.0 6.0 
face 1.0 501.0 4.0 510.0 15.0 
face 1.0 512.0 8.0 523.0 21.0 
face 1.0 481.0 47.0 491.0 58.0 
face 1.0 494.0 64.0 504.0 76.0 
face 1.0 500.0 43.0 510.0 52.0 
face 1.0 507.0 55.0 515.0 67.0 
face 1.0 514.0 71.0 524.0 85.0 
face 1.0 500.0 90.0 512.0 103.0 
face 1.0 494.0 100.0 506.0 111.0 
face 1.0 484.0 113.0 494.0 123.0 
face 1.0 478.0 97.0 488.0 108.0 
face 1.0 495.0 118.0 505.0 129.0 
face 1.0 502.0 135.0 515.0 154.0 
face 1.0 521.0 122.0 532.0 140.0 
face 1.0 526.0 154.0 535.0 166.0 
face 1.0 546.0 113.0 556.0 127.0 
face 1.0 535.0 134.0 546.0 146.0 
face 1.0 544.0 77.0 552.0 88.0 
face 1.0 538.0 57.0 547.0 68.0 
face 1.0 544.0 65.0 552.0 75.0 
face 1.0 524.0 62.0 535.0 76.0 
face 1.0 534.0 4.0 546.0 18.0 
face 1.0 555.0 13.0 564.0 26.0 
face 1.0 565.0 21.0 574.0 32.0 
face 1.0 581.0 7.0 588.0 16.0 
face 1.0 584.0 0.0 593.0 11.0 
face 1.0 626.0 9.0 634.0 18.0 
face 1.0 617.0 23.0 625.0 34.0 
face 1.0 632.0 22.0 640.0 32.0 
face 1.0 642.0 29.0 651.0 39.0 
face 1.0 612.0 48.0 620.0 57.0 
face 1.0 547.0 47.0 554.0 57.0 
face 1.0 569.0 59.0 580.0 73.0 
face 1.0 556.0 66.0 565.0 76.0 
face 1.0 584.0 53.0 591.0 61.0 
face 1.0 599.0 60.0 608.0 70.0 
face 1.0 638.0 41.0 648.0 51.0 
face 1.0 653.0 45.0 663.0 58.0 
face 1.0 649.0 5.0 658.0 15.0 
face 1.0 637.0 52.0 647.0 66.0 
face 1.0 626.0 53.0 636.0 65.0 
face 1.0 630.0 70.0 642.0 84.0 
face 1.0 583.0 69.0 591.0 79.0 
face 1.0 576.0 79.0 585.0 92.0 
face 1.0 587.0 84.0 597.0 98.0 
face 1.0 558.0 80.0 568.0 97.0 
face 1.0 566.0 105.0 574.0 117.0 
face 1.0 595.0 103.0 604.0 113.0 
face 1.0 609.0 93.0 619.0 104.0 
face 1.0 622.0 97.0 633.0 108.0 
face 1.0 643.0 93.0 652.0 105.0 
face 1.0 633.0 87.0 643.0 96.0 
face 1.0 624.0 109.0 636.0 120.0 
face 1.0 655.0 64.0 663.0 75.0 
face 1.0 578.0 24.0 587.0 32.0 
face 1.0 640.0 166.0 653.0 182.0 
face 1.0 556.0 177.0 569.0 192.0 
face 1.0 565.0 125.0 575.0 135.0 
face 1.0 573.0 139.0 599.0 167.0 
face 1.0 602.0 142.0 613.0 156.0 
face 1.0 613.0 151.0 623.0 161.0 
face 1.0 603.0 117.0 614.0 131.0 
face 1.0 623.0 131.0 633.0 145.0 
face 1.0 645.0 120.0 656.0 132.0 
face 1.0 671.0 111.0 680.0 122.0 
face 1.0 679.0 115.0 691.0 127.0 
face 1.0 666.0 90.0 676.0 104.0 
face 1.0 679.0 90.0 689.0 101.0 
face 1.0 656.0 92.0 665.0 104.0 
face 1.0 692.0 90.0 700.0 102.0 
face 1.0 711.0 111.0 723.0 125.0 
face 1.0 644.0 151.0 656.0 165.0 
face 1.0 560.0 209.0 567.0 217.0 
face 1.0 530.0 183.0 539.0 194.0 
face 1.0 545.0 216.0 558.0 232.0 
face 1.0 539.0 140.0 549.0 154.0 
face 1.0 796.0 190.0 806.0 203.0 
face 1.0 769.0 183.0 781.0 195.0 
face 1.0 725.0 171.0 739.0 187.0 
face 1.0 746.0 164.0 756.0 177.0 
face 1.0 719.0 133.0 731.0 148.0 
face 1.0 765.0 124.0 775.0 140.0 
face 1.0 780.0 139.0 791.0 149.0 
face 1.0 759.0 145.0 770.0 156.0 
face 1.0 761.0 166.0 771.0 177.0 
face 1.0 726.0 104.0 736.0 114.0 
face 1.0 705.0 92.0 713.0 101.0 
face 1.0 714.0 98.0 722.0 108.0 
face 1.0 766.0 100.0 774.0 111.0 
face 1.0 761.0 114.0 771.0 128.0 
face 1.0 751.0 118.0 759.0 131.0 
face 1.0 800.0 115.0 813.0 132.0 
face 1.0 804.0 93.0 814.0 106.0 
face 1.0 756.0 89.0 767.0 102.0 
face 1.0 747.0 87.0 756.0 100.0 
face 1.0 713.0 77.0 724.0 89.0 
face 1.0 703.0 78.0 713.0 89.0 
face 1.0 685.0 61.0 696.0 75.0 
face 1.0 691.0 71.0 699.0 81.0 
face 1.0 659.0 77.0 666.0 89.0 
face 1.0 665.0 65.0 673.0 75.0 
face 1.0 665.0 44.0 675.0 53.0 
face 1.0 662.0 25.0 671.0 35.0 
face 1.0 679.0 12.0 688.0 24.0 
face 1.0 689.0 2.0 698.0 13.0 
face 1.0 693.0 25.0 703.0 37.0 
face 1.0 693.0 37.0 702.0 48.0 
face 1.0 702.0 51.0 710.0 60.0 
face 1.0 711.0 41.0 720.0 52.0 
face 1.0 719.0 49.0 727.0 60.0 
face 1.0 717.0 18.0 727.0 30.0 
face 1.0 701.0 14.0 709.0 25.0 
face 1.0 712.0 4.0 721.0 14.0 
face 1.0 723.0 2.0 733.0 13.0 
face 1.0 732.0 13.0 743.0 25.0 
face 1.0 723.0 14.0 732.0 25.0 
face 1.0 746.0 10.0 756.0 20.0 
face 1.0 679.0 57.0 689.0 70.0 
face 1.0 716.0 64.0 726.0 76.0 
face 1.0 720.0 61.0 732.0 75.0 
face 1.0 725.0 73.0 734.0 85.0 
face 1.0 741.0 59.0 751.0 70.0 
face 1.0 732.0 47.0 742.0 65.0 
face 1.0 734.0 25.0 745.0 40.0 
face 1.0 743.0 33.0 754.0 46.0 
face 1.0 749.0 46.0 761.0 59.0 
face 1.0 754.0 64.0 766.0 78.0 
face 1.0 758.0 72.0 768.0 84.0 
face 1.0 748.0 82.0 757.0 92.0 
face 1.0 767.0 56.0 776.0 68.0 
face 1.0 755.0 17.0 766.0 33.0 
face 1.0 767.0 28.0 776.0 43.0 
face 1.0 899.0 194.0 916.0 214.0 
face 1.0 843.0 181.0 856.0 199.0 
face 1.0 818.0 157.0 830.0 172.0 
face 1.0 831.0 131.0 844.0 145.0 
face 1.0 832.0 112.0 844.0 125.0 
face 1.0 881.0 128.0 892.0 143.0 
face 1.0 886.0 147.0 899.0 159.0 
face 1.0 814.0 185.0 822.0 195.0 
face 1.0 852.0 160.0 860.0 170.0 
face 1.0 910.0 171.0 923.0 185.0 
face 1.0 905.0 135.0 917.0 149.0 
face 1.0 871.0 110.0 882.0 127.0 
face 1.0 888.0 102.0 900.0 116.0 
face 1.0 913.0 109.0 924.0 123.0 
face 1.0 868.0 92.0 879.0 105.0 
face 1.0 850.0 97.0 860.0 109.0 
face 1.0 838.0 88.0 850.0 98.0 
face 1.0 906.0 87.0 917.0 100.0 
face 1.0 783.0 78.0 793.0 92.0 
face 1.0 828.0 71.0 834.0 79.0 
face 1.0 816.0 79.0 826.0 92.0 
face 1.0 808.0 73.0 815.0 83.0 
face 1.0 818.0 60.0 826.0 71.0 
face 1.0 831.0 53.0 841.0 66.0 
face 1.0 802.0 57.0 812.0 70.0 
face 1.0 792.0 64.0 802.0 77.0 
face 1.0 778.0 67.0 786.0 77.0 
face 1.0 779.0 44.0 789.0 56.0 
face 1.0 778.0 39.0 785.0 48.0 
face 1.0 786.0 31.0 794.0 42.0 
face 1.0 794.0 46.0 804.0 59.0 
face 1.0 787.0 17.0 796.0 28.0 
face 1.0 776.0 12.0 785.0 22.0 
face 1.0 763.0 3.0 772.0 19.0 
face 1.0 804.0 12.0 812.0 23.0 
face 1.0 802.0 3.0 811.0 13.0 
face 1.0 814.0 14.0 824.0 25.0 
face 1.0 824.0 28.0 835.0 42.0 
face 1.0 819.0 39.0 830.0 51.0 
face 1.0 838.0 31.0 846.0 41.0 
face 1.0 835.0 17.0 845.0 33.0 
face 1.0 829.0 9.0 837.0 18.0 
face 1.0 842.0 4.0 852.0 14.0 
face 1.0 850.0 53.0 858.0 61.0 
face 1.0 857.0 59.0 866.0 71.0 
face 1.0 838.0 65.0 847.0 77.0 
face 1.0 844.0 60.0 855.0 69.0 
face 1.0 862.0 79.0 869.0 87.0 
face 1.0 849.0 73.0 857.0 85.0 
face 1.0 1002.0 192.0 1017.0 208.0 
face 1.0 929.0 169.0 943.0 186.0 
face 1.0 973.0 138.0 985.0 150.0 
face 1.0 997.0 131.0 1011.0 145.0 
face 1.0 947.0 114.0 961.0 128.0 
face 1.0 984.0 104.0 996.0 116.0 
face 1.0 984.0 119.0 997.0 134.0 
face 1.0 1004.0 113.0 1022.0 133.0 
face 1.0 932.0 201.0 944.0 215.0 
face 1.0 936.0 154.0 950.0 171.0 
face 1.0 969.0 92.0 979.0 104.0 
face 1.0 980.0 94.0 988.0 107.0 
face 1.0 990.0 79.0 1002.0 94.0 
face 1.0 985.0 67.0 995.0 79.0 
face 1.0 963.0 74.0 973.0 84.0 
face 1.0 921.0 87.0 933.0 105.0 
face 1.0 945.0 80.0 955.0 95.0 
face 1.0 921.0 69.0 929.0 79.0 
face 1.0 900.0 75.0 909.0 86.0 
face 1.0 870.0 63.0 879.0 73.0 
face 1.0 878.0 50.0 888.0 62.0 
face 1.0 889.0 50.0 899.0 62.0 
face 1.0 906.0 59.0 917.0 70.0 
face 1.0 915.0 41.0 926.0 52.0 
face 1.0 926.0 47.0 936.0 61.0 
face 1.0 944.0 50.0 954.0 63.0 
face 1.0 947.0 40.0 957.0 50.0 
face 1.0 972.0 46.0 982.0 60.0 
face 1.0 977.0 37.0 987.0 47.0 
face 1.0 970.0 31.0 979.0 42.0 
face 1.0 949.0 16.0 959.0 27.0 
face 1.0 976.0 11.0 985.0 19.0 
face 1.0 963.0 3.0 972.0 14.0 
face 1.0 942.0 1.0 952.0 9.0 
face 1.0 911.0 13.0 919.0 24.0 
face 1.0 929.0 7.0 936.0 15.0 
face 1.0 881.0 35.0 889.0 43.0 
face 1.0 862.0 17.0 871.0 27.0 
face 1.0 855.0 7.0 865.0 23.0 
face 1.0 877.0 6.0 886.0 18.0 
face 1.0 889.0 11.0 899.0 21.0 
face 1.0 866.0 37.0 876.0 49.0 
face 1.0 960.0 60.0 971.0 74.0 
face 1.0 946.0 62.0 956.0 77.0 
face 1.0 939.0 25.0 948.0 36.0 
face 1.0 862.0 0.0 870.0 6.0 
face 1.0 889.0 0.0 899.0 8.0 
face 1.0 604.0 22.0 614.0 33.0 
face 1.0 535.0 107.0 545.0 120.0 
face 1.0 830.0 197.0 839.0 209.0 
face 1.0 1005.0 6.0 1016.0 20.0 
face 1.0 1013.0 86.0 1024.0 98.0 
