face 1.0 846.0 351.0 882.0 406.0 
face 1.0 729.0 308.0 766.0 358.0 
face 1.0 833.0 226.0 863.0 263.0 
face 1.0 777.0 128.0 806.0 160.0 
face 1.0 847.0 122.0 876.0 160.0 
face 1.0 880.0 116.0 914.0 160.0 
face 1.0 908.0 62.0 943.0 102.0 
face 1.0 916.0 1.0 949.0 40.0 
face 1.0 841.0 57.0 869.0 94.0 
face 1.0 859.0 0.0 883.0 27.0 
face 1.0 817.0 0.0 842.0 21.0 
face 1.0 776.0 8.0 801.0 39.0 
face 1.0 713.0 122.0 744.0 157.0 
face 1.0 592.0 169.0 614.0 196.0 
face 1.0 629.0 115.0 651.0 144.0 
face 1.0 694.0 114.0 714.0 142.0 
face 1.0 750.0 112.0 768.0 142.0 
face 1.0 732.0 65.0 754.0 95.0 
face 1.0 684.0 59.0 705.0 84.0 
face 1.0 601.0 101.0 622.0 127.0 
face 1.0 595.0 51.0 616.0 71.0 
face 1.0 628.0 19.0 649.0 43.0 
face 1.0 769.0 115.0 792.0 148.0 
face 1.0 687.0 29.0 707.0 49.0 
face 1.0 739.0 10.0 757.0 36.0 
face 1.0 677.0 8.0 691.0 29.0 
face 1.0 657.0 9.0 672.0 29.0 
face 1.0 496.0 108.0 518.0 130.0 
face 1.0 547.0 58.0 565.0 82.0 
face 1.0 568.0 4.0 584.0 25.0 
face 1.0 433.0 26.0 453.0 53.0 
face 1.0 478.0 20.0 495.0 41.0 
face 1.0 443.0 4.0 458.0 23.0 
face 1.0 514.0 20.0 530.0 38.0 
face 1.0 250.0 178.0 269.0 213.0 
face 1.0 371.0 98.0 391.0 122.0 
face 1.0 326.0 95.0 346.0 122.0 
face 1.0 380.0 37.0 399.0 59.0 
face 1.0 385.0 16.0 401.0 36.0 
face 1.0 357.0 5.0 370.0 21.0 
face 1.0 323.0 60.0 340.0 78.0 
face 1.0 276.0 3.0 290.0 21.0 
face 1.0 301.0 0.0 312.0 9.0 
face 1.0 428.0 2.0 439.0 14.0 
face 1.0 36.0 22.0 53.0 42.0 
face 1.0 59.0 15.0 77.0 34.0 
face 1.0 92.0 36.0 110.0 57.0 
face 1.0 85.0 0.0 98.0 14.0 
face 1.0 107.0 0.0 124.0 13.0 
face 1.0 120.0 21.0 135.0 38.0 
face 1.0 179.0 46.0 198.0 66.0 
face 1.0 156.0 16.0 174.0 39.0 
face 1.0 181.0 2.0 196.0 18.0 
face 1.0 216.0 28.0 227.0 44.0 
face 1.0 191.0 36.0 202.0 50.0 
face 1.0 236.0 22.0 252.0 42.0 
face 1.0 226.0 11.0 240.0 31.0 
face 1.0 206.0 0.0 217.0 12.0 
face 1.0 344.0 0.0 353.0 12.0 
face 1.0 94.0 309.0 125.0 363.0 
