face 1.0 1010.0 200.0 1024.0 225.0 
face 1.0 998.0 258.0 1013.0 279.0 
face 1.0 950.0 258.0 967.0 277.0 
face 1.0 975.0 196.0 989.0 215.0 
face 1.0 900.0 200.0 916.0 225.0 
face 1.0 927.0 192.0 941.0 211.0 
face 1.0 882.0 202.0 900.0 223.0 
face 1.0 859.0 165.0 871.0 185.0 
face 1.0 834.0 266.0 847.0 282.0 
face 1.0 811.0 209.0 831.0 225.0 
face 1.0 863.0 208.0 877.0 229.0 
face 1.0 779.0 210.0 789.0 223.0 
face 1.0 779.0 227.0 792.0 247.0 
face 1.0 759.0 226.0 769.0 239.0 
face 1.0 706.0 261.0 716.0 275.0 
face 1.0 749.0 266.0 758.0 278.0 
face 1.0 687.0 237.0 701.0 251.0 
face 1.0 707.0 235.0 718.0 246.0 
face 1.0 583.0 201.0 596.0 219.0 
face 1.0 421.0 219.0 437.0 240.0 
face 1.0 412.0 197.0 425.0 215.0 
face 1.0 370.0 213.0 384.0 232.0 
face 1.0 356.0 219.0 369.0 236.0 
face 1.0 350.0 198.0 364.0 219.0 
face 1.0 319.0 201.0 333.0 220.0 
face 1.0 196.0 253.0 214.0 278.0 
face 1.0 68.0 191.0 83.0 210.0 
