face 1.0 989.0 95.0 1011.0 121.0 
face 1.0 943.0 47.0 962.0 69.0 
face 1.0 973.0 28.0 986.0 43.0 
face 1.0 1005.0 24.0 1016.0 38.0 
face 1.0 828.0 129.0 852.0 154.0 
face 1.0 855.0 156.0 870.0 175.0 
face 1.0 794.0 114.0 813.0 141.0 
face 1.0 726.0 183.0 744.0 205.0 
face 1.0 716.0 108.0 737.0 135.0 
face 1.0 750.0 48.0 764.0 66.0 
face 1.0 680.0 45.0 694.0 63.0 
face 1.0 673.0 187.0 699.0 225.0 
face 1.0 697.0 180.0 713.0 196.0 
face 1.0 758.0 172.0 776.0 196.0 
face 1.0 601.0 192.0 624.0 214.0 
face 1.0 588.0 132.0 607.0 155.0 
face 1.0 523.0 107.0 546.0 134.0 
face 1.0 546.0 200.0 566.0 225.0 
face 1.0 389.0 277.0 483.0 381.0 
face 1.0 455.0 185.0 477.0 215.0 
face 1.0 484.0 189.0 501.0 215.0 
face 1.0 436.0 123.0 453.0 151.0 
face 1.0 417.0 128.0 434.0 155.0 
face 1.0 387.0 135.0 406.0 158.0 
face 1.0 386.0 189.0 410.0 218.0 
face 1.0 350.0 194.0 370.0 218.0 
face 1.0 265.0 66.0 283.0 91.0 
face 1.0 277.0 119.0 293.0 143.0 
face 1.0 266.0 206.0 285.0 229.0 
face 1.0 160.0 178.0 176.0 199.0 
face 1.0 189.0 127.0 204.0 151.0 
face 1.0 154.0 132.0 170.0 158.0 
face 1.0 85.0 105.0 104.0 132.0 
face 1.0 122.0 178.0 140.0 201.0 
face 1.0 110.0 195.0 130.0 218.0 
face 1.0 94.0 184.0 109.0 201.0 
face 1.0 65.0 196.0 85.0 220.0 
face 1.0 33.0 191.0 52.0 215.0 
