face 1.0 806.0 298.0 819.0 311.0 
face 1.0 841.0 301.0 851.0 314.0 
face 1.0 864.0 300.0 877.0 317.0 
face 1.0 897.0 306.0 906.0 316.0 
face 1.0 903.0 316.0 922.0 334.0 
face 1.0 924.0 304.0 933.0 317.0 
face 1.0 935.0 299.0 948.0 315.0 
face 1.0 954.0 309.0 966.0 324.0 
face 1.0 974.0 313.0 987.0 324.0 
face 1.0 1011.0 307.0 1021.0 318.0 
face 1.0 0.0 318.0 9.0 339.0 
face 1.0 15.0 312.0 40.0 334.0 
face 1.0 54.0 323.0 79.0 346.0 
face 1.0 51.0 306.0 66.0 322.0 
face 1.0 95.0 332.0 123.0 358.0 
face 1.0 133.0 330.0 150.0 348.0 
face 1.0 165.0 293.0 199.0 325.0 
face 1.0 239.0 299.0 250.0 309.0 
face 1.0 251.0 278.0 282.0 308.0 
face 1.0 334.0 284.0 359.0 311.0 
face 1.0 405.0 289.0 423.0 315.0 
face 1.0 425.0 305.0 433.0 315.0 
face 1.0 456.0 307.0 475.0 328.0 
face 1.0 482.0 300.0 500.0 320.0 
face 1.0 502.0 301.0 508.0 309.0 
face 1.0 667.0 314.0 673.0 322.0 
face 1.0 604.0 294.0 615.0 310.0 
face 1.0 630.0 296.0 641.0 310.0 
face 1.0 613.0 328.0 637.0 358.0 
face 1.0 705.0 287.0 719.0 303.0 
face 1.0 764.0 306.0 778.0 324.0 
face 1.0 789.0 302.0 800.0 317.0 
face 1.0 575.0 288.0 581.0 305.0 
face 1.0 541.0 289.0 551.0 307.0 
