face 1.0 980.0 310.0 1022.0 348.0 
face 1.0 962.0 318.0 985.0 348.0 
face 1.0 966.0 197.0 987.0 217.0 
face 1.0 860.0 320.0 918.0 376.0 
face 1.0 849.0 329.0 872.0 368.0 
face 1.0 849.0 211.0 870.0 231.0 
face 1.0 781.0 213.0 798.0 233.0 
face 1.0 760.0 217.0 779.0 236.0 
face 1.0 705.0 227.0 725.0 244.0 
face 1.0 841.0 345.0 856.0 366.0 
face 1.0 218.0 404.0 250.0 440.0 
face 1.0 328.0 390.0 364.0 427.0 
face 1.0 426.0 366.0 449.0 393.0 
face 1.0 452.0 354.0 471.0 382.0 
face 1.0 465.0 363.0 500.0 401.0 
face 1.0 552.0 356.0 592.0 397.0 
face 1.0 630.0 352.0 665.0 390.0 
face 1.0 632.0 210.0 654.0 235.0 
face 1.0 600.0 248.0 614.0 264.0 
face 1.0 568.0 227.0 586.0 248.0 
face 1.0 546.0 240.0 566.0 263.0 
face 1.0 508.0 245.0 529.0 264.0 
face 1.0 455.0 224.0 480.0 249.0 
face 1.0 440.0 241.0 458.0 261.0 
face 1.0 344.0 212.0 369.0 241.0 
face 1.0 278.0 263.0 297.0 287.0 
face 1.0 238.0 274.0 258.0 297.0 
face 1.0 221.0 249.0 244.0 271.0 
face 1.0 676.0 345.0 720.0 396.0 
face 1.0 179.0 386.0 207.0 419.0 
face 1.0 94.0 134.0 136.0 186.0 
face 1.0 793.0 340.0 825.0 379.0 
face 1.0 922.0 321.0 947.0 358.0 
