face 1.0 435.0 338.0 495.0 412.0 
face 1.0 666.0 213.0 712.0 281.0 
face 1.0 705.0 296.0 743.0 355.0 
face 1.0 800.0 404.0 857.0 477.0 
face 1.0 830.0 335.0 870.0 397.0 
face 1.0 851.0 289.0 896.0 349.0 
face 1.0 345.0 343.0 391.0 404.0 
face 1.0 331.0 228.0 382.0 288.0 
face 1.0 219.0 340.0 266.0 404.0 
face 1.0 172.0 286.0 215.0 344.0 
face 1.0 223.0 226.0 262.0 281.0 
face 1.0 85.0 394.0 144.0 464.0 
face 1.0 118.0 354.0 158.0 417.0 
face 1.0 567.0 178.0 611.0 229.0 
face 1.0 690.0 374.0 741.0 452.0 
face 1.0 770.0 679.0 839.0 758.0 
face 1.0 327.0 653.0 397.0 735.0 
face 1.0 348.0 609.0 403.0 685.0 
face 1.0 226.0 140.0 247.0 171.0 
face 1.0 499.0 282.0 546.0 351.0 
face 1.0 227.0 267.0 264.0 333.0 
