face 1.0 134.0 175.0 180.0 231.0 
face 1.0 51.0 69.0 72.0 98.0 
face 1.0 150.0 79.0 167.0 102.0 
face 1.0 222.0 73.0 240.0 97.0 
face 1.0 273.0 136.0 292.0 158.0 
face 1.0 341.0 157.0 382.0 206.0 
face 1.0 479.0 139.0 514.0 181.0 
face 1.0 452.0 139.0 469.0 164.0 
face 1.0 534.0 195.0 569.0 249.0 
face 1.0 701.0 160.0 743.0 213.0 
face 1.0 851.0 108.0 891.0 156.0 
face 1.0 606.0 85.0 622.0 107.0 
face 1.0 733.0 69.0 755.0 94.0 
face 1.0 792.0 62.0 810.0 87.0 
face 1.0 85.0 148.0 103.0 171.0 
face 1.0 764.0 130.0 786.0 155.0 
face 1.0 676.0 0.0 692.0 15.0 
face 1.0 716.0 0.0 730.0 11.0 
face 1.0 940.0 207.0 959.0 237.0 
