face 1.0 83.0 58.0 136.0 123.0 
face 1.0 0.0 13.0 29.0 51.0 
face 1.0 213.0 160.0 251.0 201.0 
face 1.0 342.0 45.0 375.0 84.0 
face 1.0 442.0 137.0 471.0 175.0 
face 1.0 410.0 74.0 439.0 112.0 
face 1.0 486.0 59.0 519.0 99.0 
face 1.0 746.0 517.0 838.0 563.0 
face 1.0 552.0 35.0 586.0 76.0 
face 1.0 596.0 0.0 630.0 39.0 
face 1.0 622.0 136.0 668.0 195.0 
face 1.0 731.0 56.0 765.0 98.0 
face 1.0 964.0 84.0 1002.0 125.0 
face 1.0 211.0 24.0 233.0 53.0 
face 1.0 193.0 55.0 222.0 91.0 
face 1.0 150.0 63.0 182.0 102.0 
face 1.0 198.0 92.0 224.0 125.0 
face 1.0 257.0 81.0 283.0 116.0 
face 1.0 275.0 47.0 297.0 77.0 
face 1.0 301.0 40.0 335.0 80.0 
face 1.0 321.0 9.0 345.0 39.0 
face 1.0 328.0 246.0 364.0 286.0 
face 1.0 446.0 55.0 481.0 89.0 
face 1.0 429.0 46.0 456.0 87.0 
face 1.0 656.0 51.0 681.0 88.0 
face 1.0 688.0 62.0 717.0 98.0 
face 1.0 709.0 41.0 741.0 85.0 
face 1.0 956.0 26.0 985.0 67.0 
