face 1.0 174.0 236.0 225.0 304.0 
face 1.0 278.0 239.0 322.0 302.0 
face 1.0 129.0 116.0 168.0 171.0 
face 1.0 188.0 71.0 229.0 135.0 
face 1.0 296.0 63.0 335.0 116.0 
face 1.0 254.0 132.0 295.0 188.0 
face 1.0 403.0 124.0 444.0 182.0 
face 1.0 347.0 81.0 379.0 130.0 
face 1.0 422.0 56.0 461.0 112.0 
face 1.0 481.0 99.0 522.0 160.0 
face 1.0 531.0 57.0 570.0 114.0 
face 1.0 395.0 238.0 439.0 295.0 
face 1.0 541.0 225.0 581.0 283.0 
face 1.0 602.0 209.0 650.0 273.0 
face 1.0 707.0 281.0 749.0 340.0 
face 1.0 778.0 237.0 825.0 299.0 
face 1.0 617.0 73.0 656.0 128.0 
face 1.0 668.0 99.0 713.0 160.0 
face 1.0 686.0 25.0 731.0 81.0 
face 1.0 760.0 39.0 790.0 81.0 
face 1.0 749.0 101.0 791.0 157.0 
face 1.0 826.0 101.0 872.0 162.0 
face 1.0 806.0 18.0 841.0 65.0 
face 1.0 886.0 99.0 923.0 146.0 
face 1.0 908.0 41.0 946.0 92.0 
face 1.0 871.0 21.0 891.0 43.0 
face 1.0 938.0 11.0 957.0 35.0 
face 1.0 981.0 19.0 998.0 38.0 
face 1.0 900.0 1.0 918.0 25.0 
face 1.0 914.0 132.0 955.0 186.0 
face 1.0 62.0 33.0 79.0 55.0 
face 1.0 22.0 15.0 39.0 40.0 
face 1.0 108.0 24.0 125.0 44.0 
face 1.0 110.0 50.0 123.0 68.0 
face 1.0 164.0 24.0 180.0 43.0 
face 1.0 151.0 13.0 165.0 30.0 
face 1.0 83.0 19.0 98.0 38.0 
face 1.0 51.0 22.0 65.0 39.0 
face 1.0 851.0 3.0 866.0 21.0 
