face 1.0 445.0 348.0 453.0 365.0 
face 1.0 421.0 346.0 429.0 362.0 
face 1.0 852.0 284.0 885.0 319.0 
face 1.0 799.0 300.0 809.0 308.0 
face 1.0 653.0 303.0 658.0 311.0 
face 1.0 724.0 297.0 733.0 308.0 
face 1.0 724.0 338.0 734.0 349.0 
face 1.0 632.0 342.0 640.0 354.0 
face 1.0 617.0 308.0 623.0 316.0 
face 1.0 599.0 333.0 608.0 346.0 
face 1.0 563.0 348.0 572.0 361.0 
face 1.0 509.0 337.0 515.0 345.0 
face 1.0 486.0 323.0 492.0 329.0 
face 1.0 553.0 314.0 559.0 322.0 
face 1.0 14.0 340.0 34.0 356.0 
face 1.0 83.0 355.0 98.0 372.0 
