face 1.0 214.0 355.0 281.0 426.0 
face 1.0 313.0 330.0 348.0 392.0 
face 1.0 288.0 251.0 332.0 301.0 
face 1.0 413.0 240.0 437.0 268.0 
face 1.0 143.0 262.0 186.0 306.0 
face 1.0 128.0 242.0 156.0 277.0 
face 1.0 93.0 225.0 110.0 261.0 
face 1.0 212.0 221.0 244.0 258.0 
face 1.0 333.0 210.0 348.0 232.0 
face 1.0 539.0 283.0 581.0 331.0 
face 1.0 600.0 261.0 629.0 298.0 
face 1.0 724.0 246.0 749.0 276.0 
face 1.0 801.0 218.0 821.0 240.0 
face 1.0 467.0 184.0 494.0 214.0 
face 1.0 890.0 178.0 910.0 200.0 
face 1.0 844.0 195.0 865.0 221.0 
face 1.0 773.0 190.0 790.0 216.0 
face 1.0 809.0 192.0 830.0 209.0 
face 1.0 714.0 194.0 726.0 210.0 
face 1.0 740.0 160.0 751.0 173.0 
face 1.0 835.0 176.0 846.0 187.0 
face 1.0 787.0 160.0 799.0 174.0 
face 1.0 873.0 175.0 882.0 189.0 
face 1.0 834.0 137.0 841.0 149.0 
face 1.0 821.0 170.0 831.0 182.0 
face 1.0 881.0 159.0 888.0 166.0 
face 1.0 895.0 134.0 902.0 149.0 
face 1.0 535.0 128.0 542.0 139.0 
face 1.0 543.0 134.0 549.0 144.0 
face 1.0 480.0 132.0 486.0 140.0 
face 1.0 490.0 166.0 497.0 177.0 
face 1.0 194.0 183.0 207.0 197.0 
face 1.0 175.0 171.0 186.0 184.0 
face 1.0 217.0 168.0 223.0 176.0 
face 1.0 85.0 357.0 107.0 400.0 
face 1.0 637.0 172.0 648.0 184.0 
face 1.0 678.0 198.0 695.0 221.0 
face 1.0 998.0 261.0 1024.0 299.0 
face 1.0 873.0 286.0 911.0 324.0 
face 1.0 772.0 134.0 782.0 144.0 
face 1.0 851.0 129.0 861.0 143.0 
face 1.0 931.0 128.0 943.0 143.0 
face 1.0 996.0 124.0 1009.0 139.0 
face 1.0 587.0 168.0 600.0 184.0 
face 1.0 613.0 169.0 621.0 182.0 
face 1.0 551.0 171.0 563.0 184.0 
face 1.0 542.0 207.0 575.0 238.0 
face 1.0 140.0 203.0 155.0 221.0 
face 1.0 190.0 219.0 204.0 241.0 
face 1.0 150.0 187.0 166.0 203.0 
face 1.0 226.0 192.0 249.0 225.0 
