face 1.0 157.0 99.0 166.0 110.0 
face 1.0 481.0 601.0 503.0 635.0 
face 1.0 737.0 607.0 746.0 618.0 
face 1.0 625.0 601.0 632.0 611.0 
face 1.0 673.0 608.0 679.0 616.0 
face 1.0 652.0 608.0 660.0 617.0 
face 1.0 12.0 828.0 26.0 842.0 
face 1.0 142.0 857.0 153.0 868.0 
face 1.0 351.0 873.0 354.0 880.0 
face 1.0 395.0 864.0 403.0 873.0 
face 1.0 478.0 871.0 484.0 879.0 
face 1.0 410.0 865.0 417.0 873.0 
face 1.0 511.0 843.0 546.0 884.0 
face 1.0 565.0 831.0 597.0 865.0 
face 1.0 629.0 830.0 659.0 866.0 
face 1.0 720.0 844.0 758.0 886.0 
face 1.0 183.0 101.0 192.0 110.0 
face 1.0 131.0 104.0 138.0 112.0 
face 1.0 106.0 101.0 113.0 109.0 
face 1.0 316.0 66.0 338.0 97.0 
face 1.0 355.0 78.0 372.0 102.0 
face 1.0 375.0 60.0 393.0 84.0 
face 1.0 417.0 69.0 441.0 98.0 
face 1.0 446.0 78.0 464.0 105.0 
face 1.0 494.0 66.0 508.0 84.0 
face 1.0 494.0 71.0 536.0 136.0 
face 1.0 568.0 91.0 589.0 121.0 
face 1.0 628.0 77.0 666.0 124.0 
face 1.0 716.0 41.0 774.0 117.0 
face 1.0 249.0 322.0 268.0 348.0 
face 1.0 335.0 289.0 365.0 328.0 
face 1.0 392.0 321.0 410.0 341.0 
face 1.0 468.0 322.0 496.0 355.0 
face 1.0 543.0 293.0 561.0 320.0 
face 1.0 618.0 282.0 638.0 308.0 
face 1.0 693.0 275.0 715.0 304.0 
face 1.0 836.0 326.0 845.0 343.0 
face 1.0 888.0 352.0 898.0 364.0 
face 1.0 985.0 322.0 998.0 337.0 
face 1.0 148.0 566.0 161.0 581.0 
face 1.0 129.0 574.0 136.0 587.0 
face 1.0 177.0 564.0 186.0 579.0 
face 1.0 250.0 613.0 277.0 652.0 
face 1.0 314.0 614.0 336.0 644.0 
face 1.0 402.0 604.0 426.0 634.0 
face 1.0 776.0 109.0 785.0 117.0 
face 1.0 477.0 588.0 495.0 612.0 
face 1.0 698.0 610.0 704.0 617.0 
face 1.0 475.0 861.0 482.0 869.0 
face 1.0 269.0 864.0 282.0 891.0 
