face 1.0 133.0 403.0 160.0 443.0 
face 1.0 233.0 377.0 258.0 407.0 
face 1.0 335.0 366.0 360.0 395.0 
face 1.0 389.0 367.0 412.0 396.0 
face 1.0 468.0 350.0 483.0 381.0 
face 1.0 544.0 354.0 564.0 375.0 
face 1.0 610.0 345.0 631.0 371.0 
face 1.0 639.0 342.0 659.0 363.0 
face 1.0 718.0 335.0 736.0 360.0 
face 1.0 808.0 347.0 826.0 370.0 
face 1.0 849.0 376.0 871.0 405.0 
face 1.0 764.0 400.0 782.0 429.0 
face 1.0 927.0 378.0 944.0 403.0 
face 1.0 666.0 400.0 683.0 427.0 
face 1.0 561.0 430.0 576.0 456.0 
