face 1.0 76.0 262.0 118.0 310.0 
face 1.0 153.0 301.0 177.0 324.0 
face 1.0 292.0 283.0 307.0 302.0 
face 1.0 166.0 161.0 185.0 186.0 
face 1.0 51.0 171.0 72.0 190.0 
face 1.0 0.0 181.0 36.0 269.0 
face 1.0 394.0 264.0 422.0 296.0 
face 1.0 461.0 290.0 474.0 318.0 
face 1.0 487.0 296.0 505.0 315.0 
face 1.0 531.0 288.0 547.0 311.0 
face 1.0 550.0 291.0 557.0 302.0 
face 1.0 584.0 183.0 678.0 308.0 
face 1.0 732.0 230.0 783.0 286.0 
face 1.0 796.0 223.0 844.0 303.0 
face 1.0 535.0 347.0 555.0 371.0 
face 1.0 563.0 310.0 570.0 317.0 
