face 1.0 130.0 160.0 200.0 259.0 
face 1.0 242.0 327.0 265.0 352.0 
face 1.0 356.0 304.0 382.0 339.0 
face 1.0 581.0 266.0 597.0 289.0 
face 1.0 526.0 275.0 539.0 291.0 
face 1.0 485.0 287.0 503.0 306.0 
face 1.0 507.0 299.0 526.0 316.0 
face 1.0 619.0 264.0 636.0 286.0 
face 1.0 668.0 255.0 680.0 272.0 
face 1.0 725.0 243.0 737.0 257.0 
face 1.0 877.0 281.0 889.0 293.0 
face 1.0 837.0 269.0 852.0 290.0 
face 1.0 849.0 298.0 870.0 323.0 
face 1.0 821.0 310.0 840.0 337.0 
face 1.0 639.0 327.0 658.0 354.0 
