face 1.0 267.0 205.0 293.0 239.0 
face 1.0 124.0 211.0 151.0 247.0 
face 1.0 366.0 236.0 393.0 271.0 
face 1.0 422.0 220.0 446.0 254.0 
face 1.0 492.0 249.0 516.0 277.0 
face 1.0 452.0 245.0 472.0 269.0 
face 1.0 390.0 239.0 410.0 260.0 
face 1.0 554.0 250.0 576.0 280.0 
face 1.0 726.0 249.0 762.0 283.0 
face 1.0 646.0 269.0 669.0 293.0 
face 1.0 866.0 280.0 890.0 304.0 
face 1.0 891.0 280.0 908.0 299.0 
face 1.0 935.0 261.0 961.0 304.0 
face 1.0 347.0 228.0 368.0 255.0 
face 1.0 193.0 199.0 228.0 236.0 
