face 1.0 623.0 188.0 635.0 203.0 
face 1.0 653.0 197.0 662.0 211.0 
face 1.0 671.0 200.0 680.0 208.0 
face 1.0 691.0 191.0 700.0 205.0 
face 1.0 748.0 199.0 757.0 210.0 
face 1.0 803.0 196.0 812.0 207.0 
face 1.0 814.0 183.0 825.0 195.0 
face 1.0 364.0 230.0 374.0 239.0 
face 1.0 849.0 183.0 859.0 193.0 
face 1.0 902.0 207.0 911.0 219.0 
face 1.0 883.0 197.0 891.0 208.0 
face 1.0 935.0 198.0 944.0 209.0 
face 1.0 915.0 197.0 924.0 209.0 
face 1.0 925.0 208.0 932.0 220.0 
face 1.0 957.0 193.0 968.0 206.0 
face 1.0 966.0 192.0 978.0 204.0 
face 1.0 975.0 200.0 986.0 212.0 
face 1.0 907.0 373.0 917.0 385.0 
face 1.0 997.0 368.0 1006.0 380.0 
face 1.0 1011.0 371.0 1023.0 385.0 
face 1.0 1015.0 307.0 1024.0 321.0 
face 1.0 399.0 356.0 406.0 369.0 
face 1.0 481.0 316.0 492.0 331.0 
face 1.0 479.0 352.0 489.0 367.0 
face 1.0 535.0 314.0 549.0 331.0 
face 1.0 506.0 181.0 516.0 194.0 
face 1.0 842.0 370.0 851.0 382.0 
face 1.0 815.0 368.0 823.0 379.0 
face 1.0 792.0 364.0 802.0 376.0 
face 1.0 789.0 390.0 797.0 402.0 
face 1.0 919.0 315.0 928.0 327.0 
face 1.0 964.0 308.0 974.0 320.0 
face 1.0 887.0 313.0 896.0 325.0 
face 1.0 874.0 378.0 883.0 390.0 
face 1.0 973.0 423.0 983.0 435.0 
face 1.0 480.0 179.0 488.0 191.0 
face 1.0 471.0 197.0 480.0 209.0 
face 1.0 452.0 193.0 460.0 205.0 
face 1.0 434.0 183.0 444.0 195.0 
face 1.0 403.0 182.0 412.0 191.0 
face 1.0 393.0 177.0 402.0 188.0 
face 1.0 384.0 189.0 391.0 199.0 
face 1.0 234.0 195.0 243.0 206.0 
face 1.0 248.0 187.0 256.0 197.0 
face 1.0 287.0 191.0 297.0 202.0 
face 1.0 304.0 191.0 312.0 202.0 
face 1.0 323.0 198.0 332.0 208.0 
face 1.0 210.0 202.0 217.0 212.0 
face 1.0 193.0 184.0 201.0 195.0 
face 1.0 32.0 185.0 40.0 196.0 
face 1.0 7.0 190.0 15.0 200.0 
face 1.0 105.0 194.0 114.0 205.0 
face 1.0 110.0 220.0 118.0 229.0 
face 1.0 97.0 360.0 107.0 371.0 
face 1.0 92.0 337.0 102.0 349.0 
face 1.0 56.0 348.0 64.0 360.0 
face 1.0 0.0 336.0 8.0 348.0 
face 1.0 118.0 387.0 125.0 396.0 
face 1.0 167.0 353.0 178.0 366.0 
face 1.0 203.0 329.0 211.0 340.0 
face 1.0 212.0 331.0 222.0 344.0 
face 1.0 234.0 353.0 243.0 364.0 
face 1.0 262.0 331.0 272.0 342.0 
face 1.0 315.0 339.0 326.0 352.0 
face 1.0 360.0 342.0 370.0 354.0 
face 1.0 363.0 361.0 370.0 371.0 
face 1.0 373.0 354.0 383.0 368.0 
face 1.0 335.0 357.0 342.0 367.0 
face 1.0 420.0 331.0 431.0 345.0 
face 1.0 594.0 355.0 604.0 369.0 
face 1.0 536.0 369.0 546.0 381.0 
face 1.0 539.0 337.0 549.0 349.0 
face 1.0 531.0 429.0 541.0 441.0 
face 1.0 620.0 364.0 627.0 376.0 
face 1.0 642.0 367.0 652.0 378.0 
face 1.0 690.0 374.0 699.0 386.0 
face 1.0 698.0 357.0 706.0 369.0 
face 1.0 742.0 372.0 753.0 385.0 
