face 1.0 465.0 483.0 516.0 551.0 
face 1.0 886.0 25.0 917.0 61.0 
face 1.0 628.0 178.0 660.0 214.0 
face 1.0 418.0 230.0 441.0 253.0 
face 1.0 293.0 206.0 319.0 234.0 
face 1.0 347.0 115.0 372.0 147.0 
face 1.0 514.0 182.0 538.0 208.0 
face 1.0 583.0 94.0 610.0 121.0 
face 1.0 632.0 113.0 656.0 136.0 
face 1.0 709.0 84.0 737.0 111.0 
face 1.0 752.0 132.0 780.0 161.0 
face 1.0 790.0 78.0 813.0 104.0 
face 1.0 773.0 101.0 796.0 129.0 
face 1.0 808.0 57.0 831.0 86.0 
face 1.0 807.0 31.0 826.0 59.0 
face 1.0 774.0 25.0 806.0 56.0 
face 1.0 448.0 276.0 464.0 291.0 
face 1.0 776.0 65.0 795.0 87.0 
face 1.0 797.0 101.0 822.0 129.0 
