face 1.0 619.0 542.0 663.0 602.0 
face 1.0 519.0 514.0 561.0 560.0 
face 1.0 570.0 459.0 604.0 505.0 
face 1.0 778.0 517.0 819.0 563.0 
face 1.0 885.0 514.0 927.0 559.0 
face 1.0 869.0 418.0 910.0 465.0 
face 1.0 752.0 454.0 792.0 491.0 
face 1.0 662.0 449.0 691.0 486.0 
face 1.0 672.0 396.0 703.0 431.0 
face 1.0 597.0 358.0 617.0 384.0 
face 1.0 661.0 356.0 687.0 385.0 
face 1.0 818.0 375.0 848.0 410.0 
face 1.0 738.0 402.0 767.0 432.0 
face 1.0 688.0 315.0 712.0 339.0 
face 1.0 605.0 317.0 626.0 341.0 
face 1.0 534.0 384.0 554.0 408.0 
face 1.0 463.0 319.0 492.0 353.0 
face 1.0 775.0 327.0 800.0 356.0 
face 1.0 368.0 393.0 404.0 440.0 
face 1.0 304.0 350.0 331.0 380.0 
face 1.0 84.0 314.0 159.0 387.0 
face 1.0 299.0 281.0 318.0 302.0 
face 1.0 297.0 281.0 318.0 302.0 
face 1.0 415.0 231.0 439.0 260.0 
face 1.0 481.0 217.0 504.0 241.0 
face 1.0 550.0 187.0 571.0 212.0 
face 1.0 600.0 285.0 616.0 305.0 
face 1.0 572.0 317.0 589.0 339.0 
face 1.0 268.0 322.0 294.0 348.0 
face 1.0 395.0 501.0 422.0 546.0 
face 1.0 210.0 290.0 224.0 309.0 
face 1.0 97.0 199.0 117.0 220.0 
face 1.0 89.0 214.0 129.0 279.0 
face 1.0 295.0 197.0 306.0 211.0 
face 1.0 250.0 187.0 260.0 198.0 
face 1.0 238.0 195.0 247.0 208.0 
face 1.0 653.0 270.0 668.0 295.0 
face 1.0 727.0 174.0 737.0 189.0 
face 1.0 615.0 177.0 625.0 190.0 
face 1.0 707.0 184.0 716.0 195.0 
face 1.0 418.0 60.0 424.0 69.0 
face 1.0 748.0 297.0 771.0 317.0 
face 1.0 3.0 70.0 15.0 81.0 
face 1.0 567.0 428.0 591.0 455.0 
face 1.0 684.0 294.0 700.0 308.0 
face 1.0 619.0 297.0 630.0 316.0 
face 1.0 512.0 174.0 523.0 192.0 
face 1.0 379.0 257.0 394.0 276.0 
face 1.0 302.0 219.0 313.0 236.0 
