face 1.0 367.0 278.0 405.0 346.0 
face 1.0 329.0 128.0 360.0 187.0 
face 1.0 270.0 226.0 315.0 293.0 
face 1.0 234.0 184.0 269.0 248.0 
face 1.0 199.0 147.0 234.0 203.0 
face 1.0 148.0 215.0 193.0 286.0 
face 1.0 64.0 242.0 108.0 304.0 
face 1.0 89.0 174.0 128.0 228.0 
face 1.0 54.0 130.0 90.0 185.0 
face 1.0 823.0 315.0 861.0 377.0 
face 1.0 765.0 171.0 802.0 232.0 
face 1.0 731.0 335.0 769.0 389.0 
face 1.0 630.0 277.0 671.0 338.0 
face 1.0 672.0 198.0 710.0 262.0 
face 1.0 617.0 116.0 651.0 180.0 
face 1.0 592.0 218.0 626.0 276.0 
face 1.0 544.0 257.0 582.0 313.0 
face 1.0 454.0 242.0 496.0 306.0 
face 1.0 392.0 221.0 428.0 282.0 
face 1.0 467.0 161.0 503.0 220.0 
face 1.0 424.0 128.0 459.0 175.0 
face 1.0 922.0 162.0 962.0 222.0 
face 1.0 931.0 328.0 970.0 388.0 
