face 1.0 785.0 211.0 803.0 238.0 
face 1.0 506.0 215.0 524.0 240.0 
face 1.0 470.0 232.0 488.0 259.0 
face 1.0 421.0 268.0 435.0 289.0 
face 1.0 297.0 259.0 315.0 284.0 
face 1.0 666.0 259.0 677.0 281.0 
face 1.0 517.0 262.0 530.0 281.0 
face 1.0 527.0 257.0 540.0 278.0 
face 1.0 6.0 294.0 33.0 327.0 
face 1.0 595.0 254.0 610.0 280.0 
face 1.0 553.0 271.0 564.0 290.0 
face 1.0 652.0 251.0 663.0 273.0 
face 1.0 691.0 258.0 703.0 278.0 
face 1.0 864.0 249.0 878.0 269.0 
face 1.0 431.0 247.0 445.0 262.0 
