face 1.0 62.0 245.0 81.0 273.0 
face 1.0 101.0 241.0 124.0 271.0 
face 1.0 166.0 269.0 172.0 278.0 
face 1.0 181.0 276.0 188.0 283.0 
face 1.0 176.0 241.0 181.0 248.0 
face 1.0 180.0 87.0 235.0 161.0 
face 1.0 338.0 46.0 385.0 109.0 
face 1.0 252.0 256.0 292.0 311.0 
face 1.0 374.0 246.0 394.0 277.0 
face 1.0 593.0 22.0 614.0 46.0 
face 1.0 696.0 18.0 707.0 43.0 
face 1.0 889.0 40.0 936.0 97.0 
face 1.0 935.0 3.0 991.0 49.0 
face 1.0 732.0 196.0 787.0 262.0 
face 1.0 914.0 203.0 951.0 253.0 
face 1.0 36.0 259.0 42.0 266.0 
face 1.0 39.0 253.0 48.0 264.0 
