face 1.0 322.0 216.0 344.0 243.0 
face 1.0 381.0 214.0 409.0 247.0 
face 1.0 445.0 195.0 474.0 230.0 
face 1.0 505.0 194.0 533.0 225.0 
face 1.0 372.0 325.0 417.0 376.0 
face 1.0 473.0 327.0 520.0 380.0 
face 1.0 575.0 139.0 607.0 180.0 
face 1.0 665.0 200.0 695.0 234.0 
face 1.0 588.0 342.0 631.0 395.0 
face 1.0 691.0 375.0 731.0 428.0 
face 1.0 741.0 209.0 765.0 245.0 
face 1.0 774.0 213.0 801.0 242.0 
face 1.0 828.0 196.0 859.0 231.0 
face 1.0 778.0 370.0 828.0 422.0 
face 1.0 116.0 303.0 160.0 356.0 
face 1.0 257.0 214.0 282.0 245.0 
face 1.0 253.0 323.0 300.0 375.0 
