face 1.0 37.0 170.0 65.0 209.0 
face 1.0 29.0 217.0 52.0 249.0 
face 1.0 17.0 252.0 48.0 291.0 
face 1.0 58.0 372.0 93.0 415.0 
face 1.0 102.0 280.0 130.0 319.0 
face 1.0 121.0 271.0 143.0 301.0 
face 1.0 170.0 264.0 192.0 298.0 
face 1.0 186.0 284.0 209.0 316.0 
face 1.0 248.0 257.0 270.0 282.0 
face 1.0 263.0 271.0 283.0 308.0 
face 1.0 291.0 256.0 309.0 291.0 
face 1.0 345.0 280.0 370.0 326.0 
face 1.0 361.0 246.0 378.0 275.0 
face 1.0 387.0 262.0 409.0 293.0 
face 1.0 431.0 272.0 458.0 306.0 
face 1.0 458.0 309.0 481.0 344.0 
face 1.0 461.0 234.0 483.0 264.0 
face 1.0 524.0 259.0 547.0 291.0 
face 1.0 531.0 289.0 551.0 325.0 
face 1.0 565.0 304.0 588.0 339.0 
face 1.0 606.0 257.0 623.0 287.0 
face 1.0 634.0 265.0 652.0 301.0 
face 1.0 669.0 293.0 692.0 333.0 
face 1.0 696.0 279.0 718.0 316.0 
face 1.0 743.0 235.0 766.0 272.0 
face 1.0 740.0 274.0 764.0 313.0 
face 1.0 727.0 369.0 757.0 421.0 
face 1.0 816.0 269.0 840.0 310.0 
face 1.0 840.0 208.0 862.0 247.0 
face 1.0 873.0 229.0 897.0 266.0 
face 1.0 868.0 302.0 892.0 343.0 
face 1.0 872.0 395.0 908.0 442.0 
face 1.0 965.0 217.0 1000.0 259.0 
face 1.0 775.0 272.0 801.0 308.0 
face 1.0 593.0 291.0 617.0 318.0 
