face 1.0 383.0 6.0 396.0 26.0 
face 1.0 408.0 15.0 421.0 33.0 
face 1.0 354.0 30.0 366.0 48.0 
face 1.0 345.0 5.0 356.0 17.0 
face 1.0 332.0 0.0 339.0 9.0 
face 1.0 424.0 41.0 436.0 57.0 
face 1.0 375.0 25.0 384.0 41.0 
face 1.0 357.0 18.0 368.0 33.0 
face 1.0 845.0 61.0 901.0 143.0 
face 1.0 753.0 119.0 811.0 211.0 
face 1.0 795.0 277.0 851.0 360.0 
face 1.0 519.0 293.0 560.0 341.0 
face 1.0 126.0 265.0 167.0 316.0 
face 1.0 660.0 102.0 683.0 135.0 
face 1.0 603.0 143.0 630.0 182.0 
face 1.0 473.0 197.0 502.0 233.0 
face 1.0 483.0 173.0 509.0 199.0 
face 1.0 444.0 171.0 467.0 204.0 
face 1.0 363.0 174.0 391.0 213.0 
face 1.0 418.0 104.0 438.0 128.0 
face 1.0 346.0 96.0 365.0 127.0 
face 1.0 326.0 80.0 349.0 104.0 
face 1.0 381.0 72.0 393.0 95.0 
face 1.0 395.0 74.0 413.0 98.0 
face 1.0 673.0 10.0 684.0 24.0 
