face 1.0 964.0 15.0 986.0 58.0 
face 1.0 691.0 48.0 724.0 107.0 
face 1.0 559.0 80.0 588.0 130.0 
face 1.0 619.0 55.0 645.0 100.0 
face 1.0 486.0 18.0 513.0 56.0 
face 1.0 531.0 14.0 564.0 54.0 
face 1.0 607.0 17.0 636.0 49.0 
face 1.0 800.0 7.0 831.0 42.0 
face 1.0 82.0 66.0 121.0 114.0 
face 1.0 160.0 27.0 188.0 56.0 
face 1.0 151.0 59.0 184.0 99.0 
face 1.0 211.0 30.0 240.0 64.0 
face 1.0 263.0 19.0 289.0 48.0 
face 1.0 350.0 27.0 374.0 59.0 
face 1.0 404.0 6.0 433.0 45.0 
face 1.0 440.0 33.0 465.0 72.0 
face 1.0 423.0 133.0 450.0 173.0 
face 1.0 299.0 12.0 318.0 45.0 
face 1.0 118.0 18.0 141.0 57.0 
face 1.0 90.0 17.0 124.0 65.0 
face 1.0 28.0 19.0 50.0 54.0 
face 1.0 912.0 194.0 951.0 241.0 
face 1.0 936.0 77.0 969.0 134.0 
face 1.0 839.0 57.0 870.0 107.0 
face 1.0 902.0 34.0 928.0 81.0 
face 1.0 326.0 98.0 356.0 166.0 
face 1.0 282.0 60.0 316.0 110.0 
face 1.0 663.0 0.0 696.0 41.0 
