face 1.0 122.0 454.0 137.0 471.0 
face 1.0 99.0 436.0 109.0 455.0 
face 1.0 20.0 425.0 31.0 448.0 
face 1.0 35.0 416.0 51.0 433.0 
face 1.0 59.0 449.0 74.0 466.0 
face 1.0 178.0 434.0 193.0 456.0 
face 1.0 215.0 458.0 229.0 481.0 
face 1.0 272.0 467.0 287.0 491.0 
face 1.0 289.0 440.0 300.0 461.0 
face 1.0 237.0 452.0 252.0 474.0 
face 1.0 366.0 437.0 383.0 456.0 
face 1.0 322.0 442.0 335.0 459.0 
face 1.0 472.0 434.0 488.0 453.0 
face 1.0 199.0 417.0 212.0 430.0 
face 1.0 423.0 429.0 438.0 450.0 
face 1.0 424.0 452.0 437.0 475.0 
face 1.0 159.0 419.0 168.0 432.0 
face 1.0 614.0 463.0 629.0 481.0 
face 1.0 695.0 479.0 709.0 499.0 
face 1.0 744.0 475.0 760.0 496.0 
face 1.0 549.0 445.0 565.0 464.0 
face 1.0 574.0 447.0 588.0 463.0 
face 1.0 528.0 429.0 542.0 448.0 
face 1.0 817.0 459.0 829.0 479.0 
face 1.0 827.0 426.0 841.0 451.0 
face 1.0 492.0 446.0 508.0 467.0 
face 1.0 934.0 457.0 949.0 481.0 
face 1.0 989.0 452.0 1001.0 467.0 
face 1.0 937.0 427.0 952.0 447.0 
face 1.0 896.0 426.0 912.0 444.0 
