face 1.0 905.0 229.0 961.0 295.0 
face 1.0 532.0 237.0 584.0 277.0 
face 1.0 455.0 181.0 495.0 225.0 
face 1.0 510.0 144.0 549.0 191.0 
face 1.0 621.0 123.0 653.0 170.0 
face 1.0 785.0 125.0 806.0 149.0 
face 1.0 938.0 89.0 948.0 112.0 
face 1.0 916.0 73.0 931.0 91.0 
face 1.0 893.0 62.0 908.0 79.0 
face 1.0 783.0 38.0 794.0 58.0 
face 1.0 938.0 49.0 949.0 65.0 
face 1.0 482.0 24.0 499.0 52.0 
face 1.0 418.0 46.0 434.0 72.0 
face 1.0 320.0 59.0 338.0 86.0 
face 1.0 616.0 56.0 626.0 85.0 
face 1.0 700.0 88.0 711.0 112.0 
face 1.0 179.0 61.0 197.0 93.0 
face 1.0 262.0 60.0 277.0 89.0 
