face 1.0 278.0 163.0 314.0 202.0 
face 1.0 470.0 134.0 509.0 180.0 
face 1.0 686.0 151.0 732.0 196.0 
face 1.0 848.0 417.0 873.0 454.0 
face 1.0 910.0 428.0 940.0 465.0 
face 1.0 1003.0 432.0 1024.0 465.0 
face 1.0 841.0 323.0 863.0 358.0 
face 1.0 931.0 319.0 954.0 351.0 
face 1.0 948.0 222.0 970.0 252.0 
face 1.0 857.0 219.0 882.0 251.0 
face 1.0 931.0 128.0 955.0 158.0 
face 1.0 846.0 125.0 866.0 153.0 
face 1.0 850.0 26.0 875.0 62.0 
face 1.0 928.0 20.0 954.0 57.0 
face 1.0 0.0 415.0 17.0 446.0 
face 1.0 43.0 314.0 65.0 343.0 
face 1.0 28.0 214.0 53.0 249.0 
face 1.0 71.0 121.0 90.0 152.0 
face 1.0 61.0 45.0 87.0 74.0 
