face 1.0 115.0 65.0 174.0 150.0 
face 1.0 290.0 104.0 331.0 163.0 
face 1.0 364.0 85.0 406.0 151.0 
face 1.0 678.0 110.0 698.0 144.0 
face 1.0 753.0 113.0 771.0 143.0 
face 1.0 777.0 123.0 800.0 154.0 
face 1.0 653.0 157.0 677.0 191.0 
face 1.0 520.0 107.0 550.0 153.0 
face 1.0 896.0 125.0 907.0 138.0 
face 1.0 836.0 129.0 846.0 148.0 
face 1.0 960.0 136.0 969.0 156.0 
face 1.0 916.0 180.0 928.0 193.0 
face 1.0 604.0 141.0 622.0 165.0 
face 1.0 365.0 197.0 430.0 272.0 
face 1.0 644.0 130.0 672.0 160.0 
face 1.0 433.0 123.0 465.0 173.0 
face 1.0 232.0 152.0 260.0 194.0 
