face 1.0 664.0 213.0 689.0 255.0 
face 1.0 809.0 215.0 830.0 249.0 
face 1.0 868.0 223.0 887.0 259.0 
face 1.0 942.0 208.0 958.0 231.0 
face 1.0 746.0 227.0 770.0 259.0 
face 1.0 572.0 213.0 592.0 250.0 
face 1.0 596.0 208.0 608.0 225.0 
face 1.0 632.0 193.0 648.0 211.0 
face 1.0 391.0 251.0 421.0 292.0 
face 1.0 248.0 282.0 278.0 314.0 
face 1.0 338.0 228.0 356.0 257.0 
face 1.0 356.0 220.0 370.0 245.0 
face 1.0 302.0 213.0 315.0 230.0 
face 1.0 223.0 197.0 239.0 221.0 
face 1.0 267.0 228.0 281.0 247.0 
face 1.0 280.0 189.0 290.0 211.0 
face 1.0 371.0 176.0 382.0 194.0 
face 1.0 396.0 185.0 406.0 200.0 
face 1.0 410.0 195.0 424.0 213.0 
face 1.0 360.0 201.0 374.0 221.0 
face 1.0 512.0 212.0 530.0 233.0 
face 1.0 474.0 217.0 497.0 246.0 
face 1.0 445.0 218.0 461.0 240.0 
face 1.0 240.0 183.0 252.0 204.0 
face 1.0 138.0 218.0 156.0 238.0 
face 1.0 109.0 185.0 120.0 199.0 
face 1.0 128.0 191.0 138.0 205.0 
face 1.0 77.0 186.0 87.0 199.0 
face 1.0 26.0 181.0 38.0 199.0 
face 1.0 198.0 181.0 209.0 197.0 
face 1.0 99.0 173.0 107.0 183.0 
face 1.0 303.0 175.0 312.0 185.0 
face 1.0 457.0 178.0 466.0 193.0 
face 1.0 679.0 191.0 694.0 212.0 
face 1.0 839.0 221.0 853.0 242.0 
face 1.0 445.0 202.0 457.0 216.0 
face 1.0 91.0 168.0 96.0 175.0 
face 1.0 419.0 217.0 439.0 252.0 
face 1.0 617.0 244.0 634.0 270.0 
face 1.0 559.0 178.0 568.0 188.0 
