face 1.0 409.0 253.0 443.0 339.0 
face 1.0 621.0 369.0 627.0 379.0 
face 1.0 645.0 372.0 655.0 382.0 
face 1.0 635.0 365.0 643.0 376.0 
face 1.0 572.0 386.0 577.0 394.0 
face 1.0 542.0 389.0 550.0 397.0 
face 1.0 518.0 385.0 524.0 394.0 
face 1.0 522.0 398.0 528.0 406.0 
face 1.0 554.0 348.0 559.0 354.0 
face 1.0 558.0 359.0 563.0 367.0 
face 1.0 579.0 346.0 583.0 354.0 
face 1.0 519.0 355.0 525.0 362.0 
face 1.0 517.0 366.0 526.0 375.0 
face 1.0 531.0 349.0 537.0 357.0 
face 1.0 538.0 355.0 544.0 361.0 
face 1.0 513.0 341.0 518.0 348.0 
face 1.0 493.0 362.0 502.0 370.0 
face 1.0 485.0 360.0 490.0 367.0 
face 1.0 466.0 383.0 471.0 391.0 
face 1.0 489.0 397.0 495.0 406.0 
face 1.0 474.0 351.0 479.0 359.0 
face 1.0 569.0 327.0 575.0 333.0 
face 1.0 611.0 329.0 616.0 334.0 
face 1.0 620.0 337.0 624.0 341.0 
face 1.0 628.0 354.0 634.0 362.0 
face 1.0 583.0 361.0 589.0 368.0 
face 1.0 527.0 329.0 533.0 336.0 
face 1.0 79.0 409.0 88.0 419.0 
face 1.0 109.0 407.0 115.0 419.0 
face 1.0 117.0 398.0 125.0 411.0 
face 1.0 136.0 395.0 142.0 404.0 
face 1.0 148.0 408.0 155.0 420.0 
face 1.0 46.0 411.0 54.0 421.0 
face 1.0 16.0 411.0 24.0 422.0 
face 1.0 51.0 400.0 58.0 410.0 
face 1.0 23.0 379.0 29.0 387.0 
face 1.0 10.0 370.0 16.0 379.0 
face 1.0 6.0 387.0 12.0 395.0 
face 1.0 38.0 369.0 45.0 380.0 
face 1.0 42.0 360.0 50.0 369.0 
face 1.0 164.0 396.0 171.0 405.0 
face 1.0 152.0 398.0 161.0 409.0 
face 1.0 130.0 377.0 137.0 385.0 
face 1.0 148.0 373.0 153.0 380.0 
face 1.0 110.0 389.0 118.0 401.0 
face 1.0 106.0 376.0 112.0 385.0 
face 1.0 95.0 372.0 101.0 380.0 
face 1.0 86.0 385.0 94.0 394.0 
face 1.0 78.0 357.0 85.0 364.0 
face 1.0 99.0 362.0 105.0 370.0 
face 1.0 86.0 339.0 92.0 348.0 
face 1.0 57.0 349.0 61.0 355.0 
face 1.0 58.0 383.0 66.0 394.0 
face 1.0 44.0 379.0 52.0 388.0 
face 1.0 31.0 386.0 39.0 396.0 
face 1.0 185.0 385.0 192.0 396.0 
face 1.0 211.0 399.0 218.0 408.0 
face 1.0 173.0 368.0 179.0 379.0 
face 1.0 170.0 341.0 176.0 348.0 
face 1.0 217.0 357.0 224.0 364.0 
face 1.0 201.0 366.0 209.0 375.0 
face 1.0 193.0 360.0 199.0 368.0 
face 1.0 214.0 341.0 221.0 351.0 
face 1.0 146.0 350.0 153.0 357.0 
face 1.0 190.0 378.0 197.0 388.0 
face 1.0 203.0 378.0 211.0 386.0 
face 1.0 157.0 361.0 165.0 371.0 
face 1.0 23.0 360.0 29.0 367.0 
face 1.0 74.0 396.0 81.0 403.0 
face 1.0 645.0 280.0 696.0 357.0 
face 1.0 835.0 275.0 854.0 305.0 
face 1.0 894.0 426.0 904.0 438.0 
face 1.0 935.0 418.0 944.0 431.0 
face 1.0 926.0 413.0 937.0 426.0 
face 1.0 921.0 404.0 928.0 416.0 
face 1.0 927.0 386.0 934.0 399.0 
face 1.0 956.0 399.0 963.0 411.0 
face 1.0 964.0 408.0 971.0 420.0 
face 1.0 951.0 388.0 958.0 399.0 
face 1.0 962.0 381.0 970.0 393.0 
face 1.0 945.0 371.0 952.0 380.0 
face 1.0 916.0 372.0 924.0 381.0 
face 1.0 887.0 389.0 894.0 397.0 
face 1.0 904.0 332.0 910.0 341.0 
face 1.0 883.0 336.0 889.0 343.0 
face 1.0 596.0 422.0 606.0 436.0 
face 1.0 625.0 413.0 634.0 426.0 
face 1.0 651.0 406.0 659.0 419.0 
face 1.0 613.0 412.0 623.0 424.0 
face 1.0 604.0 403.0 613.0 412.0 
face 1.0 584.0 414.0 595.0 426.0 
face 1.0 489.0 421.0 498.0 432.0 
face 1.0 474.0 409.0 482.0 422.0 
face 1.0 482.0 404.0 489.0 416.0 
face 1.0 520.0 413.0 527.0 423.0 
face 1.0 601.0 385.0 608.0 396.0 
face 1.0 635.0 389.0 641.0 397.0 
face 1.0 659.0 381.0 664.0 391.0 
face 1.0 595.0 375.0 601.0 384.0 
