face 1.0 971.0 247.0 1016.0 322.0 
face 1.0 483.0 366.0 537.0 459.0 
face 1.0 596.0 332.0 627.0 368.0 
face 1.0 670.0 254.0 695.0 282.0 
face 1.0 784.0 301.0 824.0 360.0 
face 1.0 514.0 276.0 532.0 302.0 
face 1.0 455.0 289.0 474.0 310.0 
face 1.0 403.0 269.0 421.0 289.0 
face 1.0 357.0 282.0 372.0 298.0 
face 1.0 367.0 254.0 378.0 266.0 
face 1.0 336.0 255.0 351.0 272.0 
face 1.0 424.0 250.0 435.0 263.0 
face 1.0 453.0 239.0 465.0 254.0 
face 1.0 507.0 229.0 517.0 242.0 
face 1.0 157.0 413.0 188.0 467.0 
face 1.0 250.0 393.0 278.0 445.0 
face 1.0 137.0 353.0 163.0 382.0 
face 1.0 157.0 390.0 179.0 422.0 
face 1.0 90.0 339.0 114.0 371.0 
face 1.0 40.0 338.0 59.0 363.0 
face 1.0 13.0 299.0 32.0 321.0 
face 1.0 66.0 284.0 79.0 301.0 
face 1.0 114.0 300.0 124.0 314.0 
face 1.0 154.0 277.0 170.0 294.0 
face 1.0 191.0 258.0 204.0 274.0 
face 1.0 465.0 226.0 477.0 238.0 
face 1.0 275.0 247.0 282.0 258.0 
face 1.0 631.0 193.0 644.0 207.0 
face 1.0 538.0 196.0 545.0 209.0 
face 1.0 493.0 217.0 503.0 228.0 
face 1.0 330.0 230.0 342.0 243.0 
face 1.0 694.0 442.0 758.0 583.0 
face 1.0 534.0 311.0 555.0 335.0 
face 1.0 566.0 298.0 589.0 329.0 
face 1.0 960.0 220.0 999.0 270.0 
