face 1.0 44.0 359.0 69.0 411.0 
face 1.0 7.0 326.0 41.0 369.0 
face 1.0 503.0 348.0 520.0 378.0 
face 1.0 830.0 270.0 843.0 281.0 
face 1.0 747.0 239.0 756.0 249.0 
face 1.0 728.0 201.0 735.0 209.0 
face 1.0 855.0 265.0 864.0 274.0 
face 1.0 908.0 250.0 921.0 263.0 
face 1.0 929.0 246.0 936.0 255.0 
face 1.0 915.0 302.0 921.0 315.0 
face 1.0 720.0 203.0 727.0 215.0 
face 1.0 677.0 208.0 683.0 218.0 
face 1.0 771.0 290.0 780.0 303.0 
face 1.0 538.0 192.0 546.0 202.0 
face 1.0 527.0 185.0 536.0 195.0 
face 1.0 515.0 161.0 522.0 173.0 
face 1.0 565.0 170.0 573.0 180.0 
face 1.0 470.0 152.0 478.0 165.0 
face 1.0 437.0 152.0 447.0 163.0 
face 1.0 497.0 159.0 505.0 170.0 
face 1.0 525.0 163.0 534.0 170.0 
face 1.0 405.0 125.0 411.0 132.0 
face 1.0 258.0 108.0 269.0 120.0 
face 1.0 226.0 104.0 239.0 113.0 
face 1.0 434.0 133.0 440.0 141.0 
face 1.0 139.0 69.0 149.0 78.0 
face 1.0 183.0 74.0 191.0 83.0 
face 1.0 206.0 95.0 215.0 105.0 
face 1.0 199.0 84.0 207.0 94.0 
face 1.0 114.0 59.0 122.0 69.0 
face 1.0 82.0 49.0 91.0 58.0 
face 1.0 52.0 45.0 63.0 55.0 
face 1.0 33.0 41.0 41.0 50.0 
face 1.0 12.0 41.0 23.0 52.0 
face 1.0 9.0 28.0 17.0 38.0 
face 1.0 75.0 44.0 81.0 53.0 
face 1.0 528.0 110.0 533.0 115.0 
face 1.0 845.0 298.0 857.0 314.0 
face 1.0 853.0 242.0 861.0 252.0 
face 1.0 427.0 124.0 432.0 131.0 
face 1.0 530.0 127.0 536.0 133.0 
face 1.0 515.0 150.0 521.0 156.0 
face 1.0 486.0 153.0 492.0 160.0 
face 1.0 732.0 190.0 739.0 199.0 
face 1.0 725.0 192.0 731.0 199.0 
face 1.0 831.0 239.0 838.0 251.0 
face 1.0 794.0 217.0 801.0 223.0 
face 1.0 521.0 315.0 534.0 338.0 
face 1.0 545.0 171.0 552.0 179.0 
face 1.0 799.0 361.0 809.0 378.0 
face 1.0 799.0 235.0 805.0 244.0 
face 1.0 768.0 206.0 774.0 213.0 
face 1.0 743.0 208.0 752.0 219.0 
face 1.0 734.0 221.0 741.0 231.0 
face 1.0 649.0 202.0 656.0 213.0 
face 1.0 634.0 196.0 641.0 206.0 
face 1.0 700.0 225.0 709.0 235.0 
face 1.0 667.0 188.0 674.0 199.0 
face 1.0 601.0 180.0 606.0 188.0 
face 1.0 581.0 169.0 587.0 178.0 
face 1.0 563.0 192.0 573.0 203.0 
face 1.0 284.0 116.0 292.0 126.0 
face 1.0 306.0 107.0 313.0 118.0 
face 1.0 335.0 118.0 341.0 128.0 
face 1.0 349.0 129.0 356.0 140.0 
face 1.0 369.0 133.0 375.0 144.0 
face 1.0 394.0 141.0 402.0 152.0 
face 1.0 283.0 84.0 289.0 90.0 
face 1.0 323.0 93.0 327.0 98.0 
face 1.0 356.0 105.0 362.0 112.0 
face 1.0 374.0 110.0 380.0 118.0 
face 1.0 386.0 120.0 392.0 127.0 
face 1.0 344.0 410.0 362.0 433.0 
