face 1.0 241.0 340.0 256.0 357.0 
face 1.0 199.0 319.0 213.0 336.0 
face 1.0 180.0 339.0 193.0 357.0 
face 1.0 295.0 339.0 300.0 351.0 
face 1.0 474.0 342.0 487.0 356.0 
face 1.0 432.0 307.0 440.0 321.0 
face 1.0 514.0 299.0 525.0 315.0 
face 1.0 410.0 346.0 423.0 362.0 
face 1.0 331.0 374.0 339.0 389.0 
face 1.0 395.0 369.0 402.0 383.0 
face 1.0 426.0 378.0 433.0 392.0 
face 1.0 475.0 382.0 483.0 395.0 
face 1.0 570.0 392.0 580.0 406.0 
face 1.0 553.0 315.0 564.0 331.0 
face 1.0 626.0 299.0 639.0 313.0 
face 1.0 678.0 295.0 687.0 309.0 
face 1.0 716.0 282.0 727.0 294.0 
face 1.0 693.0 276.0 702.0 288.0 
face 1.0 662.0 261.0 672.0 275.0 
face 1.0 653.0 286.0 663.0 297.0 
face 1.0 558.0 304.0 571.0 317.0 
face 1.0 678.0 388.0 686.0 401.0 
face 1.0 703.0 303.0 711.0 313.0 
face 1.0 759.0 357.0 764.0 370.0 
face 1.0 816.0 297.0 827.0 312.0 
face 1.0 808.0 315.0 819.0 328.0 
face 1.0 782.0 255.0 792.0 267.0 
face 1.0 851.0 349.0 861.0 363.0 
face 1.0 822.0 334.0 830.0 349.0 
face 1.0 878.0 316.0 885.0 325.0 
face 1.0 965.0 326.0 975.0 341.0 
face 1.0 890.0 235.0 898.0 246.0 
face 1.0 676.0 322.0 682.0 336.0 
face 1.0 546.0 388.0 556.0 398.0 
face 1.0 861.0 276.0 871.0 292.0 
face 1.0 966.0 241.0 972.0 247.0 
face 1.0 770.0 291.0 782.0 306.0 
face 1.0 620.0 322.0 629.0 336.0 
