face 1.0 492.0 471.0 521.0 507.0 
face 1.0 331.0 347.0 354.0 378.0 
face 1.0 44.0 181.0 62.0 204.0 
face 1.0 100.0 116.0 121.0 142.0 
face 1.0 25.0 34.0 50.0 66.0 
face 1.0 4.0 119.0 24.0 155.0 
face 1.0 299.0 81.0 322.0 114.0 
face 1.0 60.0 26.0 86.0 53.0 
face 1.0 124.0 31.0 148.0 49.0 
face 1.0 356.0 70.0 381.0 104.0 
face 1.0 420.0 66.0 446.0 98.0 
face 1.0 491.0 64.0 513.0 96.0 
face 1.0 560.0 46.0 586.0 76.0 
face 1.0 599.0 41.0 621.0 68.0 
face 1.0 176.0 18.0 200.0 38.0 
face 1.0 661.0 38.0 683.0 67.0 
face 1.0 742.0 32.0 763.0 64.0 
face 1.0 363.0 3.0 386.0 27.0 
face 1.0 237.0 20.0 263.0 48.0 
face 1.0 808.0 22.0 829.0 46.0 
face 1.0 864.0 3.0 886.0 29.0 
face 1.0 915.0 2.0 936.0 23.0 
face 1.0 916.0 237.0 934.0 261.0 
face 1.0 208.0 87.0 234.0 123.0 
face 1.0 162.0 79.0 191.0 115.0 
face 1.0 153.0 23.0 172.0 44.0 
