face 1.0 456.0 527.0 520.0 609.0 
face 1.0 480.0 458.0 524.0 518.0 
face 1.0 544.0 490.0 578.0 535.0 
face 1.0 652.0 464.0 703.0 524.0 
face 1.0 826.0 477.0 859.0 528.0 
face 1.0 896.0 476.0 923.0 532.0 
face 1.0 821.0 153.0 858.0 199.0 
face 1.0 731.0 161.0 770.0 215.0 
face 1.0 576.0 41.0 619.0 88.0 
face 1.0 78.0 589.0 131.0 646.0 
face 1.0 201.0 475.0 255.0 540.0 
face 1.0 110.0 455.0 160.0 521.0 
face 1.0 8.0 455.0 57.0 520.0 
face 1.0 97.0 369.0 149.0 426.0 
face 1.0 132.0 329.0 182.0 386.0 
face 1.0 254.0 339.0 298.0 394.0 
face 1.0 366.0 292.0 405.0 350.0 
face 1.0 488.0 297.0 529.0 345.0 
face 1.0 196.0 206.0 243.0 259.0 
face 1.0 50.0 204.0 88.0 246.0 
face 1.0 1.0 194.0 30.0 252.0 
face 1.0 123.0 91.0 153.0 141.0 
face 1.0 48.0 77.0 87.0 126.0 
face 1.0 7.0 81.0 32.0 124.0 
face 1.0 1.0 694.0 53.0 767.0 
face 1.0 287.0 583.0 327.0 631.0 
