face 1.0 516.0 57.0 564.0 107.0 
face 1.0 309.0 126.0 360.0 184.0 
face 1.0 81.0 42.0 111.0 71.0 
face 1.0 362.0 44.0 385.0 70.0 
face 1.0 394.0 46.0 414.0 71.0 
face 1.0 433.0 47.0 447.0 70.0 
face 1.0 273.0 39.0 298.0 64.0 
face 1.0 224.0 44.0 244.0 61.0 
face 1.0 186.0 44.0 204.0 60.0 
face 1.0 6.0 27.0 22.0 47.0 
face 1.0 491.0 57.0 509.0 77.0 
face 1.0 309.0 48.0 330.0 69.0 
face 1.0 660.0 57.0 682.0 79.0 
face 1.0 842.0 5.0 866.0 27.0 
face 1.0 955.0 10.0 980.0 35.0 
face 1.0 994.0 98.0 1023.0 138.0 
face 1.0 125.0 45.0 140.0 61.0 
face 1.0 445.0 47.0 459.0 67.0 
face 1.0 247.0 20.0 257.0 34.0 
