face 1.0 794.0 315.0 824.0 348.0 
face 1.0 918.0 315.0 952.0 357.0 
face 1.0 731.0 344.0 761.0 377.0 
face 1.0 685.0 341.0 715.0 374.0 
face 1.0 657.0 304.0 687.0 343.0 
face 1.0 625.0 363.0 654.0 399.0 
face 1.0 607.0 332.0 637.0 360.0 
face 1.0 524.0 344.0 555.0 376.0 
face 1.0 483.0 344.0 512.0 379.0 
face 1.0 447.0 352.0 482.0 396.0 
face 1.0 424.0 296.0 455.0 337.0 
face 1.0 376.0 338.0 409.0 386.0 
face 1.0 330.0 337.0 361.0 373.0 
face 1.0 284.0 369.0 317.0 405.0 
face 1.0 281.0 309.0 314.0 347.0 
face 1.0 246.0 368.0 277.0 399.0 
face 1.0 130.0 329.0 167.0 373.0 
