face 1.0 348.0 575.0 380.0 607.0 
face 1.0 420.0 495.0 452.0 529.0 
face 1.0 531.0 442.0 563.0 475.0 
face 1.0 508.0 336.0 532.0 362.0 
face 1.0 555.0 305.0 582.0 334.0 
face 1.0 11.0 514.0 38.0 538.0 
face 1.0 230.0 212.0 250.0 236.0 
face 1.0 545.0 259.0 568.0 281.0 
face 1.0 607.0 227.0 633.0 257.0 
face 1.0 603.0 194.0 624.0 224.0 
face 1.0 656.0 184.0 681.0 207.0 
face 1.0 738.0 127.0 765.0 155.0 
face 1.0 774.0 66.0 794.0 89.0 
face 1.0 831.0 58.0 848.0 82.0 
face 1.0 841.0 26.0 865.0 51.0 
face 1.0 853.0 4.0 875.0 22.0 
