face 1.0 595.0 79.0 651.0 142.0 
face 1.0 512.0 83.0 538.0 107.0 
face 1.0 499.0 42.0 519.0 66.0 
face 1.0 257.0 118.0 278.0 153.0 
face 1.0 506.0 134.0 527.0 155.0 
face 1.0 371.0 50.0 388.0 71.0 
face 1.0 430.0 85.0 454.0 108.0 
face 1.0 431.0 126.0 457.0 147.0 
face 1.0 379.0 75.0 398.0 101.0 
face 1.0 287.0 34.0 312.0 63.0 
face 1.0 402.0 7.0 419.0 31.0 
face 1.0 357.0 140.0 380.0 164.0 
face 1.0 180.0 156.0 204.0 190.0 
face 1.0 141.0 161.0 165.0 193.0 
face 1.0 59.0 169.0 88.0 202.0 
face 1.0 220.0 73.0 243.0 101.0 
face 1.0 238.0 28.0 259.0 56.0 
face 1.0 138.0 69.0 164.0 104.0 
face 1.0 62.0 89.0 82.0 114.0 
face 1.0 37.0 37.0 60.0 61.0 
face 1.0 129.0 41.0 151.0 60.0 
face 1.0 432.0 7.0 450.0 31.0 
face 1.0 650.0 50.0 669.0 73.0 
face 1.0 201.0 34.0 222.0 61.0 
face 1.0 316.0 35.0 337.0 60.0 
face 1.0 455.0 153.0 478.0 171.0 
face 1.0 27.0 2.0 48.0 16.0 
face 1.0 942.0 157.0 961.0 183.0 
face 1.0 992.0 161.0 1012.0 184.0 
face 1.0 853.0 161.0 872.0 185.0 
face 1.0 775.0 51.0 792.0 75.0 
face 1.0 928.0 91.0 944.0 108.0 
face 1.0 970.0 114.0 990.0 141.0 
face 1.0 957.0 90.0 976.0 115.0 
face 1.0 964.0 55.0 984.0 79.0 
face 1.0 829.0 91.0 848.0 111.0 
face 1.0 914.0 121.0 932.0 143.0 
face 1.0 875.0 18.0 896.0 42.0 
face 1.0 865.0 58.0 886.0 77.0 
face 1.0 942.0 15.0 952.0 38.0 
face 1.0 989.0 19.0 1003.0 40.0 
face 1.0 794.0 52.0 812.0 71.0 
face 1.0 418.0 58.0 437.0 79.0 
face 1.0 789.0 97.0 805.0 114.0 
face 1.0 827.0 64.0 840.0 81.0 
face 1.0 806.0 172.0 827.0 195.0 
