face 1.0 551.0 220.0 583.0 255.0 
face 1.0 618.0 115.0 639.0 136.0 
face 1.0 553.0 143.0 568.0 166.0 
face 1.0 573.0 110.0 590.0 128.0 
face 1.0 478.0 93.0 499.0 112.0 
face 1.0 399.0 90.0 417.0 112.0 
face 1.0 365.0 242.0 405.0 282.0 
face 1.0 335.0 115.0 353.0 135.0 
face 1.0 332.0 76.0 348.0 97.0 
face 1.0 358.0 64.0 375.0 81.0 
face 1.0 413.0 23.0 432.0 49.0 
face 1.0 463.0 16.0 479.0 34.0 
face 1.0 304.0 57.0 320.0 78.0 
face 1.0 256.0 48.0 274.0 68.0 
face 1.0 216.0 61.0 237.0 82.0 
face 1.0 164.0 85.0 181.0 106.0 
face 1.0 100.0 88.0 118.0 109.0 
face 1.0 68.0 96.0 88.0 117.0 
face 1.0 23.0 87.0 44.0 111.0 
face 1.0 10.0 43.0 28.0 70.0 
face 1.0 88.0 3.0 105.0 24.0 
face 1.0 135.0 14.0 149.0 33.0 
face 1.0 160.0 31.0 172.0 47.0 
face 1.0 648.0 115.0 663.0 137.0 
face 1.0 739.0 138.0 753.0 155.0 
face 1.0 783.0 156.0 799.0 179.0 
face 1.0 723.0 25.0 738.0 45.0 
face 1.0 683.0 25.0 698.0 41.0 
face 1.0 501.0 23.0 513.0 41.0 
face 1.0 526.0 166.0 545.0 187.0 
face 1.0 887.0 69.0 901.0 86.0 
face 1.0 871.0 120.0 885.0 134.0 
face 1.0 903.0 169.0 917.0 185.0 
face 1.0 931.0 159.0 943.0 172.0 
face 1.0 838.0 162.0 851.0 180.0 
face 1.0 830.0 119.0 845.0 135.0 
face 1.0 951.0 79.0 962.0 93.0 
