face 1.0 853.0 405.0 887.0 454.0 
face 1.0 700.0 410.0 737.0 448.0 
face 1.0 558.0 399.0 596.0 455.0 
face 1.0 439.0 411.0 477.0 462.0 
face 1.0 308.0 414.0 345.0 457.0 
face 1.0 163.0 400.0 201.0 447.0 
face 1.0 873.0 297.0 908.0 348.0 
face 1.0 769.0 256.0 800.0 299.0 
face 1.0 763.0 213.0 791.0 252.0 
face 1.0 677.0 249.0 707.0 291.0 
face 1.0 598.0 248.0 632.0 285.0 
face 1.0 513.0 238.0 545.0 280.0 
face 1.0 442.0 240.0 478.0 279.0 
face 1.0 355.0 235.0 389.0 284.0 
face 1.0 245.0 241.0 278.0 285.0 
face 1.0 693.0 200.0 720.0 235.0 
face 1.0 626.0 197.0 653.0 230.0 
face 1.0 551.0 185.0 582.0 218.0 
face 1.0 449.0 182.0 479.0 214.0 
face 1.0 354.0 180.0 387.0 216.0 
face 1.0 289.0 175.0 318.0 216.0 
face 1.0 214.0 181.0 245.0 218.0 
face 1.0 147.0 245.0 180.0 287.0 
face 1.0 50.0 304.0 89.0 354.0 
