face 1.0 950.0 232.0 978.0 265.0 
face 1.0 837.0 208.0 873.0 250.0 
face 1.0 891.0 368.0 930.0 412.0 
face 1.0 774.0 348.0 811.0 386.0 
face 1.0 753.0 220.0 784.0 258.0 
face 1.0 694.0 245.0 726.0 275.0 
face 1.0 623.0 257.0 657.0 292.0 
face 1.0 671.0 357.0 706.0 395.0 
face 1.0 563.0 330.0 597.0 373.0 
face 1.0 563.0 250.0 596.0 285.0 
face 1.0 549.0 198.0 582.0 231.0 
face 1.0 688.0 194.0 701.0 207.0 
face 1.0 640.0 194.0 655.0 208.0 
face 1.0 734.0 193.0 747.0 213.0 
face 1.0 937.0 169.0 951.0 183.0 
face 1.0 471.0 328.0 507.0 365.0 
face 1.0 437.0 235.0 468.0 268.0 
face 1.0 371.0 323.0 405.0 365.0 
face 1.0 333.0 243.0 366.0 284.0 
face 1.0 352.0 230.0 378.0 263.0 
face 1.0 257.0 177.0 287.0 218.0 
face 1.0 224.0 201.0 263.0 243.0 
face 1.0 253.0 347.0 286.0 390.0 
face 1.0 287.0 330.0 317.0 375.0 
face 1.0 97.0 174.0 127.0 216.0 
face 1.0 927.0 80.0 939.0 95.0 
face 1.0 949.0 63.0 961.0 75.0 
face 1.0 1001.0 44.0 1014.0 62.0 
face 1.0 981.0 25.0 994.0 42.0 
face 1.0 920.0 24.0 931.0 37.0 
face 1.0 924.0 8.0 935.0 22.0 
face 1.0 895.0 61.0 908.0 75.0 
face 1.0 888.0 135.0 902.0 152.0 
face 1.0 834.0 132.0 848.0 143.0 
face 1.0 804.0 150.0 817.0 169.0 
face 1.0 788.0 125.0 805.0 142.0 
face 1.0 790.0 52.0 801.0 65.0 
face 1.0 832.0 42.0 845.0 55.0 
face 1.0 836.0 28.0 849.0 41.0 
face 1.0 770.0 22.0 784.0 37.0 
face 1.0 729.0 65.0 742.0 79.0 
face 1.0 739.0 119.0 754.0 137.0 
face 1.0 704.0 120.0 718.0 137.0 
face 1.0 702.0 152.0 716.0 171.0 
face 1.0 735.0 137.0 750.0 156.0 
face 1.0 868.0 153.0 884.0 173.0 
face 1.0 973.0 143.0 987.0 157.0 
face 1.0 984.0 177.0 997.0 191.0 
face 1.0 954.0 128.0 966.0 143.0 
face 1.0 703.0 27.0 713.0 40.0 
face 1.0 672.0 60.0 687.0 77.0 
face 1.0 579.0 94.0 593.0 111.0 
face 1.0 625.0 59.0 639.0 73.0 
face 1.0 559.0 27.0 570.0 40.0 
face 1.0 503.0 26.0 514.0 37.0 
face 1.0 451.0 17.0 463.0 31.0 
face 1.0 418.0 38.0 430.0 52.0 
face 1.0 466.0 112.0 479.0 129.0 
face 1.0 512.0 115.0 527.0 130.0 
face 1.0 540.0 115.0 554.0 129.0 
face 1.0 543.0 148.0 557.0 164.0 
face 1.0 579.0 132.0 593.0 147.0 
face 1.0 625.0 138.0 638.0 153.0 
face 1.0 643.0 142.0 657.0 160.0 
face 1.0 469.0 64.0 483.0 80.0 
face 1.0 445.0 99.0 457.0 112.0 
face 1.0 423.0 113.0 438.0 129.0 
face 1.0 434.0 133.0 448.0 149.0 
face 1.0 483.0 156.0 499.0 170.0 
face 1.0 670.0 6.0 683.0 18.0 
face 1.0 376.0 133.0 392.0 150.0 
face 1.0 525.0 47.0 536.0 60.0 
face 1.0 517.0 2.0 529.0 13.0 
face 1.0 580.0 5.0 593.0 18.0 
face 1.0 599.0 2.0 610.0 10.0 
face 1.0 624.0 1.0 636.0 11.0 
face 1.0 362.0 27.0 373.0 38.0 
face 1.0 341.0 31.0 352.0 43.0 
face 1.0 306.0 21.0 318.0 33.0 
face 1.0 299.0 82.0 314.0 96.0 
face 1.0 370.0 106.0 383.0 120.0 
face 1.0 324.0 106.0 335.0 117.0 
face 1.0 335.0 142.0 348.0 160.0 
face 1.0 300.0 140.0 315.0 155.0 
face 1.0 271.0 135.0 282.0 147.0 
face 1.0 174.0 54.0 187.0 69.0 
face 1.0 229.0 80.0 242.0 97.0 
face 1.0 115.0 80.0 128.0 94.0 
face 1.0 21.0 104.0 34.0 118.0 
face 1.0 50.0 43.0 63.0 54.0 
face 1.0 246.0 133.0 261.0 151.0 
face 1.0 215.0 132.0 228.0 142.0 
face 1.0 106.0 43.0 119.0 56.0 
face 1.0 93.0 41.0 105.0 54.0 
