face 1.0 883.0 47.0 912.0 84.0 
face 1.0 811.0 54.0 840.0 91.0 
face 1.0 733.0 63.0 761.0 102.0 
face 1.0 676.0 55.0 707.0 95.0 
face 1.0 610.0 73.0 639.0 108.0 
face 1.0 840.0 200.0 869.0 237.0 
face 1.0 900.0 168.0 931.0 209.0 
face 1.0 613.0 196.0 642.0 234.0 
face 1.0 380.0 104.0 409.0 142.0 
face 1.0 408.0 81.0 441.0 123.0 
face 1.0 474.0 117.0 504.0 153.0 
face 1.0 528.0 100.0 557.0 139.0 
face 1.0 280.0 80.0 309.0 117.0 
face 1.0 198.0 122.0 229.0 156.0 
face 1.0 254.0 204.0 283.0 244.0 
face 1.0 351.0 207.0 382.0 245.0 
face 1.0 436.0 192.0 469.0 235.0 
face 1.0 200.0 228.0 231.0 268.0 
face 1.0 153.0 77.0 183.0 113.0 
face 1.0 102.0 96.0 135.0 134.0 
face 1.0 99.0 193.0 132.0 227.0 
face 1.0 677.0 290.0 708.0 330.0 
face 1.0 611.0 366.0 640.0 406.0 
