face 1.0 447.0 394.0 540.0 454.0 
face 1.0 472.0 94.0 542.0 177.0 
face 1.0 317.0 179.0 391.0 265.0 
face 1.0 773.0 149.0 811.0 185.0 
face 1.0 905.0 129.0 943.0 171.0 
face 1.0 611.0 145.0 646.0 187.0 
face 1.0 655.0 57.0 687.0 100.0 
face 1.0 236.0 101.0 279.0 155.0 
face 1.0 250.0 43.0 284.0 88.0 
face 1.0 439.0 55.0 467.0 94.0 
face 1.0 752.0 64.0 777.0 99.0 
face 1.0 809.0 5.0 845.0 36.0 
face 1.0 719.0 4.0 749.0 31.0 
face 1.0 598.0 1.0 629.0 36.0 
face 1.0 112.0 134.0 150.0 174.0 
face 1.0 161.0 131.0 189.0 163.0 
face 1.0 345.0 0.0 381.0 25.0 
face 1.0 226.0 1.0 259.0 32.0 
face 1.0 110.0 16.0 138.0 56.0 
face 1.0 2.0 1.0 37.0 33.0 
face 1.0 1.0 110.0 16.0 164.0 
face 1.0 482.0 4.0 514.0 34.0 
face 1.0 905.0 97.0 933.0 122.0 
