face 1.0 801.0 483.0 833.0 519.0 
face 1.0 704.0 470.0 739.0 509.0 
face 1.0 671.0 440.0 699.0 467.0 
face 1.0 629.0 458.0 658.0 494.0 
face 1.0 587.0 466.0 614.0 499.0 
face 1.0 538.0 275.0 568.0 313.0 
face 1.0 459.0 252.0 486.0 291.0 
face 1.0 362.0 272.0 390.0 308.0 
face 1.0 406.0 420.0 436.0 454.0 
face 1.0 495.0 416.0 519.0 447.0 
face 1.0 533.0 407.0 558.0 437.0 
face 1.0 455.0 506.0 481.0 540.0 
face 1.0 517.0 508.0 546.0 539.0 
face 1.0 449.0 456.0 477.0 486.0 
face 1.0 402.0 470.0 431.0 504.0 
face 1.0 235.0 480.0 270.0 523.0 
