face 1.0 840.0 393.0 885.0 444.0 
face 1.0 791.0 218.0 824.0 259.0 
face 1.0 820.0 118.0 849.0 156.0 
face 1.0 769.0 102.0 796.0 136.0 
face 1.0 715.0 121.0 743.0 160.0 
face 1.0 684.0 221.0 715.0 260.0 
face 1.0 638.0 105.0 664.0 137.0 
face 1.0 597.0 115.0 625.0 150.0 
face 1.0 546.0 100.0 574.0 134.0 
face 1.0 573.0 231.0 605.0 272.0 
face 1.0 477.0 215.0 506.0 257.0 
face 1.0 498.0 126.0 526.0 159.0 
face 1.0 453.0 89.0 480.0 117.0 
face 1.0 341.0 211.0 375.0 257.0 
face 1.0 390.0 118.0 416.0 147.0 
face 1.0 348.0 106.0 372.0 139.0 
face 1.0 295.0 117.0 324.0 154.0 
face 1.0 250.0 110.0 277.0 144.0 
face 1.0 213.0 116.0 241.0 154.0 
face 1.0 210.0 228.0 244.0 275.0 
face 1.0 107.0 110.0 136.0 147.0 
face 1.0 90.0 384.0 141.0 435.0 
