face 1.0 889.0 407.0 907.0 432.0 
face 1.0 804.0 435.0 824.0 459.0 
face 1.0 928.0 562.0 949.0 589.0 
face 1.0 299.0 540.0 324.0 573.0 
face 1.0 53.0 438.0 70.0 460.0 
face 1.0 87.0 396.0 101.0 411.0 
face 1.0 192.0 450.0 206.0 471.0 
face 1.0 193.0 424.0 208.0 443.0 
face 1.0 232.0 377.0 244.0 392.0 
face 1.0 16.0 344.0 28.0 355.0 
face 1.0 136.0 349.0 150.0 365.0 
face 1.0 293.0 392.0 309.0 412.0 
face 1.0 296.0 431.0 309.0 450.0 
face 1.0 203.0 416.0 216.0 431.0 
face 1.0 215.0 410.0 227.0 421.0 
face 1.0 267.0 347.0 275.0 363.0 
face 1.0 865.0 234.0 875.0 247.0 
face 1.0 293.0 304.0 298.0 313.0 
face 1.0 200.0 308.0 207.0 319.0 
face 1.0 384.0 195.0 389.0 203.0 
face 1.0 369.0 200.0 374.0 207.0 
face 1.0 379.0 214.0 384.0 221.0 
face 1.0 450.0 223.0 456.0 231.0 
face 1.0 447.0 203.0 452.0 211.0 
face 1.0 408.0 210.0 414.0 217.0 
face 1.0 270.0 212.0 278.0 223.0 
face 1.0 261.0 224.0 266.0 232.0 
face 1.0 277.0 232.0 280.0 239.0 
face 1.0 310.0 244.0 316.0 252.0 
face 1.0 81.0 371.0 86.0 384.0 
face 1.0 776.0 185.0 781.0 194.0 
face 1.0 758.0 183.0 763.0 191.0 
face 1.0 799.0 192.0 804.0 198.0 
face 1.0 803.0 184.0 807.0 190.0 
face 1.0 790.0 188.0 794.0 193.0 
face 1.0 796.0 183.0 800.0 188.0 
face 1.0 817.0 190.0 822.0 194.0 
face 1.0 827.0 187.0 832.0 194.0 
face 1.0 853.0 194.0 857.0 201.0 
face 1.0 839.0 196.0 844.0 202.0 
face 1.0 843.0 200.0 849.0 206.0 
face 1.0 870.0 197.0 875.0 204.0 
face 1.0 931.0 198.0 936.0 206.0 
face 1.0 889.0 203.0 895.0 211.0 
face 1.0 879.0 208.0 884.0 215.0 
face 1.0 945.0 210.0 950.0 217.0 
face 1.0 905.0 205.0 910.0 212.0 
face 1.0 914.0 201.0 919.0 209.0 
face 1.0 865.0 206.0 871.0 214.0 
face 1.0 873.0 229.0 880.0 239.0 
face 1.0 881.0 232.0 890.0 242.0 
face 1.0 901.0 231.0 910.0 242.0 
face 1.0 831.0 207.0 835.0 216.0 
face 1.0 911.0 220.0 915.0 228.0 
face 1.0 984.0 204.0 988.0 210.0 
face 1.0 991.0 202.0 997.0 209.0 
face 1.0 999.0 200.0 1004.0 207.0 
face 1.0 964.0 251.0 970.0 261.0 
face 1.0 980.0 319.0 991.0 336.0 
face 1.0 290.0 477.0 301.0 496.0 
face 1.0 360.0 298.0 367.0 307.0 
face 1.0 927.0 261.0 938.0 273.0 
face 1.0 982.0 238.0 993.0 252.0 
face 1.0 882.0 214.0 889.0 224.0 
face 1.0 921.0 228.0 931.0 240.0 
face 1.0 47.0 317.0 54.0 327.0 
face 1.0 66.0 299.0 74.0 311.0 
face 1.0 154.0 313.0 164.0 327.0 
face 1.0 315.0 262.0 323.0 273.0 
face 1.0 235.0 335.0 242.0 348.0 
face 1.0 271.0 264.0 278.0 272.0 
face 1.0 259.0 267.0 266.0 277.0 
face 1.0 223.0 267.0 231.0 275.0 
face 1.0 238.0 241.0 245.0 251.0 
face 1.0 197.0 219.0 202.0 226.0 
face 1.0 298.0 261.0 305.0 270.0 
face 1.0 221.0 229.0 226.0 235.0 
face 1.0 337.0 243.0 344.0 250.0 
face 1.0 357.0 249.0 364.0 259.0 
face 1.0 384.0 245.0 392.0 255.0 
face 1.0 367.0 251.0 374.0 260.0 
face 1.0 401.0 239.0 408.0 248.0 
face 1.0 427.0 241.0 435.0 249.0 
face 1.0 447.0 242.0 454.0 251.0 
face 1.0 315.0 213.0 321.0 219.0 
face 1.0 389.0 209.0 396.0 217.0 
face 1.0 361.0 217.0 367.0 223.0 
face 1.0 177.0 286.0 185.0 298.0 
face 1.0 199.0 287.0 207.0 297.0 
face 1.0 340.0 268.0 347.0 277.0 
face 1.0 182.0 254.0 189.0 262.0 
face 1.0 201.0 239.0 208.0 246.0 
face 1.0 251.0 621.0 267.0 643.0 
face 1.0 699.0 404.0 711.0 427.0 
face 1.0 743.0 475.0 755.0 495.0 
face 1.0 160.0 242.0 166.0 253.0 
face 1.0 135.0 222.0 140.0 228.0 
face 1.0 95.0 271.0 100.0 278.0 
face 1.0 118.0 258.0 123.0 265.0 
face 1.0 151.0 259.0 157.0 270.0 
face 1.0 306.0 277.0 312.0 287.0 
face 1.0 266.0 287.0 273.0 297.0 
face 1.0 186.0 322.0 194.0 336.0 
face 1.0 205.0 354.0 215.0 370.0 
face 1.0 320.0 369.0 327.0 384.0 
face 1.0 230.0 293.0 237.0 305.0 
face 1.0 108.0 297.0 114.0 309.0 
face 1.0 154.0 193.0 161.0 201.0 
face 1.0 374.0 232.0 381.0 243.0 
face 1.0 255.0 206.0 260.0 213.0 
face 1.0 340.0 201.0 347.0 212.0 
face 1.0 297.0 215.0 302.0 221.0 
face 1.0 146.0 294.0 154.0 306.0 
face 1.0 222.0 318.0 226.0 332.0 
face 1.0 133.0 243.0 139.0 251.0 
face 1.0 249.0 255.0 257.0 264.0 
face 1.0 261.0 247.0 269.0 257.0 
face 1.0 233.0 226.0 239.0 234.0 
face 1.0 236.0 219.0 242.0 226.0 
face 1.0 409.0 197.0 416.0 206.0 
face 1.0 276.0 241.0 283.0 249.0 
face 1.0 285.0 223.0 293.0 231.0 
face 1.0 335.0 252.0 341.0 260.0 
