face 1.0 189.0 486.0 207.0 509.0 
face 1.0 270.0 557.0 286.0 578.0 
face 1.0 304.0 484.0 325.0 505.0 
face 1.0 316.0 439.0 334.0 458.0 
face 1.0 30.0 573.0 51.0 595.0 
face 1.0 430.0 593.0 448.0 619.0 
face 1.0 422.0 512.0 440.0 531.0 
face 1.0 351.0 467.0 367.0 485.0 
face 1.0 427.0 425.0 442.0 447.0 
face 1.0 263.0 449.0 281.0 461.0 
face 1.0 422.0 406.0 440.0 424.0 
face 1.0 474.0 335.0 485.0 347.0 
face 1.0 337.0 352.0 349.0 364.0 
face 1.0 345.0 331.0 354.0 346.0 
face 1.0 659.0 489.0 677.0 511.0 
face 1.0 811.0 317.0 824.0 332.0 
face 1.0 786.0 301.0 796.0 313.0 
face 1.0 866.0 356.0 879.0 371.0 
face 1.0 797.0 353.0 809.0 368.0 
face 1.0 888.0 292.0 899.0 306.0 
face 1.0 803.0 260.0 811.0 271.0 
face 1.0 876.0 261.0 887.0 273.0 
face 1.0 808.0 238.0 817.0 251.0 
face 1.0 776.0 197.0 782.0 205.0 
face 1.0 783.0 210.0 791.0 219.0 
face 1.0 800.0 169.0 804.0 175.0 
face 1.0 774.0 173.0 780.0 180.0 
face 1.0 379.0 319.0 388.0 333.0 
face 1.0 448.0 189.0 454.0 197.0 
face 1.0 421.0 176.0 427.0 184.0 
face 1.0 432.0 173.0 438.0 179.0 
face 1.0 451.0 172.0 457.0 179.0 
face 1.0 519.0 185.0 525.0 192.0 
face 1.0 486.0 193.0 493.0 202.0 
face 1.0 520.0 159.0 525.0 165.0 
face 1.0 123.0 274.0 128.0 281.0 
face 1.0 773.0 140.0 778.0 148.0 
face 1.0 807.0 284.0 816.0 294.0 
face 1.0 546.0 161.0 551.0 168.0 
face 1.0 504.0 159.0 509.0 165.0 
face 1.0 483.0 169.0 489.0 176.0 
face 1.0 491.0 165.0 497.0 171.0 
face 1.0 539.0 149.0 545.0 155.0 
face 1.0 246.0 485.0 264.0 508.0 
face 1.0 306.0 402.0 320.0 420.0 
face 1.0 145.0 272.0 150.0 277.0 
face 1.0 418.0 321.0 428.0 331.0 
face 1.0 522.0 193.0 529.0 200.0 
face 1.0 534.0 163.0 539.0 168.0 
face 1.0 496.0 172.0 501.0 177.0 
face 1.0 553.0 153.0 558.0 159.0 
face 1.0 559.0 124.0 564.0 130.0 
