face 1.0 21.0 28.0 36.0 43.0 
face 1.0 32.0 10.0 45.0 25.0 
face 1.0 2.0 0.0 15.0 15.0 
face 1.0 111.0 90.0 134.0 115.0 
face 1.0 78.0 63.0 101.0 102.0 
face 1.0 185.0 80.0 207.0 103.0 
face 1.0 230.0 69.0 252.0 96.0 
face 1.0 289.0 75.0 311.0 104.0 
face 1.0 376.0 63.0 399.0 90.0 
face 1.0 449.0 84.0 468.0 110.0 
face 1.0 439.0 55.0 461.0 84.0 
face 1.0 489.0 69.0 510.0 94.0 
face 1.0 540.0 80.0 560.0 102.0 
face 1.0 575.0 65.0 599.0 99.0 
face 1.0 589.0 44.0 608.0 74.0 
face 1.0 520.0 40.0 534.0 56.0 
face 1.0 392.0 0.0 404.0 10.0 
face 1.0 628.0 61.0 651.0 95.0 
face 1.0 653.0 59.0 675.0 94.0 
face 1.0 692.0 70.0 714.0 100.0 
face 1.0 717.0 67.0 739.0 98.0 
face 1.0 740.0 56.0 750.0 70.0 
face 1.0 681.0 30.0 689.0 39.0 
face 1.0 712.0 10.0 722.0 23.0 
face 1.0 739.0 27.0 748.0 39.0 
face 1.0 759.0 37.0 783.0 66.0 
face 1.0 794.0 22.0 805.0 36.0 
face 1.0 796.0 58.0 811.0 77.0 
face 1.0 812.0 57.0 835.0 85.0 
face 1.0 872.0 60.0 884.0 76.0 
face 1.0 881.0 49.0 891.0 59.0 
face 1.0 886.0 61.0 912.0 93.0 
face 1.0 907.0 58.0 928.0 85.0 
face 1.0 931.0 51.0 964.0 94.0 
face 1.0 975.0 45.0 998.0 75.0 
face 1.0 949.0 39.0 974.0 72.0 
face 1.0 768.0 23.0 776.0 31.0 
