face 1.0 301.0 212.0 320.0 232.0 
face 1.0 393.0 208.0 411.0 231.0 
face 1.0 595.0 131.0 612.0 151.0 
face 1.0 696.0 198.0 715.0 223.0 
face 1.0 748.0 187.0 763.0 207.0 
face 1.0 834.0 218.0 856.0 242.0 
face 1.0 811.0 279.0 833.0 306.0 
face 1.0 870.0 255.0 889.0 282.0 
face 1.0 892.0 217.0 912.0 242.0 
face 1.0 880.0 183.0 894.0 207.0 
face 1.0 907.0 243.0 924.0 267.0 
face 1.0 975.0 213.0 994.0 240.0 
face 1.0 990.0 190.0 1005.0 209.0 
face 1.0 905.0 164.0 918.0 182.0 
face 1.0 860.0 346.0 880.0 383.0 
face 1.0 831.0 331.0 845.0 354.0 
face 1.0 639.0 234.0 653.0 258.0 
