face 1.0 39.0 223.0 66.0 253.0 
face 1.0 102.0 213.0 126.0 241.0 
face 1.0 116.0 221.0 133.0 244.0 
face 1.0 168.0 206.0 184.0 226.0 
face 1.0 196.0 235.0 218.0 262.0 
face 1.0 266.0 214.0 286.0 239.0 
face 1.0 344.0 220.0 359.0 241.0 
face 1.0 294.0 216.0 306.0 231.0 
face 1.0 7.0 204.0 14.0 212.0 
face 1.0 15.0 220.0 23.0 232.0 
face 1.0 0.0 209.0 5.0 220.0 
face 1.0 510.0 239.0 531.0 264.0 
face 1.0 555.0 101.0 570.0 118.0 
face 1.0 688.0 71.0 711.0 97.0 
face 1.0 842.0 114.0 869.0 146.0 
face 1.0 167.0 171.0 176.0 178.0 
face 1.0 228.0 166.0 236.0 174.0 
face 1.0 197.0 166.0 205.0 176.0 
face 1.0 394.0 160.0 402.0 170.0 
face 1.0 437.0 157.0 445.0 166.0 
face 1.0 168.0 159.0 175.0 167.0 
face 1.0 341.0 168.0 346.0 175.0 
face 1.0 949.0 100.0 981.0 135.0 
face 1.0 886.0 53.0 905.0 80.0 
face 1.0 985.0 39.0 1010.0 66.0 
face 1.0 294.0 167.0 300.0 173.0 
face 1.0 764.0 124.0 784.0 146.0 
