face 1.0 44.0 155.0 64.0 180.0 
face 1.0 78.0 220.0 99.0 247.0 
face 1.0 177.0 223.0 199.0 250.0 
face 1.0 155.0 315.0 180.0 345.0 
face 1.0 267.0 281.0 294.0 312.0 
face 1.0 231.0 236.0 254.0 263.0 
face 1.0 282.0 178.0 305.0 206.0 
face 1.0 327.0 217.0 349.0 246.0 
face 1.0 374.0 151.0 401.0 183.0 
face 1.0 380.0 212.0 404.0 240.0 
face 1.0 439.0 190.0 462.0 219.0 
face 1.0 583.0 28.0 604.0 65.0 
face 1.0 854.0 203.0 880.0 235.0 
face 1.0 915.0 243.0 933.0 267.0 
face 1.0 935.0 291.0 960.0 321.0 
face 1.0 373.0 69.0 403.0 103.0 
face 1.0 0.0 241.0 14.0 279.0 
face 1.0 91.0 352.0 116.0 381.0 
