face 1.0 197.0 63.0 223.0 97.0 
face 1.0 255.0 48.0 280.0 81.0 
face 1.0 313.0 25.0 340.0 60.0 
face 1.0 345.0 62.0 369.0 91.0 
face 1.0 390.0 36.0 418.0 66.0 
face 1.0 440.0 52.0 465.0 82.0 
face 1.0 467.0 43.0 488.0 67.0 
face 1.0 488.0 49.0 506.0 71.0 
face 1.0 524.0 37.0 549.0 70.0 
face 1.0 583.0 35.0 606.0 64.0 
face 1.0 635.0 39.0 661.0 70.0 
face 1.0 667.0 40.0 692.0 71.0 
face 1.0 779.0 44.0 804.0 78.0 
face 1.0 810.0 22.0 833.0 53.0 
face 1.0 938.0 30.0 961.0 61.0 
face 1.0 963.0 34.0 982.0 60.0 
face 1.0 65.0 125.0 92.0 157.0 
face 1.0 8.0 50.0 33.0 81.0 
face 1.0 51.0 78.0 75.0 107.0 
face 1.0 125.0 46.0 148.0 72.0 
face 1.0 153.0 59.0 177.0 92.0 
face 1.0 174.0 45.0 197.0 74.0 
