face 1.0 207.0 138.0 219.0 153.0 
face 1.0 175.0 129.0 186.0 145.0 
face 1.0 143.0 199.0 158.0 215.0 
face 1.0 107.0 249.0 121.0 262.0 
face 1.0 163.0 257.0 175.0 273.0 
face 1.0 127.0 307.0 167.0 359.0 
face 1.0 233.0 313.0 260.0 352.0 
face 1.0 143.0 460.0 154.0 476.0 
face 1.0 160.0 473.0 169.0 483.0 
face 1.0 177.0 480.0 185.0 489.0 
face 1.0 190.0 478.0 198.0 488.0 
face 1.0 227.0 478.0 237.0 487.0 
face 1.0 269.0 462.0 278.0 473.0 
face 1.0 245.0 472.0 255.0 482.0 
face 1.0 875.0 131.0 1002.0 270.0 
face 1.0 966.0 592.0 987.0 615.0 
face 1.0 927.0 584.0 941.0 599.0 
face 1.0 869.0 565.0 894.0 589.0 
face 1.0 200.0 198.0 210.0 211.0 
