face 1.0 128.0 546.0 167.0 596.0 
face 1.0 36.0 510.0 77.0 562.0 
face 1.0 174.0 532.0 210.0 575.0 
face 1.0 272.0 523.0 305.0 568.0 
face 1.0 327.0 543.0 355.0 580.0 
face 1.0 882.0 618.0 918.0 669.0 
face 1.0 907.0 564.0 942.0 605.0 
face 1.0 842.0 172.0 921.0 317.0 
face 1.0 988.0 579.0 1023.0 624.0 
face 1.0 977.0 625.0 1014.0 672.0 
face 1.0 224.0 531.0 253.0 567.0 
face 1.0 196.0 533.0 222.0 574.0 
face 1.0 949.0 580.0 972.0 613.0 
face 1.0 970.0 560.0 990.0 586.0 
face 1.0 960.0 532.0 976.0 556.0 
face 1.0 254.0 939.0 371.0 1031.0 
