face 1.0 16.0 449.0 31.0 466.0 
face 1.0 37.0 453.0 54.0 474.0 
face 1.0 53.0 452.0 66.0 473.0 
face 1.0 65.0 445.0 80.0 463.0 
face 1.0 93.0 463.0 107.0 481.0 
face 1.0 138.0 449.0 156.0 471.0 
face 1.0 163.0 458.0 180.0 478.0 
face 1.0 136.0 416.0 154.0 431.0 
face 1.0 139.0 378.0 151.0 393.0 
face 1.0 199.0 460.0 212.0 480.0 
face 1.0 234.0 461.0 252.0 488.0 
face 1.0 217.0 451.0 229.0 469.0 
face 1.0 272.0 460.0 283.0 474.0 
face 1.0 274.0 534.0 284.0 547.0 
face 1.0 290.0 451.0 306.0 476.0 
face 1.0 311.0 465.0 319.0 480.0 
face 1.0 372.0 460.0 385.0 492.0 
face 1.0 380.0 481.0 390.0 496.0 
face 1.0 386.0 460.0 396.0 477.0 
face 1.0 428.0 475.0 446.0 499.0 
face 1.0 453.0 449.0 471.0 473.0 
face 1.0 476.0 452.0 490.0 470.0 
face 1.0 519.0 459.0 540.0 480.0 
face 1.0 551.0 468.0 567.0 488.0 
face 1.0 596.0 443.0 607.0 460.0 
face 1.0 625.0 462.0 643.0 488.0 
face 1.0 570.0 467.0 593.0 507.0 
face 1.0 691.0 454.0 708.0 474.0 
face 1.0 709.0 454.0 725.0 472.0 
face 1.0 639.0 453.0 653.0 480.0 
face 1.0 739.0 462.0 756.0 479.0 
face 1.0 756.0 446.0 774.0 466.0 
face 1.0 800.0 458.0 810.0 474.0 
face 1.0 841.0 458.0 859.0 478.0 
face 1.0 862.0 452.0 875.0 469.0 
face 1.0 862.0 485.0 881.0 508.0 
face 1.0 897.0 487.0 912.0 509.0 
face 1.0 911.0 390.0 927.0 407.0 
face 1.0 906.0 428.0 923.0 452.0 
face 1.0 921.0 429.0 941.0 457.0 
face 1.0 952.0 434.0 973.0 461.0 
face 1.0 977.0 450.0 991.0 465.0 
face 1.0 1011.0 451.0 1023.0 468.0 
face 1.0 917.0 580.0 940.0 609.0 
face 1.0 747.0 25.0 765.0 43.0 
