face 1.0 101.0 154.0 127.0 189.0 
face 1.0 177.0 148.0 204.0 184.0 
face 1.0 264.0 175.0 281.0 195.0 
face 1.0 271.0 212.0 297.0 246.0 
face 1.0 212.0 211.0 240.0 250.0 
face 1.0 147.0 230.0 185.0 283.0 
face 1.0 144.0 296.0 176.0 344.0 
face 1.0 320.0 150.0 336.0 173.0 
face 1.0 417.0 158.0 443.0 206.0 
face 1.0 498.0 294.0 526.0 332.0 
face 1.0 520.0 206.0 542.0 234.0 
face 1.0 546.0 236.0 571.0 264.0 
face 1.0 654.0 202.0 667.0 220.0 
face 1.0 634.0 215.0 650.0 235.0 
face 1.0 588.0 217.0 604.0 243.0 
face 1.0 623.0 270.0 645.0 300.0 
face 1.0 647.0 320.0 670.0 355.0 
face 1.0 734.0 230.0 742.0 246.0 
face 1.0 763.0 246.0 776.0 267.0 
face 1.0 740.0 322.0 764.0 358.0 
face 1.0 420.0 530.0 449.0 573.0 
face 1.0 499.0 502.0 530.0 543.0 
face 1.0 639.0 515.0 670.0 560.0 
face 1.0 797.0 262.0 809.0 278.0 
face 1.0 824.0 269.0 834.0 284.0 
face 1.0 846.0 273.0 862.0 295.0 
face 1.0 834.0 287.0 849.0 307.0 
face 1.0 794.0 286.0 811.0 313.0 
face 1.0 848.0 323.0 870.0 353.0 
face 1.0 886.0 322.0 909.0 352.0 
face 1.0 859.0 271.0 869.0 286.0 
face 1.0 881.0 287.0 890.0 298.0 
face 1.0 901.0 283.0 916.0 304.0 
face 1.0 805.0 415.0 833.0 456.0 
face 1.0 850.0 399.0 873.0 426.0 
face 1.0 918.0 396.0 943.0 427.0 
face 1.0 934.0 269.0 944.0 284.0 
face 1.0 966.0 374.0 993.0 408.0 
face 1.0 712.0 397.0 742.0 437.0 
face 1.0 818.0 288.0 831.0 306.0 
