face 1.0 121.0 214.0 152.0 254.0 
face 1.0 195.0 215.0 225.0 251.0 
face 1.0 247.0 221.0 275.0 255.0 
face 1.0 269.0 224.0 290.0 256.0 
face 1.0 301.0 200.0 323.0 226.0 
face 1.0 302.0 227.0 328.0 258.0 
face 1.0 353.0 226.0 380.0 257.0 
face 1.0 367.0 206.0 389.0 235.0 
face 1.0 411.0 205.0 432.0 229.0 
face 1.0 422.0 238.0 446.0 267.0 
face 1.0 458.0 223.0 480.0 254.0 
face 1.0 488.0 217.0 505.0 239.0 
face 1.0 491.0 233.0 504.0 252.0 
face 1.0 501.0 231.0 515.0 250.0 
face 1.0 488.0 252.0 506.0 268.0 
face 1.0 520.0 231.0 537.0 256.0 
face 1.0 547.0 220.0 567.0 243.0 
face 1.0 569.0 214.0 584.0 235.0 
face 1.0 389.0 310.0 415.0 348.0 
face 1.0 452.0 299.0 477.0 328.0 
face 1.0 587.0 224.0 609.0 254.0 
face 1.0 562.0 237.0 576.0 252.0 
face 1.0 616.0 220.0 635.0 244.0 
face 1.0 645.0 219.0 666.0 243.0 
face 1.0 593.0 299.0 617.0 330.0 
face 1.0 572.0 322.0 593.0 349.0 
face 1.0 697.0 248.0 715.0 269.0 
face 1.0 715.0 252.0 732.0 272.0 
face 1.0 739.0 253.0 758.0 273.0 
face 1.0 777.0 230.0 796.0 250.0 
face 1.0 800.0 254.0 820.0 275.0 
face 1.0 831.0 240.0 851.0 258.0 
face 1.0 715.0 295.0 740.0 322.0 
face 1.0 659.0 296.0 680.0 322.0 
face 1.0 880.0 233.0 899.0 256.0 
face 1.0 914.0 221.0 935.0 244.0 
