face 1.0 856.0 362.0 866.0 378.0 
face 1.0 918.0 358.0 927.0 370.0 
face 1.0 943.0 378.0 950.0 390.0 
face 1.0 953.0 381.0 959.0 393.0 
face 1.0 980.0 394.0 985.0 403.0 
face 1.0 904.0 403.0 910.0 410.0 
face 1.0 894.0 406.0 900.0 412.0 
face 1.0 826.0 373.0 835.0 383.0 
face 1.0 815.0 374.0 824.0 384.0 
face 1.0 798.0 377.0 809.0 390.0 
face 1.0 765.0 357.0 777.0 370.0 
face 1.0 793.0 376.0 801.0 387.0 
face 1.0 837.0 376.0 843.0 384.0 
face 1.0 849.0 359.0 858.0 372.0 
face 1.0 985.0 433.0 991.0 444.0 
face 1.0 992.0 432.0 997.0 445.0 
face 1.0 909.0 439.0 918.0 453.0 
face 1.0 892.0 444.0 900.0 455.0 
face 1.0 902.0 432.0 910.0 444.0 
face 1.0 937.0 445.0 946.0 457.0 
face 1.0 914.0 464.0 922.0 483.0 
face 1.0 926.0 499.0 940.0 522.0 
face 1.0 902.0 516.0 923.0 530.0 
face 1.0 925.0 537.0 938.0 557.0 
face 1.0 944.0 506.0 959.0 536.0 
face 1.0 973.0 547.0 989.0 566.0 
face 1.0 1005.0 568.0 1022.0 599.0 
face 1.0 993.0 580.0 1014.0 602.0 
face 1.0 740.0 380.0 750.0 390.0 
face 1.0 669.0 366.0 679.0 379.0 
face 1.0 604.0 354.0 624.0 376.0 
face 1.0 584.0 363.0 605.0 386.0 
face 1.0 550.0 361.0 567.0 381.0 
face 1.0 444.0 355.0 458.0 374.0 
face 1.0 427.0 365.0 442.0 387.0 
face 1.0 390.0 364.0 404.0 378.0 
face 1.0 404.0 354.0 416.0 366.0 
face 1.0 362.0 351.0 379.0 373.0 
face 1.0 334.0 342.0 357.0 363.0 
face 1.0 493.0 355.0 510.0 378.0 
face 1.0 299.0 373.0 316.0 394.0 
face 1.0 280.0 376.0 298.0 397.0 
face 1.0 219.0 368.0 234.0 387.0 
face 1.0 248.0 379.0 269.0 405.0 
face 1.0 198.0 370.0 214.0 390.0 
face 1.0 179.0 369.0 197.0 390.0 
face 1.0 111.0 369.0 129.0 391.0 
face 1.0 85.0 355.0 103.0 377.0 
face 1.0 34.0 375.0 54.0 403.0 
face 1.0 9.0 375.0 27.0 394.0 
face 1.0 976.0 520.0 990.0 551.0 
