face 1.0 457.0 173.0 520.0 253.0 
face 1.0 560.0 216.0 613.0 293.0 
face 1.0 676.0 121.0 740.0 202.0 
face 1.0 818.0 149.0 864.0 216.0 
face 1.0 897.0 135.0 941.0 188.0 
face 1.0 970.0 170.0 1022.0 234.0 
face 1.0 562.0 71.0 626.0 153.0 
face 1.0 409.0 92.0 470.0 143.0 
face 1.0 329.0 177.0 356.0 210.0 
face 1.0 363.0 179.0 384.0 202.0 
face 1.0 266.0 153.0 293.0 183.0 
face 1.0 291.0 163.0 309.0 187.0 
face 1.0 221.0 174.0 241.0 200.0 
face 1.0 221.0 157.0 237.0 176.0 
face 1.0 159.0 196.0 193.0 234.0 
face 1.0 116.0 184.0 146.0 220.0 
face 1.0 95.0 185.0 122.0 217.0 
face 1.0 59.0 197.0 87.0 226.0 
face 1.0 22.0 204.0 47.0 231.0 
face 1.0 4.0 176.0 33.0 208.0 
face 1.0 91.0 158.0 111.0 184.0 
face 1.0 23.0 164.0 42.0 189.0 
face 1.0 60.0 175.0 82.0 200.0 
face 1.0 549.0 152.0 571.0 184.0 
face 1.0 807.0 162.0 823.0 187.0 
face 1.0 961.0 160.0 984.0 190.0 
face 1.0 386.0 145.0 416.0 185.0 
face 1.0 347.0 161.0 363.0 179.0 
