face 1.0 336.0 189.0 460.0 330.0 
face 1.0 164.0 243.0 219.0 311.0 
face 1.0 23.0 273.0 86.0 346.0 
face 1.0 51.0 200.0 104.0 268.0 
face 1.0 38.0 129.0 76.0 184.0 
face 1.0 0.0 125.0 36.0 190.0 
face 1.0 97.0 155.0 141.0 216.0 
face 1.0 170.0 144.0 217.0 204.0 
face 1.0 214.0 189.0 259.0 242.0 
face 1.0 239.0 244.0 286.0 300.0 
face 1.0 644.0 127.0 784.0 290.0 
face 1.0 538.0 177.0 584.0 230.0 
face 1.0 581.0 187.0 626.0 251.0 
face 1.0 730.0 292.0 791.0 373.0 
face 1.0 805.0 214.0 867.0 291.0 
face 1.0 875.0 199.0 933.0 270.0 
face 1.0 917.0 252.0 975.0 316.0 
face 1.0 979.0 282.0 1024.0 354.0 
face 1.0 978.0 202.0 1024.0 274.0 
face 1.0 739.0 219.0 792.0 291.0 
