face 1.0 530.0 1181.0 624.0 1304.0 
face 1.0 313.0 1300.0 376.0 1370.0 
face 1.0 543.0 2046.0 777.0 2236.0 
face 1.0 259.0 2478.0 339.0 2561.0 
face 1.0 79.0 2466.0 157.0 2561.0 
face 1.0 640.0 3345.0 768.0 3491.0 
face 1.0 419.0 3543.0 546.0 3635.0 
face 1.0 920.0 4315.0 1024.0 4441.0 
face 1.0 732.0 478.0 853.0 629.0 
face 1.0 384.0 537.0 412.0 581.0 
face 1.0 354.0 489.0 399.0 550.0 
face 1.0 275.0 500.0 326.0 548.0 
face 1.0 206.0 491.0 249.0 536.0 
face 1.0 164.0 522.0 207.0 578.0 
face 1.0 73.0 499.0 113.0 557.0 
