face 1.0 899.0 287.0 936.0 336.0 
face 1.0 743.0 345.0 777.0 391.0 
face 1.0 849.0 273.0 879.0 310.0 
face 1.0 959.0 214.0 994.0 256.0 
face 1.0 950.0 145.0 983.0 188.0 
face 1.0 867.0 122.0 898.0 163.0 
face 1.0 777.0 213.0 809.0 253.0 
face 1.0 653.0 185.0 687.0 232.0 
face 1.0 498.0 256.0 538.0 306.0 
face 1.0 543.0 163.0 586.0 211.0 
face 1.0 442.0 161.0 476.0 204.0 
face 1.0 317.0 280.0 357.0 321.0 
face 1.0 334.0 181.0 366.0 217.0 
face 1.0 382.0 118.0 412.0 155.0 
face 1.0 267.0 164.0 304.0 207.0 
face 1.0 201.0 163.0 230.0 197.0 
face 1.0 179.0 153.0 204.0 188.0 
face 1.0 105.0 274.0 147.0 323.0 
face 1.0 70.0 170.0 103.0 212.0 
face 1.0 50.0 145.0 74.0 179.0 
face 1.0 16.0 94.0 47.0 134.0 
face 1.0 129.0 93.0 159.0 132.0 
face 1.0 94.0 73.0 120.0 109.0 
face 1.0 171.0 68.0 197.0 108.0 
face 1.0 203.0 89.0 232.0 125.0 
face 1.0 263.0 112.0 291.0 154.0 
face 1.0 326.0 93.0 357.0 128.0 
face 1.0 363.0 55.0 397.0 95.0 
face 1.0 461.0 95.0 491.0 131.0 
face 1.0 433.0 71.0 460.0 111.0 
face 1.0 383.0 15.0 411.0 48.0 
face 1.0 365.0 12.0 391.0 42.0 
face 1.0 313.0 2.0 345.0 32.0 
face 1.0 195.0 1.0 222.0 37.0 
face 1.0 123.0 12.0 155.0 51.0 
face 1.0 256.0 91.0 279.0 123.0 
face 1.0 655.0 135.0 690.0 175.0 
face 1.0 718.0 138.0 749.0 175.0 
face 1.0 727.0 67.0 758.0 103.0 
face 1.0 691.0 51.0 719.0 90.0 
face 1.0 602.0 81.0 635.0 118.0 
face 1.0 634.0 22.0 660.0 60.0 
face 1.0 682.0 12.0 715.0 51.0 
face 1.0 564.0 11.0 598.0 52.0 
face 1.0 495.0 31.0 527.0 69.0 
face 1.0 451.0 5.0 478.0 34.0 
face 1.0 798.0 100.0 825.0 135.0 
face 1.0 802.0 31.0 829.0 65.0 
face 1.0 916.0 52.0 940.0 84.0 
face 1.0 957.0 65.0 984.0 95.0 
face 1.0 966.0 100.0 991.0 135.0 
face 1.0 918.0 0.0 949.0 15.0 
face 1.0 893.0 0.0 914.0 24.0 
face 1.0 785.0 15.0 811.0 49.0 
face 1.0 234.0 66.0 266.0 108.0 
face 1.0 62.0 311.0 89.0 349.0 
face 1.0 973.0 332.0 1006.0 373.0 
face 1.0 272.0 69.0 297.0 105.0 
face 1.0 904.0 46.0 927.0 88.0 
face 1.0 771.0 13.0 796.0 52.0 
