face 1.0 44.0 339.0 65.0 362.0 
face 1.0 80.0 333.0 102.0 356.0 
face 1.0 134.0 324.0 152.0 347.0 
face 1.0 162.0 320.0 179.0 338.0 
face 1.0 228.0 328.0 241.0 342.0 
face 1.0 198.0 317.0 209.0 331.0 
face 1.0 247.0 307.0 259.0 324.0 
face 1.0 261.0 291.0 273.0 308.0 
face 1.0 272.0 285.0 281.0 299.0 
face 1.0 324.0 278.0 334.0 292.0 
face 1.0 339.0 280.0 347.0 293.0 
face 1.0 353.0 279.0 361.0 292.0 
face 1.0 177.0 321.0 188.0 338.0 
face 1.0 383.0 269.0 393.0 281.0 
face 1.0 412.0 266.0 421.0 279.0 
face 1.0 435.0 252.0 443.0 263.0 
face 1.0 447.0 249.0 455.0 259.0 
face 1.0 524.0 236.0 533.0 246.0 
face 1.0 479.0 242.0 487.0 253.0 
face 1.0 538.0 234.0 547.0 245.0 
face 1.0 404.0 263.0 412.0 272.0 
face 1.0 420.0 261.0 429.0 272.0 
face 1.0 898.0 212.0 909.0 225.0 
face 1.0 1002.0 181.0 1016.0 198.0 
face 1.0 488.0 250.0 496.0 260.0 
