face 1.0 0.0 130.0 46.0 272.0 
face 1.0 34.0 75.0 91.0 176.0 
face 1.0 19.0 223.0 81.0 329.0 
face 1.0 90.0 192.0 133.0 252.0 
face 1.0 150.0 217.0 215.0 308.0 
face 1.0 139.0 179.0 177.0 226.0 
face 1.0 199.0 179.0 261.0 267.0 
face 1.0 261.0 208.0 305.0 274.0 
face 1.0 285.0 185.0 322.0 256.0 
face 1.0 360.0 221.0 390.0 265.0 
face 1.0 358.0 304.0 404.0 364.0 
face 1.0 398.0 263.0 410.0 280.0 
face 1.0 613.0 375.0 651.0 428.0 
face 1.0 720.0 158.0 758.0 215.0 
face 1.0 721.0 189.0 753.0 254.0 
face 1.0 751.0 168.0 795.0 245.0 
face 1.0 783.0 205.0 830.0 285.0 
face 1.0 871.0 249.0 936.0 339.0 
face 1.0 864.0 208.0 917.0 279.0 
face 1.0 832.0 125.0 880.0 194.0 
face 1.0 896.0 96.0 957.0 175.0 
face 1.0 997.0 55.0 1024.0 194.0 
face 1.0 542.0 294.0 555.0 314.0 
face 1.0 531.0 294.0 545.0 314.0 
