face 1.0 229.0 233.0 252.0 275.0 
face 1.0 266.0 178.0 292.0 238.0 
face 1.0 357.0 190.0 368.0 202.0 
face 1.0 410.0 176.0 422.0 190.0 
face 1.0 416.0 251.0 451.0 307.0 
face 1.0 400.0 195.0 412.0 214.0 
face 1.0 501.0 188.0 515.0 207.0 
face 1.0 514.0 191.0 528.0 208.0 
face 1.0 549.0 206.0 582.0 271.0 
face 1.0 492.0 255.0 524.0 297.0 
face 1.0 540.0 251.0 565.0 295.0 
face 1.0 446.0 257.0 473.0 300.0 
face 1.0 624.0 187.0 653.0 226.0 
face 1.0 689.0 169.0 716.0 215.0 
face 1.0 686.0 180.0 701.0 207.0 
face 1.0 727.0 168.0 740.0 190.0 
face 1.0 740.0 184.0 750.0 195.0 
face 1.0 781.0 154.0 818.0 200.0 
face 1.0 827.0 161.0 847.0 183.0 
face 1.0 846.0 185.0 861.0 206.0 
face 1.0 875.0 152.0 908.0 193.0 
face 1.0 897.0 187.0 931.0 228.0 
face 1.0 912.0 154.0 939.0 195.0 
face 1.0 961.0 160.0 986.0 191.0 
face 1.0 1013.0 161.0 1024.0 197.0 
face 1.0 387.0 238.0 406.0 265.0 
face 1.0 378.0 267.0 391.0 284.0 
