face 1.0 45.0 94.0 56.0 107.0 
face 1.0 57.0 83.0 69.0 94.0 
face 1.0 71.0 87.0 83.0 102.0 
face 1.0 38.0 169.0 50.0 185.0 
face 1.0 110.0 132.0 124.0 145.0 
face 1.0 79.0 153.0 89.0 170.0 
face 1.0 53.0 132.0 67.0 146.0 
face 1.0 163.0 144.0 177.0 161.0 
face 1.0 157.0 112.0 170.0 128.0 
face 1.0 137.0 112.0 153.0 127.0 
face 1.0 111.0 97.0 123.0 115.0 
face 1.0 130.0 83.0 146.0 102.0 
face 1.0 158.0 98.0 169.0 111.0 
face 1.0 172.0 107.0 188.0 127.0 
face 1.0 193.0 120.0 206.0 137.0 
face 1.0 223.0 142.0 234.0 156.0 
face 1.0 218.0 120.0 233.0 135.0 
face 1.0 206.0 92.0 219.0 111.0 
face 1.0 173.0 78.0 186.0 95.0 
face 1.0 186.0 75.0 191.0 80.0 
face 1.0 243.0 45.0 257.0 59.0 
face 1.0 247.0 102.0 261.0 122.0 
face 1.0 239.0 97.0 251.0 111.0 
face 1.0 269.0 105.0 285.0 124.0 
face 1.0 266.0 96.0 280.0 111.0 
face 1.0 278.0 86.0 290.0 99.0 
face 1.0 284.0 98.0 295.0 118.0 
face 1.0 309.0 108.0 323.0 125.0 
face 1.0 308.0 86.0 321.0 102.0 
face 1.0 338.0 168.0 352.0 186.0 
face 1.0 343.0 131.0 353.0 144.0 
face 1.0 76.0 76.0 87.0 85.0 
face 1.0 328.0 104.0 341.0 120.0 
face 1.0 332.0 79.0 344.0 93.0 
face 1.0 358.0 103.0 370.0 120.0 
face 1.0 353.0 92.0 366.0 105.0 
face 1.0 365.0 83.0 378.0 94.0 
face 1.0 380.0 113.0 393.0 132.0 
face 1.0 380.0 94.0 390.0 108.0 
face 1.0 392.0 90.0 402.0 104.0 
face 1.0 436.0 125.0 450.0 145.0 
face 1.0 443.0 169.0 459.0 188.0 
face 1.0 410.0 201.0 424.0 219.0 
face 1.0 389.0 202.0 402.0 215.0 
face 1.0 460.0 98.0 473.0 115.0 
face 1.0 490.0 204.0 505.0 220.0 
face 1.0 492.0 186.0 505.0 202.0 
face 1.0 509.0 173.0 520.0 190.0 
face 1.0 532.0 138.0 546.0 152.0 
face 1.0 522.0 107.0 538.0 126.0 
face 1.0 500.0 75.0 513.0 90.0 
face 1.0 481.0 93.0 492.0 109.0 
face 1.0 499.0 108.0 512.0 124.0 
face 1.0 555.0 87.0 567.0 101.0 
face 1.0 560.0 101.0 571.0 119.0 
face 1.0 559.0 158.0 570.0 173.0 
face 1.0 559.0 182.0 573.0 197.0 
face 1.0 569.0 217.0 585.0 238.0 
face 1.0 590.0 94.0 605.0 113.0 
face 1.0 583.0 105.0 593.0 116.0 
face 1.0 577.0 108.0 585.0 119.0 
face 1.0 583.0 119.0 595.0 134.0 
face 1.0 591.0 123.0 604.0 143.0 
face 1.0 549.0 107.0 557.0 117.0 
face 1.0 606.0 81.0 619.0 97.0 
face 1.0 610.0 99.0 621.0 114.0 
face 1.0 625.0 115.0 639.0 132.0 
face 1.0 630.0 139.0 644.0 160.0 
face 1.0 617.0 175.0 632.0 197.0 
face 1.0 680.0 175.0 695.0 194.0 
face 1.0 683.0 141.0 699.0 161.0 
face 1.0 671.0 131.0 685.0 149.0 
face 1.0 677.0 117.0 691.0 131.0 
face 1.0 662.0 54.0 676.0 72.0 
face 1.0 720.0 118.0 736.0 137.0 
face 1.0 727.0 164.0 740.0 183.0 
face 1.0 762.0 126.0 775.0 140.0 
face 1.0 738.0 104.0 753.0 124.0 
face 1.0 777.0 103.0 794.0 125.0 
face 1.0 757.0 103.0 773.0 118.0 
face 1.0 784.0 89.0 798.0 106.0 
face 1.0 803.0 97.0 818.0 114.0 
face 1.0 817.0 96.0 832.0 114.0 
face 1.0 836.0 124.0 854.0 138.0 
face 1.0 790.0 212.0 807.0 231.0 
face 1.0 824.0 232.0 839.0 252.0 
face 1.0 607.0 208.0 621.0 228.0 
face 1.0 609.0 240.0 621.0 257.0 
face 1.0 841.0 96.0 856.0 111.0 
face 1.0 860.0 95.0 874.0 114.0 
face 1.0 886.0 112.0 900.0 132.0 
face 1.0 884.0 84.0 897.0 98.0 
face 1.0 906.0 93.0 920.0 108.0 
face 1.0 902.0 81.0 916.0 94.0 
face 1.0 920.0 95.0 935.0 109.0 
face 1.0 909.0 125.0 925.0 145.0 
face 1.0 936.0 115.0 951.0 133.0 
face 1.0 947.0 92.0 958.0 108.0 
face 1.0 957.0 92.0 967.0 107.0 
face 1.0 966.0 87.0 975.0 108.0 
face 1.0 974.0 89.0 986.0 109.0 
face 1.0 988.0 98.0 997.0 112.0 
face 1.0 1004.0 83.0 1016.0 103.0 
face 1.0 984.0 122.0 993.0 136.0 
face 1.0 997.0 187.0 1014.0 203.0 
face 1.0 976.0 194.0 990.0 210.0 
face 1.0 992.0 225.0 1005.0 241.0 
face 1.0 890.0 215.0 905.0 234.0 
face 1.0 924.0 220.0 944.0 238.0 
face 1.0 895.0 204.0 911.0 220.0 
face 1.0 998.0 102.0 1010.0 117.0 
face 1.0 0.0 199.0 4.0 220.0 
face 1.0 97.0 215.0 111.0 231.0 
face 1.0 33.0 261.0 49.0 280.0 
face 1.0 68.0 277.0 87.0 299.0 
face 1.0 45.0 288.0 55.0 306.0 
face 1.0 18.0 295.0 30.0 312.0 
face 1.0 0.0 320.0 5.0 337.0 
face 1.0 41.0 359.0 58.0 377.0 
face 1.0 45.0 352.0 61.0 367.0 
face 1.0 66.0 335.0 80.0 348.0 
face 1.0 96.0 312.0 109.0 327.0 
face 1.0 91.0 294.0 105.0 311.0 
face 1.0 123.0 268.0 133.0 283.0 
face 1.0 156.0 269.0 170.0 285.0 
face 1.0 160.0 291.0 172.0 307.0 
face 1.0 97.0 351.0 111.0 365.0 
face 1.0 98.0 372.0 114.0 388.0 
face 1.0 74.0 402.0 89.0 418.0 
face 1.0 116.0 401.0 133.0 423.0 
face 1.0 34.0 445.0 50.0 459.0 
face 1.0 1.0 384.0 17.0 401.0 
face 1.0 64.0 439.0 79.0 451.0 
face 1.0 95.0 423.0 112.0 443.0 
face 1.0 165.0 378.0 178.0 391.0 
face 1.0 193.0 399.0 208.0 418.0 
face 1.0 224.0 397.0 241.0 418.0 
face 1.0 202.0 440.0 219.0 462.0 
face 1.0 262.0 432.0 278.0 449.0 
face 1.0 301.0 435.0 320.0 451.0 
face 1.0 347.0 436.0 365.0 453.0 
face 1.0 351.0 401.0 371.0 417.0 
face 1.0 338.0 398.0 352.0 418.0 
face 1.0 360.0 365.0 376.0 381.0 
face 1.0 193.0 273.0 207.0 288.0 
face 1.0 212.0 239.0 226.0 257.0 
face 1.0 254.0 230.0 267.0 246.0 
face 1.0 247.0 286.0 265.0 305.0 
face 1.0 237.0 293.0 254.0 310.0 
face 1.0 279.0 251.0 292.0 269.0 
face 1.0 302.0 207.0 317.0 224.0 
face 1.0 311.0 263.0 327.0 280.0 
face 1.0 325.0 273.0 343.0 292.0 
face 1.0 358.0 245.0 372.0 264.0 
face 1.0 369.0 296.0 385.0 313.0 
face 1.0 405.0 294.0 418.0 311.0 
face 1.0 402.0 327.0 416.0 342.0 
face 1.0 370.0 331.0 385.0 347.0 
face 1.0 350.0 339.0 365.0 356.0 
face 1.0 431.0 442.0 448.0 460.0 
face 1.0 421.0 427.0 434.0 448.0 
face 1.0 421.0 311.0 432.0 323.0 
face 1.0 479.0 309.0 493.0 325.0 
face 1.0 538.0 241.0 551.0 261.0 
face 1.0 479.0 334.0 492.0 352.0 
face 1.0 465.0 360.0 480.0 382.0 
face 1.0 453.0 394.0 463.0 406.0 
face 1.0 452.0 385.0 462.0 398.0 
face 1.0 498.0 447.0 513.0 462.0 
face 1.0 546.0 354.0 560.0 374.0 
face 1.0 612.0 359.0 625.0 378.0 
face 1.0 632.0 367.0 645.0 385.0 
face 1.0 612.0 418.0 628.0 435.0 
face 1.0 631.0 421.0 644.0 438.0 
face 1.0 653.0 468.0 666.0 484.0 
face 1.0 677.0 426.0 693.0 442.0 
face 1.0 686.0 276.0 702.0 289.0 
face 1.0 714.0 295.0 731.0 314.0 
face 1.0 707.0 319.0 721.0 331.0 
face 1.0 758.0 258.0 769.0 270.0 
face 1.0 767.0 271.0 779.0 284.0 
face 1.0 805.0 277.0 821.0 301.0 
face 1.0 736.0 319.0 751.0 345.0 
face 1.0 724.0 359.0 739.0 374.0 
face 1.0 810.0 369.0 826.0 388.0 
face 1.0 777.0 457.0 793.0 473.0 
face 1.0 725.0 452.0 738.0 471.0 
face 1.0 954.0 253.0 968.0 271.0 
face 1.0 880.0 250.0 894.0 266.0 
face 1.0 842.0 315.0 855.0 333.0 
face 1.0 838.0 342.0 855.0 360.0 
face 1.0 897.0 350.0 915.0 373.0 
face 1.0 976.0 336.0 992.0 360.0 
face 1.0 1004.0 334.0 1017.0 353.0 
face 1.0 962.0 300.0 975.0 319.0 
face 1.0 940.0 295.0 954.0 314.0 
face 1.0 862.0 443.0 874.0 462.0 
face 1.0 895.0 444.0 905.0 462.0 
face 1.0 936.0 470.0 952.0 486.0 
face 1.0 1016.0 427.0 1024.0 443.0 
face 1.0 186.0 85.0 199.0 101.0 
face 1.0 513.0 282.0 527.0 297.0 
face 1.0 650.0 245.0 661.0 260.0 
face 1.0 412.0 99.0 424.0 112.0 
face 1.0 673.0 99.0 688.0 113.0 
face 1.0 766.0 493.0 791.0 510.0 
face 1.0 614.0 447.0 629.0 464.0 
face 1.0 454.0 489.0 466.0 504.0 
face 1.0 1.0 115.0 14.0 130.0 
face 1.0 9.0 100.0 23.0 118.0 
face 1.0 25.0 94.0 37.0 110.0 
face 1.0 36.0 91.0 48.0 109.0 
face 1.0 21.0 156.0 35.0 173.0 
face 1.0 279.0 145.0 293.0 158.0 
face 1.0 222.0 91.0 233.0 106.0 
face 1.0 50.0 383.0 65.0 397.0 
face 1.0 820.0 270.0 833.0 286.0 
face 1.0 845.0 239.0 857.0 255.0 
face 1.0 536.0 482.0 551.0 499.0 
