face 1.0 600.0 192.0 625.0 227.0 
face 1.0 2.0 309.0 21.0 343.0 
face 1.0 31.0 372.0 44.0 409.0 
face 1.0 47.0 393.0 70.0 424.0 
face 1.0 159.0 411.0 184.0 442.0 
face 1.0 88.0 374.0 114.0 402.0 
face 1.0 202.0 388.0 224.0 413.0 
face 1.0 238.0 432.0 255.0 458.0 
face 1.0 247.0 421.0 265.0 450.0 
face 1.0 228.0 374.0 254.0 411.0 
face 1.0 251.0 368.0 279.0 402.0 
face 1.0 265.0 392.0 287.0 423.0 
face 1.0 340.0 377.0 353.0 408.0 
face 1.0 353.0 401.0 377.0 431.0 
face 1.0 466.0 389.0 487.0 424.0 
face 1.0 452.0 158.0 478.0 197.0 
face 1.0 414.0 199.0 447.0 225.0 
face 1.0 680.0 235.0 693.0 262.0 
face 1.0 610.0 326.0 630.0 354.0 
face 1.0 553.0 351.0 578.0 382.0 
face 1.0 578.0 389.0 607.0 420.0 
face 1.0 679.0 424.0 700.0 452.0 
face 1.0 756.0 374.0 781.0 402.0 
face 1.0 794.0 389.0 818.0 426.0 
face 1.0 812.0 429.0 830.0 460.0 
face 1.0 860.0 403.0 883.0 433.0 
face 1.0 858.0 354.0 881.0 385.0 
face 1.0 872.0 371.0 898.0 404.0 
face 1.0 900.0 356.0 928.0 388.0 
face 1.0 940.0 310.0 961.0 339.0 
face 1.0 208.0 408.0 222.0 430.0 
face 1.0 215.0 408.0 229.0 426.0 
