face 1.0 11.0 107.0 31.0 128.0 
face 1.0 81.0 135.0 94.0 151.0 
face 1.0 140.0 143.0 153.0 159.0 
face 1.0 259.0 175.0 268.0 189.0 
face 1.0 303.0 164.0 316.0 179.0 
face 1.0 360.0 196.0 367.0 205.0 
face 1.0 364.0 183.0 372.0 192.0 
face 1.0 402.0 30.0 429.0 84.0 
face 1.0 523.0 189.0 532.0 202.0 
face 1.0 723.0 148.0 744.0 176.0 
face 1.0 549.0 194.0 558.0 204.0 
face 1.0 590.0 219.0 595.0 226.0 
face 1.0 958.0 210.0 971.0 227.0 
face 1.0 923.0 243.0 932.0 255.0 
face 1.0 913.0 233.0 918.0 241.0 
face 1.0 620.0 108.0 640.0 158.0 
