face 1.0 0.0 232.0 22.0 262.0 
face 1.0 519.0 339.0 558.0 397.0 
face 1.0 742.0 273.0 792.0 359.0 
face 1.0 851.0 282.0 881.0 323.0 
face 1.0 649.0 266.0 681.0 304.0 
face 1.0 241.0 232.0 272.0 267.0 
face 1.0 214.0 262.0 250.0 294.0 
face 1.0 314.0 223.0 345.0 253.0 
face 1.0 897.0 244.0 925.0 271.0 
face 1.0 1001.0 239.0 1023.0 281.0 
face 1.0 1000.0 396.0 1023.0 430.0 
face 1.0 328.0 308.0 356.0 342.0 
face 1.0 461.0 271.0 488.0 306.0 
face 1.0 205.0 226.0 231.0 256.0 
face 1.0 175.0 256.0 205.0 291.0 
face 1.0 44.0 228.0 76.0 262.0 
face 1.0 330.0 260.0 360.0 293.0 
face 1.0 96.0 241.0 123.0 271.0 
face 1.0 730.0 226.0 763.0 269.0 
face 1.0 127.0 320.0 147.0 348.0 
face 1.0 434.0 248.0 455.0 275.0 
face 1.0 521.0 265.0 554.0 301.0 
