face 1.0 60.0 412.0 92.0 479.0 
face 1.0 91.0 376.0 121.0 425.0 
face 1.0 217.0 350.0 240.0 377.0 
face 1.0 195.0 420.0 254.0 504.0 
face 1.0 357.0 347.0 381.0 386.0 
face 1.0 303.0 348.0 326.0 388.0 
face 1.0 309.0 325.0 329.0 351.0 
face 1.0 422.0 312.0 433.0 336.0 
face 1.0 478.0 334.0 496.0 362.0 
face 1.0 464.0 309.0 477.0 330.0 
face 1.0 708.0 175.0 726.0 197.0 
face 1.0 703.0 286.0 715.0 308.0 
face 1.0 540.0 326.0 554.0 358.0 
face 1.0 344.0 590.0 412.0 758.0 
face 1.0 574.0 381.0 586.0 431.0 
