face 1.0 56.0 175.0 99.0 232.0 
face 1.0 104.0 150.0 142.0 188.0 
face 1.0 196.0 118.0 225.0 155.0 
face 1.0 214.0 139.0 257.0 187.0 
face 1.0 295.0 132.0 336.0 183.0 
face 1.0 340.0 138.0 388.0 201.0 
face 1.0 391.0 132.0 429.0 190.0 
face 1.0 470.0 163.0 518.0 237.0 
face 1.0 491.0 104.0 541.0 161.0 
face 1.0 535.0 87.0 571.0 149.0 
face 1.0 601.0 199.0 650.0 260.0 
face 1.0 785.0 119.0 832.0 195.0 
face 1.0 835.0 119.0 890.0 201.0 
face 1.0 867.0 88.0 914.0 150.0 
face 1.0 1009.0 115.0 1024.0 174.0 
