face 1.0 106.0 91.0 120.0 111.0 
face 1.0 68.0 139.0 84.0 163.0 
face 1.0 32.0 161.0 45.0 181.0 
face 1.0 19.0 133.0 32.0 155.0 
face 1.0 99.0 162.0 112.0 180.0 
face 1.0 106.0 150.0 117.0 166.0 
face 1.0 132.0 144.0 144.0 163.0 
face 1.0 135.0 171.0 148.0 189.0 
face 1.0 157.0 151.0 171.0 166.0 
face 1.0 159.0 92.0 171.0 114.0 
face 1.0 162.0 30.0 175.0 50.0 
face 1.0 0.0 0.0 16.0 0.0 
face 1.0 118.0 5.0 131.0 22.0 
face 1.0 156.0 10.0 170.0 26.0 
face 1.0 175.0 8.0 188.0 28.0 
face 1.0 202.0 36.0 213.0 53.0 
face 1.0 396.0 22.0 403.0 35.0 
face 1.0 386.0 63.0 400.0 84.0 
face 1.0 362.0 53.0 370.0 67.0 
face 1.0 359.0 68.0 369.0 83.0 
face 1.0 327.0 79.0 339.0 101.0 
face 1.0 314.0 94.0 325.0 112.0 
face 1.0 345.0 95.0 359.0 112.0 
face 1.0 389.0 111.0 399.0 124.0 
face 1.0 403.0 107.0 414.0 125.0 
face 1.0 221.0 10.0 236.0 28.0 
face 1.0 223.0 59.0 235.0 77.0 
face 1.0 157.0 203.0 169.0 226.0 
face 1.0 127.0 223.0 138.0 242.0 
face 1.0 264.0 184.0 276.0 204.0 
face 1.0 249.0 27.0 262.0 44.0 
face 1.0 240.0 41.0 252.0 54.0 
face 1.0 241.0 83.0 253.0 96.0 
face 1.0 276.0 89.0 286.0 105.0 
face 1.0 291.0 39.0 305.0 59.0 
face 1.0 291.0 76.0 301.0 91.0 
face 1.0 330.0 54.0 342.0 70.0 
face 1.0 298.0 22.0 307.0 32.0 
face 1.0 332.0 26.0 342.0 42.0 
face 1.0 365.0 31.0 373.0 49.0 
face 1.0 421.0 97.0 434.0 116.0 
face 1.0 425.0 110.0 438.0 127.0 
face 1.0 420.0 148.0 434.0 166.0 
face 1.0 442.0 144.0 454.0 161.0 
face 1.0 463.0 130.0 474.0 148.0 
face 1.0 468.0 121.0 477.0 136.0 
face 1.0 488.0 126.0 504.0 142.0 
face 1.0 515.0 106.0 526.0 120.0 
face 1.0 548.0 102.0 561.0 117.0 
face 1.0 551.0 124.0 564.0 145.0 
face 1.0 570.0 133.0 581.0 151.0 
face 1.0 571.0 105.0 581.0 121.0 
face 1.0 580.0 113.0 593.0 131.0 
face 1.0 636.0 107.0 648.0 122.0 
face 1.0 645.0 90.0 655.0 108.0 
face 1.0 596.0 136.0 609.0 154.0 
face 1.0 619.0 154.0 633.0 173.0 
face 1.0 646.0 159.0 656.0 180.0 
face 1.0 633.0 176.0 640.0 194.0 
face 1.0 636.0 202.0 650.0 221.0 
face 1.0 587.0 160.0 599.0 178.0 
face 1.0 541.0 165.0 552.0 182.0 
face 1.0 386.0 122.0 401.0 141.0 
face 1.0 401.0 154.0 412.0 173.0 
face 1.0 646.0 51.0 654.0 64.0 
face 1.0 624.0 67.0 635.0 84.0 
face 1.0 618.0 87.0 629.0 103.0 
face 1.0 605.0 84.0 617.0 102.0 
face 1.0 589.0 68.0 599.0 85.0 
face 1.0 596.0 47.0 606.0 58.0 
face 1.0 573.0 47.0 583.0 64.0 
face 1.0 562.0 58.0 576.0 74.0 
face 1.0 529.0 45.0 540.0 55.0 
face 1.0 526.0 57.0 534.0 66.0 
face 1.0 525.0 69.0 537.0 80.0 
face 1.0 515.0 33.0 525.0 47.0 
face 1.0 496.0 35.0 505.0 48.0 
face 1.0 471.0 27.0 483.0 41.0 
face 1.0 451.0 26.0 461.0 41.0 
face 1.0 420.0 21.0 430.0 34.0 
face 1.0 421.0 40.0 431.0 53.0 
face 1.0 423.0 63.0 437.0 84.0 
face 1.0 445.0 56.0 456.0 74.0 
face 1.0 454.0 47.0 465.0 63.0 
face 1.0 445.0 78.0 457.0 94.0 
face 1.0 477.0 48.0 489.0 63.0 
face 1.0 470.0 63.0 480.0 81.0 
face 1.0 490.0 67.0 502.0 83.0 
face 1.0 479.0 83.0 490.0 98.0 
face 1.0 484.0 101.0 498.0 117.0 
face 1.0 461.0 100.0 473.0 117.0 
face 1.0 435.0 95.0 444.0 110.0 
face 1.0 496.0 216.0 510.0 232.0 
face 1.0 506.0 183.0 521.0 204.0 
face 1.0 499.0 159.0 514.0 178.0 
face 1.0 510.0 129.0 522.0 145.0 
face 1.0 499.0 238.0 512.0 256.0 
face 1.0 511.0 259.0 525.0 279.0 
face 1.0 628.0 229.0 641.0 244.0 
face 1.0 668.0 190.0 679.0 203.0 
face 1.0 656.0 159.0 667.0 181.0 
face 1.0 648.0 244.0 664.0 266.0 
face 1.0 140.0 1.0 152.0 12.0 
face 1.0 186.0 0.0 201.0 14.0 
face 1.0 252.0 0.0 264.0 9.0 
face 1.0 301.0 0.0 315.0 15.0 
face 1.0 328.0 1.0 341.0 20.0 
face 1.0 366.0 13.0 378.0 27.0 
face 1.0 606.0 3.0 617.0 16.0 
face 1.0 671.0 61.0 680.0 74.0 
face 1.0 687.0 67.0 697.0 81.0 
face 1.0 681.0 80.0 692.0 96.0 
face 1.0 689.0 91.0 702.0 109.0 
face 1.0 661.0 85.0 672.0 104.0 
face 1.0 647.0 72.0 658.0 89.0 
face 1.0 699.0 117.0 711.0 131.0 
face 1.0 737.0 85.0 746.0 101.0 
face 1.0 743.0 120.0 754.0 137.0 
face 1.0 762.0 107.0 772.0 121.0 
face 1.0 760.0 118.0 772.0 133.0 
face 1.0 667.0 144.0 678.0 158.0 
face 1.0 726.0 192.0 737.0 208.0 
face 1.0 760.0 207.0 760.0 208.0 
face 1.0 860.0 196.0 871.0 212.0 
face 1.0 878.0 217.0 890.0 234.0 
face 1.0 884.0 224.0 898.0 241.0 
face 1.0 911.0 235.0 923.0 251.0 
face 1.0 905.0 250.0 918.0 266.0 
face 1.0 929.0 261.0 939.0 275.0 
face 1.0 942.0 271.0 954.0 289.0 
face 1.0 957.0 274.0 974.0 294.0 
face 1.0 961.0 259.0 974.0 280.0 
face 1.0 976.0 266.0 989.0 283.0 
face 1.0 997.0 264.0 1006.0 280.0 
face 1.0 977.0 299.0 987.0 314.0 
face 1.0 990.0 307.0 1003.0 324.0 
face 1.0 881.0 294.0 892.0 312.0 
face 1.0 856.0 288.0 865.0 306.0 
face 1.0 723.0 213.0 736.0 230.0 
face 1.0 748.0 240.0 757.0 253.0 
face 1.0 754.0 258.0 766.0 278.0 
face 1.0 935.0 328.0 945.0 342.0 
face 1.0 894.0 366.0 909.0 386.0 
face 1.0 857.0 382.0 867.0 401.0 
face 1.0 985.0 374.0 999.0 390.0 
face 1.0 844.0 419.0 870.0 445.0 
face 1.0 854.0 322.0 865.0 342.0 
face 1.0 1018.0 408.0 1024.0 421.0 
face 1.0 1009.0 269.0 1020.0 280.0 
face 1.0 336.0 46.0 345.0 57.0 
face 1.0 387.0 32.0 395.0 45.0 
face 1.0 59.0 59.0 73.0 78.0 
face 1.0 241.0 60.0 256.0 75.0 
face 1.0 53.0 20.0 66.0 38.0 
face 1.0 590.0 119.0 607.0 132.0 
face 1.0 721.0 109.0 732.0 123.0 
face 1.0 720.0 124.0 733.0 135.0 
face 1.0 902.0 326.0 914.0 341.0 
face 1.0 955.0 328.0 967.0 344.0 
face 1.0 862.0 227.0 871.0 242.0 
face 1.0 855.0 212.0 865.0 226.0 
face 1.0 926.0 237.0 937.0 251.0 
face 1.0 877.0 171.0 887.0 185.0 
face 1.0 857.0 175.0 865.0 187.0 
face 1.0 873.0 195.0 884.0 208.0 
face 1.0 995.0 286.0 1005.0 302.0 
face 1.0 881.0 250.0 893.0 261.0 
face 1.0 936.0 219.0 948.0 231.0 
face 1.0 953.0 243.0 964.0 257.0 
face 1.0 974.0 247.0 987.0 259.0 
face 1.0 998.0 245.0 1009.0 259.0 
face 1.0 755.0 210.0 765.0 227.0 
face 1.0 696.0 136.0 709.0 151.0 
face 1.0 717.0 138.0 728.0 148.0 
face 1.0 741.0 138.0 753.0 152.0 
face 1.0 727.0 159.0 740.0 171.0 
face 1.0 754.0 176.0 763.0 189.0 
face 1.0 775.0 165.0 787.0 180.0 
face 1.0 793.0 169.0 804.0 184.0 
face 1.0 785.0 141.0 795.0 158.0 
face 1.0 800.0 147.0 810.0 163.0 
face 1.0 813.0 162.0 825.0 179.0 
face 1.0 811.0 182.0 821.0 195.0 
face 1.0 797.0 199.0 809.0 214.0 
face 1.0 783.0 192.0 795.0 205.0 
face 1.0 757.0 164.0 765.0 173.0 
face 1.0 809.0 135.0 819.0 147.0 
face 1.0 657.0 212.0 668.0 228.0 
face 1.0 699.0 196.0 711.0 208.0 
face 1.0 715.0 236.0 726.0 250.0 
face 1.0 701.0 235.0 711.0 248.0 
face 1.0 709.0 258.0 722.0 271.0 
face 1.0 691.0 250.0 703.0 268.0 
face 1.0 699.0 280.0 711.0 295.0 
face 1.0 729.0 287.0 741.0 303.0 
face 1.0 722.0 308.0 737.0 323.0 
face 1.0 750.0 280.0 763.0 295.0 
face 1.0 754.0 318.0 765.0 334.0 
face 1.0 782.0 316.0 794.0 332.0 
face 1.0 616.0 187.0 628.0 202.0 
face 1.0 595.0 183.0 604.0 198.0 
face 1.0 602.0 222.0 616.0 239.0 
face 1.0 611.0 239.0 624.0 254.0 
face 1.0 604.0 262.0 618.0 279.0 
face 1.0 639.0 300.0 654.0 317.0 
face 1.0 619.0 296.0 633.0 314.0 
face 1.0 635.0 331.0 647.0 349.0 
face 1.0 586.0 299.0 599.0 314.0 
face 1.0 555.0 292.0 570.0 313.0 
face 1.0 580.0 252.0 592.0 268.0 
face 1.0 554.0 248.0 567.0 265.0 
face 1.0 548.0 263.0 564.0 282.0 
face 1.0 555.0 221.0 565.0 235.0 
face 1.0 535.0 189.0 548.0 205.0 
face 1.0 523.0 209.0 538.0 227.0 
face 1.0 533.0 245.0 545.0 262.0 
face 1.0 403.0 209.0 414.0 221.0 
face 1.0 414.0 189.0 426.0 205.0 
face 1.0 440.0 185.0 453.0 196.0 
face 1.0 472.0 181.0 486.0 200.0 
face 1.0 474.0 204.0 487.0 223.0 
face 1.0 450.0 216.0 464.0 228.0 
face 1.0 462.0 230.0 477.0 247.0 
face 1.0 437.0 284.0 451.0 304.0 
face 1.0 426.0 312.0 441.0 333.0 
face 1.0 390.0 252.0 402.0 270.0 
face 1.0 384.0 333.0 395.0 348.0 
face 1.0 394.0 322.0 402.0 335.0 
face 1.0 340.0 319.0 352.0 337.0 
face 1.0 351.0 271.0 362.0 289.0 
face 1.0 350.0 238.0 362.0 257.0 
face 1.0 341.0 216.0 355.0 236.0 
face 1.0 303.0 218.0 319.0 236.0 
face 1.0 321.0 240.0 334.0 262.0 
face 1.0 292.0 269.0 307.0 291.0 
face 1.0 272.0 307.0 286.0 328.0 
face 1.0 382.0 408.0 402.0 430.0 
face 1.0 22.0 81.0 35.0 97.0 
face 1.0 57.0 85.0 71.0 102.0 
face 1.0 88.0 90.0 101.0 110.0 
face 1.0 105.0 69.0 118.0 84.0 
face 1.0 105.0 119.0 116.0 134.0 
face 1.0 150.0 117.0 164.0 133.0 
face 1.0 72.0 418.0 90.0 443.0 
face 1.0 27.0 392.0 39.0 410.0 
face 1.0 5.0 14.0 17.0 25.0 
face 1.0 1.0 83.0 9.0 100.0 
face 1.0 124.0 418.0 142.0 442.0 
