face 1.0 719.0 54.0 729.0 68.0 
face 1.0 749.0 47.0 762.0 60.0 
face 1.0 839.0 5.0 851.0 22.0 
face 1.0 1014.0 145.0 1023.0 164.0 
face 1.0 886.0 163.0 895.0 176.0 
face 1.0 803.0 143.0 847.0 202.0 
face 1.0 679.0 170.0 725.0 227.0 
face 1.0 167.0 135.0 213.0 195.0 
face 1.0 298.0 196.0 344.0 259.0 
face 1.0 388.0 163.0 409.0 195.0 
face 1.0 463.0 121.0 505.0 181.0 
face 1.0 569.0 177.0 612.0 233.0 
face 1.0 613.0 257.0 656.0 317.0 
face 1.0 498.0 241.0 541.0 305.0 
face 1.0 378.0 238.0 424.0 303.0 
face 1.0 191.0 277.0 242.0 343.0 
face 1.0 293.0 302.0 335.0 363.0 
face 1.0 398.0 350.0 444.0 410.0 
face 1.0 509.0 339.0 556.0 400.0 
face 1.0 644.0 371.0 687.0 437.0 
face 1.0 708.0 284.0 749.0 349.0 
face 1.0 780.0 281.0 821.0 344.0 
face 1.0 674.0 74.0 684.0 87.0 
face 1.0 360.0 18.0 368.0 27.0 
face 1.0 437.0 15.0 449.0 26.0 
face 1.0 392.0 11.0 403.0 24.0 
