face 1.0 13.0 344.0 31.0 367.0 
face 1.0 2.0 341.0 15.0 359.0 
face 1.0 36.0 332.0 58.0 362.0 
face 1.0 67.0 330.0 90.0 358.0 
face 1.0 43.0 379.0 79.0 420.0 
face 1.0 166.0 336.0 190.0 366.0 
face 1.0 153.0 382.0 187.0 435.0 
face 1.0 202.0 331.0 214.0 349.0 
face 1.0 249.0 333.0 260.0 354.0 
face 1.0 268.0 340.0 299.0 380.0 
face 1.0 322.0 348.0 341.0 375.0 
face 1.0 313.0 339.0 326.0 362.0 
face 1.0 350.0 284.0 363.0 304.0 
face 1.0 345.0 335.0 360.0 356.0 
face 1.0 382.0 339.0 399.0 358.0 
face 1.0 339.0 419.0 379.0 475.0 
face 1.0 428.0 360.0 459.0 403.0 
face 1.0 494.0 393.0 526.0 434.0 
face 1.0 480.0 433.0 547.0 517.0 
face 1.0 544.0 345.0 573.0 388.0 
face 1.0 616.0 369.0 656.0 420.0 
face 1.0 1004.0 374.0 1024.0 418.0 
face 1.0 924.0 374.0 985.0 451.0 
face 1.0 840.0 373.0 881.0 422.0 
face 1.0 733.0 359.0 764.0 400.0 
face 1.0 746.0 382.0 794.0 439.0 
face 1.0 727.0 448.0 814.0 560.0 
