face 1.0 32.0 161.0 69.0 213.0 
face 1.0 0.0 299.0 49.0 364.0 
face 1.0 107.0 322.0 129.0 365.0 
face 1.0 133.0 300.0 177.0 351.0 
face 1.0 245.0 345.0 286.0 396.0 
face 1.0 330.0 310.0 371.0 364.0 
face 1.0 390.0 221.0 428.0 266.0 
face 1.0 432.0 336.0 476.0 396.0 
face 1.0 556.0 346.0 599.0 397.0 
face 1.0 663.0 313.0 705.0 358.0 
face 1.0 735.0 144.0 778.0 194.0 
face 1.0 794.0 284.0 847.0 339.0 
face 1.0 747.0 337.0 786.0 393.0 
face 1.0 1001.0 334.0 1024.0 405.0 
face 1.0 955.0 337.0 984.0 387.0 
face 1.0 958.0 379.0 987.0 431.0 
