face 1.0 978.0 484.0 1024.0 551.0 
face 1.0 764.0 291.0 792.0 334.0 
face 1.0 765.0 436.0 796.0 473.0 
face 1.0 666.0 442.0 697.0 475.0 
face 1.0 789.0 489.0 825.0 546.0 
face 1.0 802.0 522.0 841.0 580.0 
face 1.0 565.0 423.0 577.0 439.0 
face 1.0 559.0 466.0 591.0 517.0 
face 1.0 411.0 399.0 422.0 414.0 
face 1.0 394.0 376.0 404.0 389.0 
face 1.0 393.0 401.0 404.0 417.0 
face 1.0 356.0 429.0 369.0 446.0 
face 1.0 308.0 407.0 321.0 428.0 
face 1.0 286.0 400.0 299.0 419.0 
face 1.0 329.0 395.0 341.0 413.0 
face 1.0 293.0 433.0 312.0 461.0 
face 1.0 213.0 546.0 258.0 600.0 
face 1.0 56.0 507.0 109.0 581.0 
face 1.0 222.0 429.0 239.0 454.0 
face 1.0 258.0 429.0 269.0 447.0 
