face 1.0 921.0 598.0 957.0 652.0 
face 1.0 977.0 486.0 1001.0 514.0 
face 1.0 879.0 511.0 899.0 536.0 
face 1.0 777.0 488.0 796.0 512.0 
face 1.0 534.0 516.0 555.0 542.0 
face 1.0 309.0 497.0 338.0 527.0 
face 1.0 287.0 502.0 310.0 530.0 
face 1.0 123.0 548.0 171.0 597.0 
face 1.0 209.0 512.0 231.0 545.0 
face 1.0 185.0 489.0 200.0 508.0 
face 1.0 126.0 487.0 146.0 509.0 
face 1.0 75.0 507.0 97.0 533.0 
face 1.0 94.0 506.0 115.0 534.0 
face 1.0 35.0 529.0 63.0 562.0 
face 1.0 154.0 447.0 163.0 458.0 
face 1.0 162.0 465.0 170.0 479.0 
face 1.0 257.0 433.0 274.0 454.0 
face 1.0 196.0 460.0 205.0 469.0 
face 1.0 219.0 481.0 236.0 504.0 
face 1.0 670.0 250.0 686.0 270.0 
face 1.0 632.0 204.0 648.0 225.0 
face 1.0 523.0 175.0 537.0 201.0 
face 1.0 490.0 192.0 509.0 214.0 
face 1.0 446.0 187.0 460.0 208.0 
face 1.0 603.0 217.0 615.0 234.0 
face 1.0 847.0 486.0 856.0 499.0 
face 1.0 831.0 469.0 839.0 479.0 
face 1.0 207.0 426.0 217.0 441.0 
face 1.0 288.0 420.0 300.0 439.0 
face 1.0 227.0 424.0 238.0 439.0 
face 1.0 9.0 524.0 23.0 547.0 
face 1.0 219.0 464.0 231.0 478.0 
face 1.0 226.0 447.0 238.0 460.0 
face 1.0 226.0 437.0 236.0 449.0 
