face 1.0 661.0 126.0 686.0 155.0 
face 1.0 124.0 39.0 134.0 51.0 
face 1.0 185.0 41.0 194.0 52.0 
face 1.0 859.0 456.0 901.0 508.0 
face 1.0 606.0 237.0 626.0 262.0 
face 1.0 980.0 324.0 1015.0 362.0 
face 1.0 1008.0 289.0 1024.0 328.0 
face 1.0 977.0 260.0 1017.0 299.0 
face 1.0 863.0 350.0 908.0 388.0 
face 1.0 927.0 322.0 972.0 364.0 
face 1.0 863.0 265.0 904.0 301.0 
face 1.0 840.0 324.0 883.0 363.0 
face 1.0 799.0 361.0 841.0 399.0 
face 1.0 763.0 432.0 805.0 480.0 
face 1.0 727.0 501.0 776.0 549.0 
face 1.0 693.0 457.0 751.0 510.0 
face 1.0 681.0 481.0 724.0 527.0 
face 1.0 708.0 422.0 764.0 463.0 
face 1.0 780.0 318.0 822.0 364.0 
face 1.0 774.0 355.0 813.0 396.0 
face 1.0 765.0 298.0 804.0 340.0 
face 1.0 781.0 264.0 820.0 303.0 
face 1.0 727.0 273.0 767.0 315.0 
face 1.0 562.0 555.0 621.0 617.0 
face 1.0 522.0 583.0 576.0 633.0 
face 1.0 476.0 582.0 538.0 632.0 
face 1.0 445.0 627.0 467.0 658.0 
face 1.0 453.0 647.0 477.0 673.0 
face 1.0 487.0 478.0 540.0 534.0 
face 1.0 638.0 428.0 679.0 471.0 
face 1.0 619.0 393.0 663.0 433.0 
face 1.0 517.0 420.0 573.0 476.0 
face 1.0 710.0 334.0 748.0 384.0 
face 1.0 684.0 327.0 726.0 373.0 
face 1.0 646.0 300.0 686.0 349.0 
face 1.0 655.0 273.0 690.0 312.0 
face 1.0 620.0 255.0 655.0 288.0 
face 1.0 615.0 285.0 663.0 328.0 
face 1.0 554.0 376.0 593.0 425.0 
face 1.0 563.0 451.0 608.0 514.0 
face 1.0 529.0 259.0 556.0 283.0 
face 1.0 486.0 261.0 530.0 297.0 
face 1.0 471.0 313.0 514.0 362.0 
face 1.0 477.0 393.0 517.0 443.0 
face 1.0 424.0 421.0 473.0 470.0 
face 1.0 363.0 496.0 420.0 547.0 
face 1.0 301.0 570.0 359.0 627.0 
face 1.0 270.0 547.0 323.0 603.0 
face 1.0 270.0 485.0 310.0 534.0 
face 1.0 328.0 402.0 385.0 450.0 
face 1.0 405.0 363.0 446.0 409.0 
face 1.0 371.0 319.0 407.0 359.0 
face 1.0 456.0 254.0 492.0 292.0 
face 1.0 388.0 266.0 431.0 300.0 
face 1.0 238.0 548.0 285.0 598.0 
face 1.0 147.0 552.0 201.0 606.0 
face 1.0 102.0 557.0 139.0 605.0 
face 1.0 79.0 540.0 126.0 584.0 
face 1.0 221.0 427.0 260.0 481.0 
face 1.0 176.0 386.0 210.0 426.0 
face 1.0 281.0 310.0 326.0 349.0 
face 1.0 353.0 238.0 392.0 273.0 
face 1.0 271.0 259.0 303.0 297.0 
face 1.0 80.0 464.0 123.0 508.0 
face 1.0 8.0 510.0 59.0 561.0 
face 1.0 24.0 462.0 56.0 497.0 
face 1.0 101.0 356.0 154.0 393.0 
face 1.0 147.0 323.0 180.0 358.0 
face 1.0 137.0 310.0 172.0 342.0 
face 1.0 90.0 328.0 129.0 367.0 
face 1.0 162.0 246.0 203.0 285.0 
face 1.0 209.0 267.0 242.0 308.0 
face 1.0 37.0 337.0 63.0 366.0 
face 1.0 6.0 263.0 36.0 303.0 
face 1.0 103.0 264.0 132.0 299.0 
face 1.0 961.0 211.0 1006.0 246.0 
face 1.0 1007.0 182.0 1024.0 216.0 
face 1.0 942.0 187.0 970.0 218.0 
face 1.0 883.0 219.0 911.0 251.0 
face 1.0 911.0 182.0 938.0 209.0 
face 1.0 904.0 177.0 925.0 200.0 
face 1.0 947.0 113.0 965.0 139.0 
face 1.0 936.0 83.0 955.0 107.0 
face 1.0 959.0 95.0 979.0 117.0 
face 1.0 872.0 70.0 885.0 92.0 
face 1.0 849.0 75.0 867.0 99.0 
face 1.0 924.0 63.0 942.0 84.0 
face 1.0 893.0 88.0 909.0 107.0 
face 1.0 859.0 45.0 875.0 61.0 
face 1.0 807.0 142.0 837.0 173.0 
face 1.0 801.0 234.0 833.0 265.0 
face 1.0 755.0 215.0 787.0 249.0 
face 1.0 667.0 241.0 696.0 276.0 
face 1.0 661.0 272.0 693.0 305.0 
face 1.0 699.0 207.0 733.0 239.0 
face 1.0 657.0 211.0 683.0 233.0 
face 1.0 668.0 181.0 691.0 209.0 
face 1.0 712.0 171.0 731.0 198.0 
face 1.0 778.0 156.0 801.0 177.0 
face 1.0 779.0 128.0 797.0 151.0 
face 1.0 802.0 97.0 821.0 122.0 
face 1.0 876.0 101.0 897.0 129.0 
face 1.0 852.0 93.0 876.0 115.0 
face 1.0 972.0 0.0 998.0 13.0 
face 1.0 841.0 35.0 859.0 56.0 
face 1.0 747.0 25.0 763.0 44.0 
face 1.0 760.0 101.0 776.0 122.0 
face 1.0 738.0 112.0 756.0 142.0 
face 1.0 699.0 118.0 720.0 135.0 
face 1.0 686.0 143.0 706.0 163.0 
face 1.0 714.0 107.0 736.0 125.0 
face 1.0 687.0 82.0 709.0 106.0 
face 1.0 691.0 25.0 706.0 42.0 
face 1.0 721.0 21.0 739.0 37.0 
face 1.0 820.0 48.0 831.0 59.0 
face 1.0 852.0 13.0 865.0 33.0 
face 1.0 569.0 220.0 599.0 249.0 
face 1.0 591.0 199.0 623.0 231.0 
face 1.0 560.0 188.0 591.0 216.0 
face 1.0 599.0 164.0 625.0 193.0 
face 1.0 624.0 144.0 650.0 174.0 
face 1.0 550.0 154.0 579.0 182.0 
face 1.0 579.0 140.0 601.0 167.0 
face 1.0 542.0 139.0 568.0 169.0 
face 1.0 554.0 113.0 577.0 140.0 
face 1.0 635.0 116.0 656.0 139.0 
face 1.0 607.0 125.0 626.0 155.0 
face 1.0 609.0 99.0 630.0 123.0 
face 1.0 642.0 83.0 661.0 100.0 
face 1.0 580.0 84.0 596.0 103.0 
face 1.0 609.0 77.0 627.0 97.0 
face 1.0 623.0 62.0 638.0 80.0 
face 1.0 638.0 67.0 655.0 86.0 
face 1.0 584.0 59.0 600.0 80.0 
face 1.0 538.0 116.0 558.0 140.0 
face 1.0 486.0 137.0 518.0 168.0 
face 1.0 491.0 219.0 526.0 252.0 
face 1.0 515.0 179.0 549.0 213.0 
face 1.0 507.0 184.0 534.0 214.0 
face 1.0 498.0 189.0 523.0 217.0 
face 1.0 526.0 31.0 543.0 51.0 
face 1.0 519.0 82.0 538.0 100.0 
face 1.0 461.0 27.0 486.0 51.0 
face 1.0 467.0 86.0 483.0 103.0 
face 1.0 447.0 101.0 465.0 121.0 
face 1.0 442.0 239.0 472.0 271.0 
face 1.0 422.0 238.0 449.0 269.0 
face 1.0 428.0 208.0 450.0 239.0 
face 1.0 444.0 200.0 472.0 227.0 
face 1.0 344.0 179.0 375.0 214.0 
face 1.0 269.0 220.0 297.0 250.0 
face 1.0 228.0 231.0 261.0 265.0 
face 1.0 166.0 216.0 202.0 256.0 
face 1.0 249.0 172.0 281.0 206.0 
face 1.0 375.0 184.0 403.0 212.0 
face 1.0 430.0 133.0 453.0 164.0 
face 1.0 385.0 150.0 412.0 177.0 
face 1.0 360.0 146.0 385.0 171.0 
face 1.0 333.0 169.0 361.0 192.0 
face 1.0 333.0 157.0 359.0 188.0 
face 1.0 320.0 133.0 348.0 161.0 
face 1.0 354.0 121.0 381.0 146.0 
face 1.0 394.0 113.0 414.0 139.0 
face 1.0 365.0 96.0 388.0 121.0 
face 1.0 383.0 96.0 403.0 121.0 
face 1.0 419.0 68.0 432.0 82.0 
face 1.0 368.0 66.0 392.0 90.0 
face 1.0 445.0 64.0 463.0 81.0 
face 1.0 370.0 13.0 385.0 29.0 
face 1.0 368.0 41.0 386.0 63.0 
face 1.0 403.0 35.0 423.0 52.0 
face 1.0 408.0 11.0 422.0 26.0 
face 1.0 400.0 0.0 413.0 12.0 
face 1.0 316.0 89.0 339.0 108.0 
face 1.0 280.0 99.0 301.0 120.0 
face 1.0 251.0 154.0 275.0 177.0 
face 1.0 241.0 125.0 266.0 152.0 
face 1.0 292.0 34.0 312.0 54.0 
face 1.0 283.0 37.0 300.0 57.0 
face 1.0 302.0 13.0 317.0 29.0 
face 1.0 277.0 16.0 293.0 33.0 
face 1.0 271.0 14.0 286.0 33.0 
face 1.0 243.0 32.0 262.0 48.0 
face 1.0 231.0 70.0 248.0 90.0 
face 1.0 219.0 112.0 236.0 132.0 
face 1.0 116.0 225.0 144.0 256.0 
face 1.0 103.0 211.0 130.0 242.0 
face 1.0 163.0 170.0 186.0 198.0 
face 1.0 156.0 200.0 178.0 228.0 
face 1.0 78.0 125.0 109.0 154.0 
face 1.0 146.0 95.0 169.0 124.0 
face 1.0 0.0 148.0 22.0 170.0 
face 1.0 0.0 108.0 16.0 135.0 
face 1.0 117.0 84.0 140.0 112.0 
face 1.0 113.0 0.0 128.0 15.0 
face 1.0 51.0 0.0 64.0 7.0 
face 1.0 37.0 94.0 46.0 103.0 
face 1.0 1017.0 40.0 1024.0 85.0 
face 1.0 127.0 15.0 144.0 36.0 
face 1.0 137.0 66.0 156.0 86.0 
face 1.0 0.0 55.0 5.0 69.0 
face 1.0 406.0 216.0 428.0 247.0 
face 1.0 248.0 196.0 284.0 231.0 
face 1.0 617.0 520.0 671.0 574.0 
face 1.0 951.0 630.0 995.0 683.0 
face 1.0 914.0 601.0 967.0 652.0 
face 1.0 827.0 628.0 889.0 680.0 
face 1.0 774.0 600.0 829.0 655.0 
face 1.0 798.0 540.0 849.0 584.0 
face 1.0 970.0 540.0 1007.0 579.0 
face 1.0 996.0 374.0 1022.0 405.0 
face 1.0 965.0 494.0 1008.0 546.0 
face 1.0 906.0 292.0 932.0 329.0 
