face 1.0 917.0 254.0 1024.0 429.0 
face 1.0 882.0 207.0 939.0 267.0 
face 1.0 762.0 132.0 829.0 227.0 
face 1.0 688.0 50.0 807.0 208.0 
face 1.0 571.0 143.0 641.0 224.0 
face 1.0 660.0 150.0 685.0 174.0 
face 1.0 544.0 163.0 577.0 212.0 
face 1.0 533.0 139.0 563.0 177.0 
face 1.0 480.0 181.0 531.0 237.0 
face 1.0 398.0 148.0 441.0 213.0 
face 1.0 421.0 165.0 458.0 220.0 
face 1.0 349.0 152.0 404.0 233.0 
face 1.0 257.0 141.0 350.0 257.0 
face 1.0 202.0 184.0 260.0 248.0 
face 1.0 66.0 132.0 161.0 234.0 
face 1.0 31.0 189.0 94.0 253.0 
face 1.0 148.0 148.0 171.0 183.0 
face 1.0 229.0 142.0 275.0 196.0 
face 1.0 177.0 179.0 196.0 202.0 
face 1.0 3.0 172.0 33.0 210.0 
face 1.0 848.0 203.0 875.0 239.0 
