face 1.0 989.0 252.0 1011.0 280.0 
face 1.0 951.0 276.0 978.0 300.0 
face 1.0 912.0 263.0 944.0 308.0 
face 1.0 957.0 258.0 978.0 283.0 
face 1.0 871.0 290.0 897.0 317.0 
face 1.0 789.0 294.0 816.0 322.0 
face 1.0 722.0 279.0 746.0 307.0 
face 1.0 663.0 278.0 689.0 306.0 
face 1.0 614.0 296.0 638.0 321.0 
face 1.0 560.0 307.0 584.0 334.0 
face 1.0 467.0 283.0 493.0 312.0 
face 1.0 362.0 289.0 387.0 317.0 
face 1.0 320.0 293.0 345.0 321.0 
face 1.0 423.0 332.0 443.0 352.0 
face 1.0 222.0 266.0 249.0 293.0 
face 1.0 108.0 243.0 137.0 272.0 
face 1.0 31.0 263.0 59.0 293.0 
