face 1.0 323.0 464.0 347.0 497.0 
face 1.0 270.0 443.0 288.0 464.0 
face 1.0 164.0 425.0 198.0 463.0 
face 1.0 219.0 457.0 240.0 481.0 
face 1.0 4.0 471.0 28.0 503.0 
face 1.0 333.0 435.0 345.0 447.0 
face 1.0 559.0 465.0 572.0 480.0 
face 1.0 607.0 460.0 623.0 479.0 
face 1.0 441.0 461.0 462.0 488.0 
face 1.0 506.0 472.0 519.0 484.0 
face 1.0 459.0 467.0 471.0 480.0 
face 1.0 724.0 416.0 742.0 439.0 
face 1.0 808.0 464.0 820.0 480.0 
face 1.0 818.0 454.0 832.0 467.0 
face 1.0 750.0 449.0 754.0 464.0 
face 1.0 649.0 324.0 666.0 345.0 
face 1.0 1004.0 342.0 1022.0 366.0 
face 1.0 939.0 448.0 949.0 462.0 
face 1.0 907.0 449.0 915.0 461.0 
face 1.0 1004.0 447.0 1016.0 461.0 
face 1.0 1019.0 425.0 1023.0 430.0 
face 1.0 967.0 453.0 974.0 462.0 
face 1.0 955.0 294.0 958.0 298.0 
face 1.0 981.0 299.0 985.0 304.0 
face 1.0 965.0 291.0 968.0 295.0 
face 1.0 862.0 448.0 872.0 464.0 
face 1.0 956.0 452.0 963.0 462.0 
