face 1.0 988.0 291.0 1009.0 313.0 
face 1.0 994.0 320.0 1022.0 350.0 
face 1.0 948.0 316.0 967.0 340.0 
face 1.0 979.0 299.0 996.0 319.0 
face 1.0 937.0 295.0 954.0 315.0 
face 1.0 960.0 254.0 969.0 265.0 
face 1.0 922.0 313.0 951.0 345.0 
face 1.0 895.0 298.0 913.0 316.0 
face 1.0 913.0 306.0 924.0 319.0 
face 1.0 885.0 335.0 904.0 356.0 
face 1.0 876.0 314.0 893.0 332.0 
face 1.0 844.0 328.0 866.0 351.0 
face 1.0 853.0 302.0 869.0 320.0 
face 1.0 842.0 316.0 857.0 332.0 
face 1.0 835.0 245.0 848.0 262.0 
face 1.0 826.0 349.0 841.0 377.0 
face 1.0 806.0 314.0 821.0 329.0 
face 1.0 789.0 339.0 806.0 357.0 
face 1.0 754.0 335.0 769.0 352.0 
face 1.0 707.0 293.0 728.0 317.0 
face 1.0 744.0 302.0 761.0 319.0 
face 1.0 747.0 287.0 765.0 309.0 
face 1.0 671.0 350.0 688.0 371.0 
face 1.0 652.0 364.0 671.0 383.0 
face 1.0 647.0 348.0 663.0 368.0 
face 1.0 656.0 307.0 664.0 316.0 
face 1.0 776.0 392.0 809.0 438.0 
face 1.0 608.0 362.0 626.0 380.0 
face 1.0 565.0 353.0 591.0 379.0 
face 1.0 492.0 383.0 517.0 411.0 
face 1.0 413.0 391.0 441.0 426.0 
face 1.0 367.0 390.0 392.0 420.0 
face 1.0 142.0 460.0 225.0 543.0 
face 1.0 294.0 443.0 344.0 505.0 
face 1.0 108.0 423.0 124.0 439.0 
face 1.0 305.0 407.0 321.0 426.0 
face 1.0 291.0 391.0 300.0 406.0 
face 1.0 87.0 454.0 105.0 477.0 
face 1.0 42.0 424.0 50.0 435.0 
face 1.0 80.0 412.0 92.0 423.0 
face 1.0 117.0 403.0 123.0 413.0 
face 1.0 129.0 390.0 133.0 396.0 
face 1.0 105.0 403.0 115.0 413.0 
face 1.0 281.0 394.0 292.0 408.0 
face 1.0 206.0 402.0 215.0 412.0 
face 1.0 233.0 392.0 242.0 402.0 
face 1.0 459.0 133.0 479.0 156.0 
face 1.0 467.0 381.0 477.0 391.0 
face 1.0 441.0 381.0 453.0 398.0 
face 1.0 677.0 406.0 684.0 416.0 
face 1.0 730.0 349.0 738.0 361.0 
face 1.0 152.0 397.0 159.0 404.0 
face 1.0 146.0 395.0 153.0 405.0 
