face 1.0 846.0 146.0 937.0 244.0 
face 1.0 976.0 111.0 1024.0 242.0 
face 1.0 783.0 124.0 855.0 196.0 
face 1.0 742.0 142.0 795.0 211.0 
face 1.0 648.0 77.0 740.0 185.0 
face 1.0 943.0 153.0 996.0 220.0 
face 1.0 508.0 142.0 628.0 289.0 
face 1.0 388.0 111.0 494.0 243.0 
face 1.0 359.0 160.0 430.0 236.0 
face 1.0 253.0 166.0 333.0 254.0 
face 1.0 317.0 152.0 358.0 192.0 
face 1.0 101.0 74.0 240.0 225.0 
face 1.0 19.0 166.0 89.0 245.0 
face 1.0 0.0 179.0 51.0 269.0 
face 1.0 738.0 101.0 762.0 128.0 
