face 1.0 257.0 165.0 277.0 191.0 
face 1.0 215.0 164.0 229.0 182.0 
face 1.0 149.0 165.0 164.0 183.0 
face 1.0 87.0 162.0 103.0 179.0 
face 1.0 26.0 160.0 41.0 178.0 
face 1.0 129.0 267.0 150.0 287.0 
face 1.0 251.0 268.0 270.0 292.0 
face 1.0 364.0 67.0 387.0 94.0 
face 1.0 437.0 65.0 458.0 93.0 
face 1.0 520.0 37.0 540.0 56.0 
face 1.0 366.0 255.0 388.0 280.0 
face 1.0 474.0 254.0 498.0 282.0 
face 1.0 567.0 55.0 591.0 83.0 
face 1.0 648.0 57.0 673.0 84.0 
face 1.0 727.0 52.0 755.0 83.0 
face 1.0 585.0 151.0 604.0 170.0 
face 1.0 641.0 149.0 657.0 167.0 
face 1.0 695.0 149.0 716.0 167.0 
face 1.0 754.0 149.0 771.0 168.0 
face 1.0 579.0 259.0 603.0 285.0 
face 1.0 682.0 260.0 706.0 291.0 
face 1.0 788.0 394.0 800.0 407.0 
face 1.0 693.0 389.0 702.0 403.0 
face 1.0 712.0 391.0 722.0 402.0 
face 1.0 764.0 391.0 774.0 405.0 
face 1.0 752.0 391.0 762.0 401.0 
face 1.0 447.0 304.0 483.0 360.0 
face 1.0 522.0 380.0 587.0 431.0 
face 1.0 21.0 72.0 35.0 89.0 
face 1.0 88.0 69.0 101.0 86.0 
face 1.0 148.0 66.0 161.0 84.0 
face 1.0 213.0 64.0 228.0 84.0 
face 1.0 279.0 63.0 295.0 80.0 
