face 1.0 841.0 275.0 882.0 320.0 
face 1.0 779.0 292.0 815.0 331.0 
face 1.0 711.0 314.0 742.0 347.0 
face 1.0 709.0 233.0 738.0 265.0 
face 1.0 685.0 294.0 718.0 332.0 
face 1.0 641.0 235.0 674.0 270.0 
face 1.0 552.0 261.0 584.0 299.0 
face 1.0 578.0 246.0 606.0 279.0 
face 1.0 603.0 221.0 635.0 257.0 
face 1.0 513.0 251.0 550.0 291.0 
face 1.0 513.0 227.0 543.0 259.0 
face 1.0 388.0 237.0 417.0 271.0 
face 1.0 444.0 231.0 478.0 268.0 
face 1.0 405.0 236.0 434.0 270.0 
face 1.0 416.0 282.0 448.0 322.0 
face 1.0 343.0 300.0 379.0 338.0 
face 1.0 297.0 224.0 327.0 258.0 
face 1.0 256.0 286.0 290.0 330.0 
face 1.0 266.0 275.0 298.0 313.0 
face 1.0 207.0 236.0 238.0 271.0 
face 1.0 327.0 226.0 356.0 261.0 
face 1.0 207.0 307.0 246.0 347.0 
face 1.0 260.0 241.0 286.0 270.0 
face 1.0 150.0 304.0 189.0 348.0 
face 1.0 69.0 313.0 108.0 358.0 
face 1.0 21.0 294.0 62.0 339.0 
face 1.0 614.0 275.0 646.0 317.0 
face 1.0 558.0 222.0 578.0 256.0 
face 1.0 356.0 233.0 387.0 267.0 
