face 1.0 843.0 259.0 942.0 373.0 
face 1.0 789.0 262.0 847.0 325.0 
face 1.0 692.0 346.0 739.0 393.0 
face 1.0 579.0 322.0 587.0 332.0 
face 1.0 667.0 558.0 730.0 630.0 
face 1.0 602.0 342.0 647.0 394.0 
face 1.0 535.0 342.0 589.0 404.0 
face 1.0 465.0 335.0 501.0 382.0 
face 1.0 429.0 328.0 486.0 392.0 
face 1.0 396.0 341.0 431.0 381.0 
face 1.0 287.0 343.0 358.0 421.0 
face 1.0 172.0 389.0 256.0 487.0 
face 1.0 153.0 343.0 199.0 395.0 
face 1.0 122.0 291.0 170.0 348.0 
face 1.0 65.0 321.0 138.0 391.0 
face 1.0 24.0 361.0 35.0 371.0 
face 1.0 10.0 338.0 18.0 349.0 
face 1.0 10.0 325.0 18.0 334.0 
