face 1.0 404.0 214.0 481.0 291.0 
face 1.0 294.0 172.0 347.0 228.0 
face 1.0 208.0 196.0 257.0 240.0 
face 1.0 532.0 171.0 568.0 211.0 
face 1.0 363.0 181.0 408.0 231.0 
face 1.0 392.0 204.0 450.0 268.0 
face 1.0 289.0 198.0 328.0 244.0 
face 1.0 210.0 285.0 251.0 330.0 
face 1.0 171.0 213.0 212.0 263.0 
face 1.0 142.0 191.0 187.0 255.0 
face 1.0 38.0 193.0 72.0 242.0 
face 1.0 48.0 243.0 76.0 278.0 
face 1.0 923.0 490.0 1024.0 683.0 
face 1.0 714.0 383.0 831.0 501.0 
face 1.0 890.0 334.0 950.0 399.0 
face 1.0 697.0 253.0 771.0 346.0 
face 1.0 532.0 290.0 599.0 388.0 
face 1.0 649.0 206.0 684.0 249.0 
face 1.0 957.0 274.0 1001.0 322.0 
face 1.0 992.0 238.0 1024.0 277.0 
face 1.0 883.0 257.0 908.0 287.0 
face 1.0 720.0 203.0 745.0 232.0 
face 1.0 886.0 234.0 909.0 259.0 
face 1.0 960.0 218.0 975.0 238.0 
face 1.0 902.0 199.0 910.0 209.0 
face 1.0 988.0 207.0 1001.0 218.0 
face 1.0 636.0 195.0 656.0 219.0 
face 1.0 586.0 166.0 595.0 177.0 
face 1.0 713.0 188.0 724.0 201.0 
face 1.0 930.0 198.0 936.0 205.0 
face 1.0 640.0 163.0 646.0 170.0 
face 1.0 628.0 172.0 635.0 181.0 
face 1.0 810.0 231.0 850.0 290.0 
