face 1.0 812.0 295.0 872.0 359.0 
face 1.0 741.0 266.0 793.0 324.0 
face 1.0 671.0 259.0 730.0 319.0 
face 1.0 568.0 327.0 646.0 403.0 
face 1.0 426.0 306.0 511.0 399.0 
face 1.0 498.0 297.0 563.0 372.0 
face 1.0 505.0 218.0 559.0 275.0 
face 1.0 620.0 359.0 705.0 453.0 
face 1.0 430.0 239.0 484.0 298.0 
face 1.0 754.0 222.0 779.0 251.0 
face 1.0 904.0 588.0 1024.0 741.0 
face 1.0 886.0 436.0 961.0 508.0 
face 1.0 722.0 473.0 818.0 593.0 
face 1.0 959.0 301.0 1024.0 369.0 
face 1.0 901.0 232.0 943.0 282.0 
face 1.0 240.0 373.0 343.0 497.0 
face 1.0 307.0 279.0 391.0 369.0 
face 1.0 358.0 250.0 430.0 322.0 
face 1.0 372.0 125.0 389.0 144.0 
face 1.0 321.0 103.0 341.0 127.0 
face 1.0 193.0 114.0 219.0 142.0 
face 1.0 130.0 87.0 155.0 117.0 
face 1.0 169.0 97.0 187.0 119.0 
face 1.0 219.0 100.0 236.0 121.0 
face 1.0 246.0 84.0 257.0 99.0 
face 1.0 267.0 81.0 279.0 94.0 
face 1.0 303.0 72.0 311.0 83.0 
face 1.0 310.0 66.0 318.0 74.0 
face 1.0 274.0 67.0 285.0 81.0 
face 1.0 213.0 57.0 223.0 68.0 
face 1.0 231.0 54.0 241.0 66.0 
face 1.0 585.0 194.0 628.0 239.0 
face 1.0 729.0 134.0 744.0 150.0 
face 1.0 636.0 179.0 660.0 208.0 
face 1.0 597.0 161.0 621.0 186.0 
face 1.0 614.0 136.0 632.0 155.0 
face 1.0 479.0 151.0 508.0 184.0 
face 1.0 566.0 151.0 585.0 171.0 
face 1.0 509.0 157.0 528.0 179.0 
face 1.0 553.0 123.0 567.0 139.0 
face 1.0 595.0 107.0 604.0 118.0 
face 1.0 551.0 103.0 559.0 113.0 
face 1.0 483.0 113.0 498.0 133.0 
face 1.0 492.0 92.0 500.0 103.0 
face 1.0 508.0 98.0 515.0 107.0 
face 1.0 807.0 99.0 819.0 112.0 
face 1.0 765.0 120.0 778.0 135.0 
face 1.0 781.0 103.0 793.0 116.0 
face 1.0 753.0 101.0 767.0 115.0 
face 1.0 705.0 129.0 717.0 140.0 
face 1.0 708.0 118.0 719.0 130.0 
face 1.0 683.0 89.0 691.0 98.0 
face 1.0 690.0 125.0 700.0 137.0 
face 1.0 994.0 146.0 1013.0 167.0 
face 1.0 882.0 124.0 904.0 140.0 
face 1.0 796.0 128.0 813.0 141.0 
face 1.0 853.0 120.0 864.0 141.0 
face 1.0 661.0 111.0 671.0 122.0 
face 1.0 556.0 77.0 564.0 87.0 
face 1.0 605.0 89.0 613.0 100.0 
face 1.0 621.0 86.0 629.0 96.0 
face 1.0 686.0 96.0 694.0 107.0 
face 1.0 589.0 94.0 597.0 103.0 
face 1.0 627.0 102.0 638.0 111.0 
face 1.0 798.0 159.0 804.0 179.0 
face 1.0 840.0 132.0 856.0 149.0 
face 1.0 0.0 435.0 41.0 613.0 
face 1.0 0.0 380.0 63.0 512.0 
face 1.0 0.0 213.0 69.0 295.0 
face 1.0 103.0 214.0 157.0 261.0 
face 1.0 115.0 30.0 125.0 39.0 
face 1.0 34.0 15.0 43.0 27.0 
face 1.0 8.0 8.0 20.0 22.0 
face 1.0 846.0 503.0 945.0 604.0 
face 1.0 234.0 297.0 314.0 407.0 
