face 1.0 266.0 457.0 297.0 490.0 
face 1.0 295.0 495.0 337.0 535.0 
face 1.0 130.0 418.0 163.0 454.0 
face 1.0 168.0 461.0 204.0 499.0 
face 1.0 209.0 441.0 239.0 476.0 
face 1.0 309.0 439.0 340.0 478.0 
face 1.0 259.0 420.0 290.0 459.0 
face 1.0 69.0 478.0 112.0 524.0 
face 1.0 7.0 485.0 53.0 535.0 
face 1.0 306.0 414.0 333.0 446.0 
face 1.0 343.0 393.0 359.0 412.0 
face 1.0 164.0 426.0 197.0 459.0 
face 1.0 212.0 403.0 235.0 430.0 
face 1.0 243.0 421.0 262.0 443.0 
face 1.0 288.0 427.0 308.0 450.0 
face 1.0 289.0 400.0 310.0 424.0 
face 1.0 89.0 397.0 113.0 422.0 
face 1.0 48.0 429.0 72.0 453.0 
face 1.0 34.0 387.0 56.0 414.0 
face 1.0 114.0 343.0 128.0 358.0 
face 1.0 225.0 385.0 241.0 401.0 
face 1.0 177.0 403.0 196.0 425.0 
face 1.0 148.0 392.0 166.0 412.0 
face 1.0 126.0 376.0 142.0 392.0 
face 1.0 172.0 374.0 186.0 391.0 
face 1.0 295.0 380.0 309.0 395.0 
face 1.0 161.0 349.0 171.0 360.0 
face 1.0 207.0 381.0 222.0 398.0 
face 1.0 183.0 367.0 196.0 381.0 
face 1.0 183.0 352.0 192.0 362.0 
face 1.0 335.0 378.0 349.0 393.0 
face 1.0 281.0 374.0 294.0 390.0 
face 1.0 51.0 408.0 75.0 434.0 
face 1.0 13.0 375.0 25.0 390.0 
face 1.0 156.0 336.0 164.0 348.0 
face 1.0 156.0 606.0 262.0 683.0 
face 1.0 167.0 531.0 243.0 611.0 
face 1.0 198.0 484.0 236.0 524.0 
face 1.0 360.0 378.0 378.0 399.0 
face 1.0 312.0 479.0 355.0 530.0 
face 1.0 385.0 538.0 465.0 620.0 
face 1.0 621.0 507.0 664.0 557.0 
face 1.0 453.0 453.0 497.0 503.0 
face 1.0 434.0 448.0 468.0 486.0 
face 1.0 420.0 427.0 448.0 457.0 
face 1.0 426.0 630.0 518.0 683.0 
face 1.0 668.0 582.0 744.0 667.0 
face 1.0 433.0 508.0 490.0 568.0 
face 1.0 739.0 485.0 801.0 548.0 
face 1.0 669.0 459.0 701.0 495.0 
face 1.0 584.0 458.0 627.0 503.0 
face 1.0 581.0 413.0 611.0 443.0 
face 1.0 572.0 452.0 611.0 493.0 
face 1.0 501.0 343.0 535.0 381.0 
face 1.0 611.0 420.0 633.0 443.0 
face 1.0 655.0 421.0 680.0 451.0 
face 1.0 652.0 399.0 681.0 425.0 
face 1.0 576.0 378.0 597.0 401.0 
face 1.0 434.0 386.0 453.0 407.0 
face 1.0 641.0 382.0 660.0 404.0 
face 1.0 546.0 375.0 560.0 392.0 
face 1.0 440.0 415.0 465.0 439.0 
face 1.0 419.0 390.0 436.0 407.0 
face 1.0 455.0 382.0 475.0 405.0 
face 1.0 473.0 370.0 486.0 387.0 
face 1.0 613.0 360.0 627.0 376.0 
face 1.0 598.0 383.0 613.0 401.0 
face 1.0 556.0 359.0 568.0 373.0 
face 1.0 571.0 360.0 584.0 374.0 
face 1.0 579.0 344.0 589.0 357.0 
face 1.0 666.0 339.0 675.0 349.0 
face 1.0 674.0 383.0 689.0 403.0 
face 1.0 492.0 333.0 505.0 346.0 
face 1.0 494.0 381.0 511.0 398.0 
face 1.0 412.0 380.0 425.0 393.0 
face 1.0 397.0 400.0 411.0 417.0 
face 1.0 383.0 380.0 396.0 396.0 
face 1.0 741.0 445.0 772.0 479.0 
face 1.0 878.0 463.0 917.0 508.0 
face 1.0 824.0 437.0 857.0 478.0 
face 1.0 806.0 413.0 827.0 438.0 
face 1.0 824.0 424.0 849.0 452.0 
face 1.0 930.0 419.0 963.0 458.0 
face 1.0 888.0 392.0 904.0 415.0 
face 1.0 850.0 388.0 870.0 411.0 
face 1.0 872.0 381.0 889.0 399.0 
face 1.0 870.0 396.0 883.0 411.0 
face 1.0 796.0 397.0 820.0 425.0 
face 1.0 760.0 416.0 789.0 448.0 
face 1.0 727.0 400.0 745.0 423.0 
face 1.0 770.0 382.0 791.0 404.0 
face 1.0 692.0 400.0 711.0 421.0 
face 1.0 929.0 400.0 956.0 429.0 
face 1.0 934.0 337.0 953.0 362.0 
face 1.0 754.0 373.0 774.0 393.0 
face 1.0 638.0 336.0 650.0 355.0 
face 1.0 720.0 378.0 741.0 399.0 
face 1.0 741.0 378.0 748.0 386.0 
face 1.0 770.0 363.0 778.0 371.0 
face 1.0 800.0 374.0 810.0 385.0 
face 1.0 898.0 514.0 958.0 578.0 
face 1.0 817.0 594.0 915.0 683.0 
face 1.0 951.0 470.0 995.0 517.0 
face 1.0 1010.0 444.0 1024.0 490.0 
face 1.0 950.0 422.0 980.0 453.0 
face 1.0 980.0 408.0 1004.0 434.0 
face 1.0 1011.0 365.0 1024.0 382.0 
face 1.0 999.0 387.0 1017.0 407.0 
face 1.0 989.0 379.0 1005.0 396.0 
face 1.0 988.0 334.0 1003.0 351.0 
face 1.0 969.0 339.0 981.0 352.0 
face 1.0 897.0 338.0 907.0 351.0 
face 1.0 889.0 341.0 899.0 354.0 
face 1.0 867.0 370.0 876.0 381.0 
face 1.0 879.0 374.0 890.0 385.0 
face 1.0 451.0 335.0 461.0 346.0 
face 1.0 441.0 329.0 451.0 340.0 
face 1.0 479.0 362.0 488.0 372.0 
face 1.0 409.0 326.0 418.0 336.0 
face 1.0 425.0 413.0 444.0 432.0 
face 1.0 1013.0 302.0 1024.0 316.0 
face 1.0 997.0 299.0 1008.0 311.0 
face 1.0 990.0 294.0 998.0 305.0 
face 1.0 981.0 291.0 991.0 303.0 
face 1.0 968.0 298.0 977.0 309.0 
face 1.0 930.0 299.0 939.0 309.0 
face 1.0 918.0 321.0 927.0 332.0 
face 1.0 903.0 313.0 913.0 325.0 
face 1.0 902.0 298.0 911.0 309.0 
face 1.0 855.0 306.0 865.0 319.0 
face 1.0 919.0 305.0 927.0 315.0 
face 1.0 941.0 298.0 950.0 308.0 
face 1.0 959.0 301.0 967.0 310.0 
face 1.0 728.0 341.0 737.0 351.0 
face 1.0 685.0 328.0 694.0 337.0 
face 1.0 540.0 259.0 546.0 267.0 
face 1.0 319.0 328.0 324.0 335.0 
face 1.0 309.0 376.0 322.0 391.0 
face 1.0 451.0 357.0 461.0 369.0 
face 1.0 489.0 359.0 499.0 371.0 
face 1.0 96.0 360.0 102.0 370.0 
face 1.0 252.0 384.0 266.0 400.0 
face 1.0 239.0 401.0 254.0 421.0 
face 1.0 259.0 374.0 271.0 386.0 
face 1.0 403.0 381.0 416.0 396.0 
face 1.0 468.0 308.0 477.0 321.0 
face 1.0 335.0 361.0 346.0 372.0 
face 1.0 302.0 358.0 313.0 369.0 
face 1.0 318.0 363.0 327.0 374.0 
face 1.0 255.0 356.0 265.0 366.0 
face 1.0 210.0 365.0 220.0 377.0 
face 1.0 196.0 379.0 211.0 395.0 
face 1.0 321.0 344.0 326.0 352.0 
face 1.0 348.0 333.0 355.0 341.0 
face 1.0 324.0 361.0 335.0 372.0 
face 1.0 288.0 357.0 297.0 367.0 
face 1.0 274.0 363.0 283.0 372.0 
face 1.0 230.0 361.0 241.0 373.0 
face 1.0 305.0 339.0 312.0 349.0 
face 1.0 268.0 347.0 275.0 355.0 
face 1.0 345.0 352.0 352.0 359.0 
face 1.0 245.0 361.0 255.0 372.0 
face 1.0 391.0 328.0 400.0 340.0 
face 1.0 371.0 324.0 380.0 335.0 
face 1.0 361.0 360.0 370.0 370.0 
face 1.0 540.0 372.0 553.0 387.0 
face 1.0 527.0 381.0 538.0 393.0 
face 1.0 463.0 366.0 473.0 378.0 
face 1.0 621.0 346.0 630.0 358.0 
face 1.0 607.0 301.0 614.0 310.0 
face 1.0 593.0 366.0 606.0 379.0 
face 1.0 627.0 380.0 637.0 396.0 
face 1.0 830.0 372.0 844.0 387.0 
face 1.0 1002.0 440.0 1024.0 471.0 
face 1.0 155.0 372.0 166.0 386.0 
face 1.0 45.0 365.0 52.0 374.0 
face 1.0 36.0 330.0 45.0 339.0 
face 1.0 714.0 438.0 743.0 469.0 
face 1.0 611.0 381.0 625.0 398.0 
face 1.0 567.0 381.0 583.0 400.0 
face 1.0 119.0 390.0 129.0 402.0 
face 1.0 120.0 409.0 130.0 423.0 
face 1.0 491.0 586.0 546.0 643.0 
