face 1.0 63.0 207.0 87.0 237.0 
face 1.0 137.0 223.0 157.0 255.0 
face 1.0 115.0 218.0 136.0 239.0 
face 1.0 161.0 202.0 189.0 236.0 
face 1.0 199.0 189.0 223.0 221.0 
face 1.0 231.0 218.0 256.0 244.0 
face 1.0 307.0 201.0 331.0 235.0 
face 1.0 392.0 198.0 415.0 221.0 
face 1.0 422.0 191.0 442.0 223.0 
face 1.0 346.0 211.0 367.0 241.0 
face 1.0 365.0 228.0 391.0 268.0 
face 1.0 465.0 190.0 484.0 215.0 
face 1.0 488.0 199.0 512.0 235.0 
face 1.0 497.0 225.0 533.0 266.0 
face 1.0 552.0 185.0 572.0 211.0 
face 1.0 543.0 183.0 560.0 205.0 
face 1.0 579.0 210.0 605.0 248.0 
face 1.0 651.0 204.0 673.0 231.0 
face 1.0 708.0 187.0 731.0 218.0 
face 1.0 726.0 192.0 752.0 218.0 
face 1.0 757.0 207.0 784.0 246.0 
face 1.0 661.0 216.0 701.0 277.0 
face 1.0 793.0 240.0 842.0 304.0 
face 1.0 848.0 189.0 873.0 219.0 
face 1.0 884.0 213.0 913.0 251.0 
face 1.0 942.0 184.0 970.0 224.0 
face 1.0 957.0 214.0 985.0 257.0 
face 1.0 1010.0 205.0 1024.0 246.0 
face 1.0 138.0 202.0 158.0 230.0 
