face 1.0 586.0 211.0 602.0 231.0 
face 1.0 442.0 206.0 456.0 226.0 
face 1.0 48.0 286.0 62.0 305.0 
face 1.0 20.0 310.0 31.0 325.0 
face 1.0 927.0 361.0 940.0 382.0 
face 1.0 958.0 431.0 975.0 460.0 
face 1.0 195.0 375.0 209.0 399.0 
face 1.0 121.0 370.0 135.0 393.0 
face 1.0 82.0 433.0 94.0 460.0 
face 1.0 166.0 428.0 179.0 454.0 
face 1.0 82.0 481.0 101.0 514.0 
face 1.0 799.0 444.0 812.0 470.0 
face 1.0 812.0 374.0 826.0 402.0 
face 1.0 920.0 231.0 932.0 248.0 
face 1.0 957.0 221.0 970.0 240.0 
