face 1.0 378.0 245.0 390.0 262.0 
face 1.0 291.0 210.0 306.0 228.0 
face 1.0 312.0 215.0 324.0 231.0 
face 1.0 334.0 213.0 344.0 227.0 
face 1.0 401.0 187.0 413.0 202.0 
face 1.0 216.0 397.0 258.0 432.0 
face 1.0 200.0 287.0 216.0 308.0 
face 1.0 268.0 308.0 291.0 343.0 
face 1.0 303.0 284.0 320.0 310.0 
face 1.0 368.0 310.0 385.0 345.0 
face 1.0 498.0 305.0 513.0 330.0 
face 1.0 687.0 215.0 701.0 236.0 
face 1.0 623.0 216.0 637.0 235.0 
face 1.0 853.0 143.0 865.0 158.0 
face 1.0 602.0 196.0 615.0 214.0 
face 1.0 957.0 187.0 985.0 225.0 
face 1.0 957.0 223.0 984.0 254.0 
face 1.0 190.0 191.0 207.0 213.0 
face 1.0 374.0 214.0 386.0 229.0 
face 1.0 355.0 420.0 393.0 481.0 
