face 1.0 930.0 203.0 967.0 259.0 
face 1.0 390.0 312.0 409.0 339.0 
face 1.0 317.0 317.0 339.0 342.0 
face 1.0 261.0 306.0 280.0 328.0 
face 1.0 326.0 232.0 342.0 254.0 
face 1.0 107.0 221.0 139.0 258.0 
face 1.0 182.0 259.0 198.0 278.0 
face 1.0 117.0 382.0 143.0 426.0 
face 1.0 205.0 339.0 223.0 369.0 
face 1.0 254.0 331.0 268.0 360.0 
face 1.0 420.0 342.0 440.0 374.0 
face 1.0 802.0 427.0 829.0 485.0 
face 1.0 673.0 260.0 688.0 281.0 
face 1.0 615.0 287.0 630.0 310.0 
face 1.0 567.0 285.0 580.0 305.0 
face 1.0 512.0 291.0 525.0 308.0 
face 1.0 830.0 302.0 850.0 326.0 
face 1.0 469.0 342.0 489.0 377.0 
face 1.0 52.0 245.0 60.0 257.0 
face 1.0 18.0 246.0 24.0 258.0 
face 1.0 201.0 312.0 220.0 336.0 
