face 1.0 12.0 170.0 31.0 191.0 
face 1.0 108.0 186.0 125.0 204.0 
face 1.0 49.0 226.0 70.0 250.0 
face 1.0 187.0 178.0 204.0 201.0 
face 1.0 247.0 168.0 262.0 187.0 
face 1.0 206.0 173.0 220.0 189.0 
face 1.0 299.0 176.0 313.0 196.0 
face 1.0 334.0 180.0 345.0 195.0 
face 1.0 353.0 169.0 367.0 186.0 
face 1.0 372.0 177.0 385.0 194.0 
face 1.0 406.0 162.0 422.0 184.0 
face 1.0 423.0 164.0 438.0 187.0 
face 1.0 463.0 178.0 482.0 201.0 
face 1.0 460.0 156.0 477.0 178.0 
face 1.0 369.0 236.0 388.0 258.0 
face 1.0 263.0 219.0 281.0 245.0 
face 1.0 220.0 228.0 259.0 285.0 
face 1.0 316.0 213.0 342.0 284.0 
face 1.0 713.0 162.0 745.0 198.0 
face 1.0 751.0 116.0 776.0 154.0 
face 1.0 665.0 174.0 690.0 210.0 
face 1.0 693.0 159.0 713.0 190.0 
face 1.0 591.0 127.0 617.0 163.0 
face 1.0 528.0 168.0 549.0 195.0 
face 1.0 513.0 168.0 527.0 191.0 
face 1.0 970.0 168.0 1024.0 217.0 
face 1.0 898.0 171.0 933.0 214.0 
face 1.0 116.0 179.0 128.0 195.0 
face 1.0 331.0 221.0 342.0 237.0 
