face 1.0 199 220 219 240 
face 1.0 366 290 387 311 
face 1.0 111 299 134 322 
face 1.0 313 303 335 325 
face 1.0 402 308 423 329 
face 1.0 647 316 669 338 
face 1.0 803 320 825 342 
face 1.0 89 323 113 347 
face 1.0 347 342 370 365 
face 1.0 449 340 473 364 
face 1.0 534 347 557 370 
face 1.0 491 367 514 390 
face 1.0 246 368 269 391 
face 1.0 193 372 216 395 
face 1.0 305 371 329 395 
face 1.0 844 372 867 395 
face 1.0 426 372 449 395 
face 1.0 552 377 575 400 
face 1.0 662 378 684 400 
face 1.0 151 378 173 400 
face 1.0 610 382 632 404 
face 1.0 724 382 748 406 
