face 1.0 402 224 431 253 
face 1.0 530 223 560 253 
face 1.0 208 232 240 264 
face 1.0 658 234 694 270 
face 1.0 470 233 499 262 
face 1.0 596 240 624 268 
face 1.0 802 238 838 274 
face 1.0 278 230 308 260 
face 1.0 350 237 380 267 
face 1.0 533 301 563 331 
face 1.0 462 305 492 335 
face 1.0 388 308 418 338 
face 1.0 224 315 253 344 
face 1.0 308 314 338 344 
face 1.0 782 314 812 344 
face 1.0 599 324 628 353 
face 1.0 667 316 702 351 
face 1.0 627 376 663 412 
face 1.0 276 387 312 423 
face 1.0 435 372 477 414 
face 1.0 367 383 400 416 
face 1.0 522 384 558 420 
face 1.0 709 388 747 426 
