face 1.0 408 84 454 130 
face 1.0 4 128 36 160 
face 1.0 542 80 591 129 
face 1.0 244 142 281 179 
face 1.0 338 118 377 157 
face 1.0 645 145 685 185 
face 1.0 761 152 791 182 
face 1.0 853 152 893 192 
face 1.0 964 151 1008 195 
face 1.0 489 122 534 167 
face 1.0 902 179 931 208 
face 1.0 943 207 988 252 
face 1.0 18 198 67 247 
face 1.0 235 190 283 238 
face 1.0 656 211 704 259 
face 1.0 121 228 171 278 
face 1.0 172 282 224 334 
face 1.0 786 284 835 333 
face 1.0 286 285 339 338 
face 1.0 692 289 742 339 
face 1.0 882 320 933 371 
