face 1.0 248 406 269 427 
face 1.0 152 412 174 434 
face 1.0 266 414 288 436 
face 1.0 731 416 752 437 
face 1.0 500 434 521 455 
face 1.0 356 455 379 478 
face 1.0 651 458 674 481 
face 1.0 946 475 972 501 
face 1.0 534 466 557 489 
face 1.0 421 488 444 511 
face 1.0 159 513 181 535 
face 1.0 221 517 243 539 
face 1.0 401 526 423 548 
face 1.0 358 535 381 558 
face 1.0 866 542 890 566 
face 1.0 714 544 738 568 
face 1.0 231 549 253 571 
face 1.0 605 554 629 578 
face 1.0 744 575 770 601 
face 1.0 879 578 904 603 
face 1.0 510 565 533 588 
face 1.0 930 578 953 601 
face 1.0 48 595 76 623 
face 1.0 390 595 413 618 
face 1.0 995 596 1017 618 
face 1.0 299 604 323 628 
face 1.0 210 608 233 631 
face 1.0 120 619 143 642 
face 1.0 601 661 625 685 
face 1.0 687 662 713 688 
