face 1.0 353 76 379 102 
face 1.0 121 6 143 28 
face 1.0 158 6 181 29 
face 1.0 302 11 324 33 
face 1.0 754 29 777 52 
face 1.0 269 95 302 128 
face 1.0 767 115 794 142 
face 1.0 613 76 639 102 
face 1.0 834 74 868 108 
face 1.0 725 86 754 115 
face 1.0 422 53 445 76 
face 1.0 967 90 1001 124 
face 1.0 183 14 209 40 
face 1.0 872 98 908 134 
face 1.0 615 112 652 149 
face 1.0 475 39 504 68 
face 1.0 991 78 1022 109 
face 1.0 494 95 531 132 
face 1.0 139 98 180 139 
face 1.0 576 62 601 87 
face 1.0 862 134 890 162 
face 1.0 48 53 76 81 
face 1.0 808 144 835 171 
face 1.0 912 150 946 184 
face 1.0 252 166 280 194 
face 1.0 336 164 370 198 
face 1.0 814 182 843 211 
face 1.0 977 150 1014 187 
face 1.0 767 187 803 223 
face 1.0 381 190 416 225 
face 1.0 308 204 349 245 
face 1.0 905 227 950 272 
face 1.0 759 236 782 259 
face 1.0 98 243 125 270 
face 1.0 256 262 293 299 
face 1.0 518 255 559 296 
face 1.0 757 274 794 311 
face 1.0 52 304 91 343 
face 1.0 562 302 603 343 
face 1.0 922 289 961 328 
face 1.0 164 289 209 334 
face 1.0 278 293 321 336 
face 1.0 225 309 266 350 
face 1.0 388 346 433 391 
face 1.0 22 319 64 361 
face 1.0 694 335 739 380 
face 1.0 752 333 794 375 
face 1.0 457 326 502 371 
face 1.0 272 365 321 414 
face 1.0 366 384 404 422 
face 1.0 164 383 210 429 
face 1.0 517 418 555 456 
face 1.0 247 398 298 449 
face 1.0 105 421 157 473 
face 1.0 669 434 715 480 
face 1.0 287 469 330 512 
face 1.0 244 463 298 517 
face 1.0 762 493 810 541 
face 1.0 925 500 966 541 
face 1.0 690 481 748 539 
face 1.0 146 505 194 553 
