face 1.0 912 119 935 142 
face 1.0 326 131 348 153 
face 1.0 710 130 736 156 
face 1.0 665 149 691 175 
face 1.0 540 160 566 186 
face 1.0 819 151 852 184 
face 1.0 354 168 379 193 
face 1.0 712 165 743 196 
face 1.0 886 161 928 203 
face 1.0 571 177 606 212 
face 1.0 368 182 403 217 
face 1.0 616 191 658 233 
face 1.0 120 212 147 239 
face 1.0 404 203 437 236 
face 1.0 786 184 832 230 
face 1.0 408 239 456 287 
face 1.0 885 244 941 300 
face 1.0 672 255 726 309 
face 1.0 429 297 491 359 
face 1.0 739 319 813 393 
