face 1.0 464 65 492 93 
face 1.0 537 67 561 91 
face 1.0 740 67 767 94 
face 1.0 316 74 341 99 
face 1.0 686 75 711 100 
face 1.0 805 78 830 103 
face 1.0 250 78 274 102 
face 1.0 641 80 663 102 
face 1.0 208 51 233 76 
face 1.0 705 54 730 79 
face 1.0 343 55 369 81 
face 1.0 433 83 460 110 
face 1.0 411 57 435 81 
face 1.0 578 59 602 83 
face 1.0 495 88 522 115 
face 1.0 511 60 535 84 
face 1.0 715 89 740 114 
face 1.0 621 90 646 115 
face 1.0 661 90 687 116 
face 1.0 744 92 770 118 
face 1.0 230 98 253 121 
face 1.0 292 102 318 128 
face 1.0 580 100 607 127 
face 1.0 280 62 306 88 
face 1.0 387 69 411 93 
face 1.0 164 92 191 119 
face 1.0 829 98 858 127 
face 1.0 763 118 790 145 
face 1.0 689 120 718 149 
face 1.0 715 120 745 150 
face 1.0 844 130 875 161 
face 1.0 817 141 846 170 
face 1.0 875 133 902 160 
face 1.0 900 138 929 167 
face 1.0 887 166 917 196 
face 1.0 926 148 966 188 
face 1.0 845 190 876 221 
face 1.0 176 213 203 240 
face 1.0 231 222 259 250 
face 1.0 492 225 519 252 
face 1.0 274 228 299 253 
face 1.0 326 228 352 254 
face 1.0 439 228 465 254 
face 1.0 381 228 407 254 
face 1.0 553 228 580 255 
face 1.0 611 230 636 255 
face 1.0 650 230 677 257 
face 1.0 223 279 254 310 
face 1.0 58 283 87 312 
face 1.0 104 281 139 316 
face 1.0 167 283 200 316 
face 1.0 341 290 370 319 
face 1.0 286 292 315 321 
face 1.0 465 296 494 325 
face 1.0 516 296 543 323 
face 1.0 582 300 615 333 
face 1.0 641 300 674 333 
face 1.0 707 304 736 333 
face 1.0 778 301 810 333 
face 1.0 401 308 433 340 
