face 1.0 800 117 836 153 
face 1.0 403 102 443 142 
face 1.0 127 110 170 153 
face 1.0 591 113 630 152 
face 1.0 279 114 324 159 
face 1.0 520 96 562 138 
face 1.0 634 113 679 158 
face 1.0 699 119 738 158 
face 1.0 465 120 507 162 
face 1.0 346 126 384 164 
face 1.0 220 127 260 167 
face 1.0 926 132 967 173 
face 1.0 833 168 871 206 
face 1.0 68 140 114 186 
face 1.0 645 217 691 263 
face 1.0 417 224 462 269 
face 1.0 536 222 582 268 
face 1.0 867 280 912 325 
face 1.0 301 302 343 344 
face 1.0 764 282 810 328 
face 1.0 177 289 230 342 
