face 1.0 848 227 894 273 
face 1.0 213 207 259 253 
face 1.0 564 223 612 271 
face 1.0 299 239 341 281 
face 1.0 145 261 189 305 
face 1.0 105 245 149 289 
face 1.0 889 210 933 254 
face 1.0 754 209 798 253 
face 1.0 619 218 666 265 
face 1.0 694 190 738 234 
face 1.0 483 192 527 236 
face 1.0 800 221 842 263 
face 1.0 361 204 409 252 
face 1.0 439 216 485 262 
face 1.0 906 321 950 365 
face 1.0 452 324 500 372 
face 1.0 240 349 289 398 
face 1.0 578 362 630 414 
face 1.0 700 384 746 430 
face 1.0 151 345 203 397 
face 1.0 332 355 387 410 
face 1.0 804 392 853 441 
