face 1.0 93 86 118 111 
face 1.0 849 22 873 46 
face 1.0 427 117 449 139 
face 1.0 654 116 678 140 
face 1.0 365 118 389 142 
face 1.0 325 62 346 83 
face 1.0 772 129 794 151 
face 1.0 720 132 742 154 
face 1.0 364 0 389 25 
face 1.0 455 1 480 26 
face 1.0 31 90 55 114 
face 1.0 819 92 847 120 
face 1.0 484 114 508 138 
face 1.0 943 113 969 139 
face 1.0 880 117 905 142 
face 1.0 11 160 35 184 
face 1.0 358 153 380 175 
face 1.0 412 167 434 189 
face 1.0 107 185 131 209 
face 1.0 690 187 714 211 
face 1.0 986 194 1009 217 
face 1.0 300 155 324 179 
face 1.0 515 186 539 210 
face 1.0 635 190 659 214 
face 1.0 51 192 77 218 
face 1.0 568 221 591 244 
face 1.0 989 244 1015 270 
face 1.0 134 280 161 307 
face 1.0 546 321 569 344 
face 1.0 889 320 913 344 
face 1.0 356 319 384 347 
face 1.0 596 349 620 373 
face 1.0 593 315 619 341 
face 1.0 34 353 58 377 
face 1.0 40 394 64 418 
face 1.0 282 388 304 410 
face 1.0 575 392 601 418 
face 1.0 939 376 965 402 
face 1.0 760 379 786 405 
face 1.0 559 422 585 448 
face 1.0 762 421 789 448 
face 1.0 320 427 343 450 
face 1.0 944 424 971 451 
face 1.0 810 456 836 482 
face 1.0 870 462 896 488 
face 1.0 540 489 565 514 
face 1.0 432 492 458 518 
face 1.0 975 526 999 550 
face 1.0 902 560 929 587 
face 1.0 531 528 556 553 
face 1.0 458 531 485 558 
face 1.0 18 562 45 589 
face 1.0 781 564 806 589 
face 1.0 144 599 171 626 
face 1.0 74 602 99 627 
face 1.0 201 603 226 628 
face 1.0 828 604 856 632 
face 1.0 217 570 242 595 
face 1.0 581 608 605 632 
face 1.0 248 632 272 656 
face 1.0 894 635 920 661 
face 1.0 376 657 404 685 
face 1.0 805 664 830 689 
face 1.0 171 667 195 691 
face 1.0 753 666 779 692 
