face 1.0 336 155 370 189 
face 1.0 550 135 587 172 
face 1.0 468 123 508 163 
face 1.0 712 146 750 184 
face 1.0 632 151 672 191 
face 1.0 375 124 413 162 
face 1.0 440 148 481 189 
face 1.0 294 179 335 220 
face 1.0 238 179 275 216 
face 1.0 393 181 433 221 
face 1.0 561 183 599 221 
face 1.0 728 185 769 226 
face 1.0 645 203 685 243 
face 1.0 601 219 643 261 
face 1.0 833 194 870 231 
face 1.0 484 202 517 235 
face 1.0 690 217 732 259 
face 1.0 322 219 363 260 
face 1.0 421 224 462 265 
face 1.0 508 223 548 263 
face 1.0 384 239 430 285 
face 1.0 643 276 683 316 
face 1.0 806 259 844 297 
face 1.0 728 266 771 309 
face 1.0 477 274 516 313 
face 1.0 297 255 342 300 
face 1.0 178 257 224 303 
face 1.0 235 274 280 319 
face 1.0 544 281 586 323 
face 1.0 586 280 637 331 
face 1.0 384 305 427 348 
