face 1.0 199 260 225 286 
face 1.0 291 264 316 289 
face 1.0 382 272 407 297 
face 1.0 559 281 586 308 
face 1.0 632 264 662 294 
face 1.0 467 282 493 308 
face 1.0 420 282 453 315 
face 1.0 513 283 550 320 
face 1.0 606 292 638 324 
face 1.0 348 295 375 322 
face 1.0 213 299 244 330 
face 1.0 284 308 311 335 
face 1.0 564 324 593 353 
face 1.0 648 322 680 354 
face 1.0 434 333 462 361 
face 1.0 517 339 544 366 
face 1.0 202 342 230 370 
face 1.0 392 343 422 373 
face 1.0 690 351 724 385 
face 1.0 457 355 487 385 
face 1.0 625 357 654 386 
face 1.0 322 364 357 399 
face 1.0 257 366 293 402 
face 1.0 544 370 574 400 
