face 1.0 303 196 352 245 
face 1.0 608 194 658 244 
face 1.0 849 205 898 254 
face 1.0 211 217 259 265 
face 1.0 513 258 558 303 
face 1.0 401 238 446 283 
face 1.0 761 267 804 310 
face 1.0 353 280 399 326 
face 1.0 563 308 601 346 
face 1.0 628 327 675 374 
face 1.0 729 341 774 386 
face 1.0 133 323 183 373 
face 1.0 237 354 284 401 
face 1.0 401 367 459 425 
face 1.0 169 382 209 422 
face 1.0 517 393 556 432 
face 1.0 73 417 115 459 
face 1.0 802 429 843 470 
face 1.0 855 439 897 481 
face 1.0 627 441 681 495 
