face 1.0 811 43 859 91 
face 1.0 550 235 572 257 
face 1.0 533 253 555 275 
face 1.0 473 260 495 282 
face 1.0 790 257 826 293 
face 1.0 745 265 788 308 
face 1.0 496 270 518 292 
face 1.0 309 277 331 299 
face 1.0 501 315 527 341 
face 1.0 318 322 339 343 
face 1.0 368 320 391 343 
face 1.0 531 332 559 360 
face 1.0 320 350 342 372 
face 1.0 445 328 470 353 
face 1.0 476 331 502 357 
face 1.0 155 340 183 368 
face 1.0 118 345 145 372 
face 1.0 599 302 630 333 
face 1.0 428 348 453 373 
face 1.0 642 308 676 342 
face 1.0 185 341 212 368 
face 1.0 366 358 396 388 
face 1.0 332 382 358 408 
face 1.0 881 395 905 419 
face 1.0 925 409 950 434 
face 1.0 255 410 284 439 
face 1.0 491 378 528 415 
face 1.0 111 424 147 460 
face 1.0 176 407 211 442 
face 1.0 574 408 611 445 
face 1.0 800 385 851 436 
face 1.0 686 409 729 452 
face 1.0 882 419 906 443 
face 1.0 949 452 973 476 
