face 1.0 573 113 601 141 
face 1.0 720 142 747 169 
face 1.0 253 146 280 173 
face 1.0 156 140 200 184 
face 1.0 397 147 430 180 
face 1.0 446 163 473 190 
face 1.0 581 155 611 185 
face 1.0 672 155 699 182 
face 1.0 759 155 788 184 
face 1.0 323 155 357 189 
face 1.0 491 163 522 194 
face 1.0 106 171 145 210 
face 1.0 715 174 746 205 
face 1.0 360 156 395 191 
face 1.0 64 153 109 198 
face 1.0 186 174 226 214 
face 1.0 11 179 50 218 
face 1.0 597 186 628 217 
face 1.0 456 188 490 222 
face 1.0 512 193 542 223 
face 1.0 670 194 701 225 
face 1.0 267 194 303 230 
face 1.0 362 193 398 229 
face 1.0 554 195 589 230 
face 1.0 896 193 932 229 
face 1.0 142 188 180 226 
face 1.0 220 203 257 240 
face 1.0 818 196 858 236 
face 1.0 692 218 726 252 
face 1.0 747 223 785 261 
face 1.0 295 270 329 304 
face 1.0 463 308 501 346 
face 1.0 336 313 367 344 
face 1.0 854 325 897 368 
face 1.0 523 343 561 381 
face 1.0 966 342 1006 382 
face 1.0 710 351 748 389 
face 1.0 195 357 238 400 
face 1.0 596 361 631 396 
face 1.0 41 309 118 386 
face 1.0 391 367 428 404 
face 1.0 652 370 684 402 
face 1.0 303 380 341 418 
face 1.0 442 391 481 430 
