face 1.0 764 202 792 230 
face 1.0 634 226 660 252 
face 1.0 678 238 705 265 
face 1.0 892 241 919 268 
face 1.0 557 204 586 233 
face 1.0 497 211 525 239 
face 1.0 153 214 181 242 
face 1.0 793 232 824 263 
face 1.0 85 244 118 277 
face 1.0 706 247 734 275 
face 1.0 932 261 963 292 
face 1.0 156 263 196 303 
face 1.0 351 226 388 263 
face 1.0 612 284 651 323 
face 1.0 604 323 636 355 
face 1.0 676 323 710 357 
face 1.0 756 374 787 405 
face 1.0 656 385 693 422 
face 1.0 873 387 909 423 
face 1.0 967 388 1008 429 
face 1.0 479 362 526 409 
face 1.0 539 333 583 377 
face 1.0 347 422 386 461 
face 1.0 20 438 56 474 
face 1.0 238 399 281 442 
face 1.0 127 416 175 464 
