face 1.0 581 183 606 208 
face 1.0 525 186 551 212 
face 1.0 791 187 822 218 
face 1.0 475 152 504 181 
face 1.0 965 165 1000 200 
face 1.0 602 211 631 240 
face 1.0 440 172 472 204 
face 1.0 676 176 704 204 
face 1.0 397 193 436 232 
face 1.0 903 148 946 191 
face 1.0 741 154 773 186 
face 1.0 838 166 871 199 
face 1.0 288 170 322 204 
face 1.0 210 200 247 237 
face 1.0 553 207 585 239 
face 1.0 344 178 380 214 
face 1.0 173 176 216 219 
face 1.0 509 286 544 321 
face 1.0 577 274 619 316 
face 1.0 780 316 811 347 
face 1.0 724 342 752 370 
face 1.0 860 341 890 371 
face 1.0 664 373 702 411 
