face 1.0 804 183 826 205 
face 1.0 89 185 111 207 
face 1.0 186 186 208 208 
face 1.0 496 188 517 209 
face 1.0 131 192 153 214 
face 1.0 204 204 226 226 
face 1.0 302 204 325 227 
face 1.0 508 210 531 233 
face 1.0 714 213 736 235 
face 1.0 148 217 170 239 
face 1.0 455 218 477 240 
face 1.0 404 220 427 243 
face 1.0 561 221 583 243 
face 1.0 401 260 433 292 
face 1.0 314 282 341 309 
face 1.0 656 306 682 332 
face 1.0 512 288 540 316 
face 1.0 167 355 194 382 
face 1.0 634 363 659 388 
face 1.0 297 368 333 404 
face 1.0 467 377 497 407 
