face 1.0 228 44 259 75 
face 1.0 746 65 776 95 
face 1.0 430 40 466 76 
face 1.0 485 23 522 60 
face 1.0 366 43 403 80 
face 1.0 620 50 662 92 
face 1.0 554 37 593 76 
face 1.0 880 66 916 102 
face 1.0 408 73 450 115 
face 1.0 648 78 691 121 
face 1.0 297 54 333 90 
face 1.0 152 48 190 86 
face 1.0 570 77 613 120 
face 1.0 327 88 370 131 
face 1.0 486 69 531 114 
face 1.0 795 91 838 134 
face 1.0 185 93 232 140 
face 1.0 718 98 763 143 
face 1.0 92 101 137 146 
face 1.0 264 104 306 146 
face 1.0 877 112 920 155 
face 1.0 132 172 179 219 
face 1.0 22 178 75 231 
face 1.0 536 179 589 232 
face 1.0 422 186 472 236 
face 1.0 236 192 284 240 
face 1.0 863 197 912 246 
face 1.0 752 200 800 248 
face 1.0 948 202 996 250 
face 1.0 642 205 686 249 
face 1.0 329 200 381 252 
