face 1.0 638 67 660 89 
face 1.0 546 193 583 230 
face 1.0 461 198 501 238 
face 1.0 615 180 647 212 
face 1.0 694 194 736 236 
face 1.0 406 204 443 241 
face 1.0 299 201 342 244 
face 1.0 751 198 797 244 
face 1.0 831 191 879 239 
face 1.0 584 206 626 248 
face 1.0 344 216 381 253 
face 1.0 227 176 272 221 
face 1.0 431 238 474 281 
face 1.0 640 216 677 253 
face 1.0 161 202 206 247 
face 1.0 505 204 552 251 
face 1.0 79 213 129 263 
face 1.0 542 296 588 342 
face 1.0 630 313 673 356 
face 1.0 382 315 427 360 
face 1.0 296 325 339 368 
face 1.0 465 375 511 421 
face 1.0 712 372 759 419 
face 1.0 183 379 235 431 
