face 1.0 611 111 647 147 
face 1.0 723 131 759 167 
face 1.0 786 103 826 143 
face 1.0 281 110 321 150 
face 1.0 378 114 417 153 
face 1.0 841 114 880 153 
face 1.0 416 97 450 131 
face 1.0 186 100 228 142 
face 1.0 475 117 520 162 
face 1.0 660 122 698 160 
face 1.0 577 133 615 171 
face 1.0 516 109 559 152 
face 1.0 355 154 396 195 
face 1.0 424 152 469 197 
face 1.0 760 155 797 192 
face 1.0 634 177 671 214 
face 1.0 288 166 328 206 
face 1.0 530 165 569 204 
face 1.0 864 169 904 209 
face 1.0 154 186 190 222 
face 1.0 730 218 772 260 
face 1.0 74 229 119 274 
face 1.0 626 228 670 272 
face 1.0 886 226 933 273 
face 1.0 195 242 218 265 
face 1.0 529 234 573 278 
face 1.0 237 233 279 275 
face 1.0 793 240 837 284 
face 1.0 151 243 193 285 
face 1.0 327 241 371 285 
face 1.0 422 247 465 290 
