face 1.0 383 230 407 254 
face 1.0 732 229 756 253 
face 1.0 280 230 305 255 
face 1.0 666 232 691 257 
face 1.0 68 233 96 261 
face 1.0 134 236 156 258 
face 1.0 611 233 636 258 
face 1.0 584 237 611 264 
face 1.0 796 239 823 266 
face 1.0 356 244 379 267 
face 1.0 766 244 790 268 
face 1.0 822 248 845 271 
face 1.0 840 248 865 273 
face 1.0 388 259 410 281 
face 1.0 651 260 674 283 
face 1.0 328 260 352 284 
face 1.0 556 239 583 266 
face 1.0 264 249 288 273 
face 1.0 457 250 484 277 
face 1.0 94 260 117 283 
face 1.0 429 246 458 275 
face 1.0 231 256 261 286 
face 1.0 351 263 377 289 
face 1.0 475 267 503 295 
face 1.0 884 266 912 294 
face 1.0 305 265 330 290 
face 1.0 669 272 693 296 
face 1.0 732 285 757 310 
face 1.0 438 330 465 357 
face 1.0 62 319 93 350 
face 1.0 516 347 543 374 
face 1.0 355 338 387 370 
face 1.0 133 330 168 365 
face 1.0 295 350 321 376 
face 1.0 571 356 598 383 
face 1.0 668 356 695 383 
face 1.0 236 347 265 376 
face 1.0 510 403 556 449 
