face 1.0 874 321 906 353 
face 1.0 736 334 764 362 
face 1.0 621 342 648 369 
face 1.0 933 346 959 372 
face 1.0 772 333 802 363 
face 1.0 655 338 687 370 
face 1.0 823 335 861 373 
face 1.0 308 349 336 377 
face 1.0 263 357 291 385 
face 1.0 797 364 828 395 
face 1.0 559 366 585 392 
face 1.0 174 371 205 402 
face 1.0 115 349 142 376 
face 1.0 493 361 523 391 
face 1.0 411 366 438 393 
face 1.0 220 444 254 478 
face 1.0 587 479 615 507 
face 1.0 652 476 684 508 
face 1.0 444 495 482 533 
face 1.0 291 474 333 516 
