face 1.0 721 301 755 335 
face 1.0 286 316 331 361 
face 1.0 820 325 857 362 
face 1.0 561 333 592 364 
face 1.0 179 311 221 353 
face 1.0 635 321 674 360 
face 1.0 514 330 545 361 
face 1.0 50 310 95 355 
face 1.0 918 348 961 391 
face 1.0 367 360 406 399 
face 1.0 760 361 796 397 
face 1.0 151 365 198 412 
face 1.0 864 372 905 413 
face 1.0 249 381 295 427 
face 1.0 487 399 530 442 
face 1.0 5 366 53 414 
face 1.0 852 422 897 467 
face 1.0 359 407 408 456 
face 1.0 36 418 81 463 
face 1.0 960 420 1004 464 
face 1.0 700 423 744 467 
face 1.0 542 430 587 475 
face 1.0 626 436 667 477 
face 1.0 192 434 244 486 
face 1.0 460 458 501 499 
face 1.0 760 466 811 517 
face 1.0 322 482 369 529 
face 1.0 799 462 839 502 
face 1.0 638 473 695 530 
face 1.0 65 457 118 510 
face 1.0 936 483 983 530 
face 1.0 511 526 562 577 
face 1.0 241 498 300 557 
face 1.0 42 515 97 570 
face 1.0 764 524 813 573 
face 1.0 384 529 437 582 
face 1.0 134 555 182 603 
face 1.0 887 507 936 556 
