face 1.0 880 142 905 167 
face 1.0 32 162 56 186 
face 1.0 634 198 662 226 
face 1.0 495 203 518 226 
face 1.0 150 206 175 231 
face 1.0 375 177 400 202 
face 1.0 584 205 610 231 
face 1.0 890 174 919 203 
face 1.0 526 193 558 225 
face 1.0 2 260 24 282 
face 1.0 529 239 557 267 
face 1.0 624 236 657 269 
face 1.0 583 252 618 287 
face 1.0 302 260 331 289 
face 1.0 854 257 888 291 
face 1.0 381 279 408 306 
face 1.0 440 312 472 344 
face 1.0 769 353 809 393 
face 1.0 642 277 685 320 
face 1.0 672 367 711 406 
face 1.0 743 304 780 341 
