face 1.0 272 27 323 78 
face 1.0 786 56 838 108 
face 1.0 649 124 711 186 
face 1.0 46 134 107 195 
face 1.0 313 162 367 216 
face 1.0 484 166 543 225 
face 1.0 537 167 587 217 
face 1.0 245 177 293 225 
face 1.0 145 228 196 279 
face 1.0 755 284 809 338 
face 1.0 164 304 232 372 
face 1.0 883 309 944 370 
face 1.0 603 321 656 374 
face 1.0 458 320 534 396 
face 1.0 303 323 380 400 
face 1.0 715 329 785 399 
face 1.0 2 373 69 440 
face 1.0 603 396 689 482 
face 1.0 169 435 231 497 
face 1.0 751 491 840 580 
face 1.0 536 561 581 606 
