face 1.0 323 287 358 322 
face 1.0 166 300 202 336 
face 1.0 434 307 464 337 
face 1.0 467 319 501 353 
face 1.0 357 333 391 367 
face 1.0 251 306 289 344 
face 1.0 630 338 665 373 
face 1.0 84 331 126 373 
face 1.0 118 295 164 341 
face 1.0 828 348 855 375 
face 1.0 423 288 471 336 
face 1.0 741 388 781 428 
face 1.0 452 396 494 438 
face 1.0 694 401 736 443 
face 1.0 213 335 257 379 
face 1.0 891 330 937 376 
face 1.0 547 374 594 421 
face 1.0 593 412 637 456 
face 1.0 258 399 302 443 
face 1.0 786 409 829 452 
face 1.0 346 446 393 493 
