face 1.0 331 129 375 173 
face 1.0 511 139 544 172 
face 1.0 615 129 654 168 
face 1.0 237 124 282 169 
face 1.0 105 104 156 155 
face 1.0 410 138 454 182 
face 1.0 707 139 756 188 
face 1.0 833 152 874 193 
face 1.0 622 169 670 217 
face 1.0 360 207 394 241 
face 1.0 444 167 490 213 
face 1.0 531 167 577 213 
face 1.0 859 206 908 255 
face 1.0 235 218 284 267 
face 1.0 438 242 484 288 
face 1.0 310 175 352 217 
face 1.0 755 186 802 233 
face 1.0 185 164 237 216 
face 1.0 639 307 682 350 
face 1.0 555 308 601 354 
face 1.0 77 337 127 387 
face 1.0 627 386 669 428 
