face 1.0 776 268 815 307 
face 1.0 620 268 673 321 
face 1.0 500 279 548 327 
face 1.0 234 297 279 342 
face 1.0 668 253 717 302 
face 1.0 741 232 787 278 
face 1.0 179 236 231 288 
face 1.0 926 236 978 288 
face 1.0 426 255 484 313 
face 1.0 354 262 402 310 
face 1.0 127 243 185 301 
face 1.0 344 317 385 358 
face 1.0 118 314 173 369 
face 1.0 265 325 320 380 
face 1.0 725 355 777 407 
face 1.0 411 357 463 409 
face 1.0 599 430 650 481 
face 1.0 207 491 260 544 
face 1.0 912 518 958 564 
face 1.0 249 561 295 607 
