face 1.0 673 184 709 220 
face 1.0 536 211 572 247 
face 1.0 657 140 699 182 
face 1.0 191 223 235 267 
face 1.0 300 143 345 188 
face 1.0 430 152 479 201 
face 1.0 356 221 398 263 
face 1.0 636 237 679 280 
face 1.0 708 185 750 227 
face 1.0 303 250 350 297 
face 1.0 140 271 186 317 
face 1.0 557 272 603 318 
face 1.0 354 275 402 323 
face 1.0 797 283 844 330 
face 1.0 506 202 548 244 
face 1.0 604 212 648 256 
face 1.0 744 228 792 276 
face 1.0 682 271 736 325 
face 1.0 269 290 318 339 
face 1.0 103 489 151 537 
face 1.0 210 303 260 353 
face 1.0 568 486 615 533 
face 1.0 861 310 912 361 
face 1.0 748 347 795 394 
face 1.0 352 848 386 882 
face 1.0 847 846 885 884 
face 1.0 675 867 711 903 
face 1.0 737 891 770 924 
face 1.0 802 900 838 936 
face 1.0 444 1024 487 1067 
