face 1.0 670 7 710 47 
face 1.0 617 93 659 135 
face 1.0 207 107 251 151 
face 1.0 325 63 370 108 
face 1.0 160 145 202 187 
face 1.0 936 148 974 186 
face 1.0 414 259 460 305 
face 1.0 104 265 150 311 
face 1.0 705 322 751 368 
face 1.0 965 281 1012 328 
face 1.0 669 274 715 320 
face 1.0 565 342 610 387 
face 1.0 481 377 533 429 
face 1.0 48 382 98 432 
face 1.0 507 434 551 478 
face 1.0 791 400 838 447 
face 1.0 124 446 171 493 
face 1.0 854 420 902 468 
face 1.0 42 443 97 498 
face 1.0 904 448 951 495 
face 1.0 819 494 865 540 
face 1.0 955 484 1003 532 
face 1.0 539 495 595 551 
face 1.0 909 527 957 575 
