face 1.0 39 240 62 263 
face 1.0 102 239 124 261 
face 1.0 21 257 45 281 
face 1.0 313 262 335 284 
face 1.0 222 276 246 300 
face 1.0 81 288 104 311 
face 1.0 133 295 155 317 
face 1.0 185 306 206 327 
face 1.0 237 310 259 332 
face 1.0 298 334 321 357 
face 1.0 65 338 89 362 
face 1.0 353 345 376 368 
face 1.0 166 334 190 358 
face 1.0 12 356 35 379 
face 1.0 482 360 507 385 
face 1.0 525 397 551 423 
face 1.0 480 403 502 425 
face 1.0 157 409 179 431 
face 1.0 762 419 785 442 
face 1.0 420 427 443 450 
face 1.0 362 429 384 451 
face 1.0 380 437 403 460 
face 1.0 316 438 341 463 
face 1.0 41 448 64 471 
face 1.0 498 449 522 473 
face 1.0 859 448 883 472 
face 1.0 170 451 195 476 
face 1.0 623 455 646 478 
face 1.0 557 511 607 561 
