face 1.0 229 463 251 485 
face 1.0 489 474 510 495 
face 1.0 635 486 657 508 
face 1.0 329 518 352 541 
face 1.0 614 525 638 549 
face 1.0 765 540 789 564 
face 1.0 739 548 761 570 
face 1.0 783 559 805 581 
face 1.0 410 560 433 583 
face 1.0 521 575 544 598 
face 1.0 754 577 777 600 
face 1.0 135 584 160 609 
face 1.0 758 593 781 616 
face 1.0 298 605 320 627 
face 1.0 179 614 201 636 
face 1.0 330 605 355 630 
face 1.0 428 618 451 641 
face 1.0 762 623 784 645 
face 1.0 449 642 472 665 
face 1.0 801 643 824 666 
face 1.0 948 637 979 668 
