face 1.0 14 30 40 56 
face 1.0 337 58 364 85 
face 1.0 726 81 756 111 
face 1.0 239 93 272 126 
face 1.0 852 112 888 148 
face 1.0 441 151 482 192 
face 1.0 320 103 361 144 
face 1.0 608 75 648 115 
face 1.0 933 111 976 154 
face 1.0 871 150 911 190 
face 1.0 271 196 299 224 
face 1.0 746 173 791 218 
face 1.0 468 172 515 219 
face 1.0 60 206 102 248 
face 1.0 658 230 702 274 
face 1.0 602 159 646 203 
face 1.0 78 233 127 282 
face 1.0 102 263 153 314 
face 1.0 397 264 453 320 
face 1.0 266 272 312 318 
face 1.0 203 288 252 337 
face 1.0 1 337 45 381 
face 1.0 691 316 749 374 
face 1.0 270 324 320 374 
face 1.0 376 335 432 391 
face 1.0 296 321 367 392 
face 1.0 880 341 943 404 
face 1.0 439 375 489 425 
face 1.0 660 414 722 476 
face 1.0 267 429 324 486 
face 1.0 724 451 786 513 
face 1.0 128 485 187 544 
face 1.0 236 554 307 625 
face 1.0 770 561 852 643 
