face 1.0 940 153 987 200 
face 1.0 445 267 467 289 
face 1.0 654 277 679 302 
face 1.0 565 287 589 311 
face 1.0 272 292 296 316 
face 1.0 120 298 142 320 
face 1.0 328 300 352 324 
face 1.0 762 300 789 327 
face 1.0 533 303 556 326 
face 1.0 980 306 1005 331 
face 1.0 810 322 839 351 
face 1.0 601 330 628 357 
face 1.0 182 315 211 344 
face 1.0 490 316 522 348 
face 1.0 214 331 245 362 
face 1.0 280 334 316 370 
face 1.0 113 337 147 371 
face 1.0 731 340 769 378 
face 1.0 315 365 355 405 
face 1.0 178 371 220 413 
face 1.0 970 352 1011 393 
face 1.0 457 372 501 416 
face 1.0 539 446 587 494 
face 1.0 354 476 407 529 
face 1.0 153 486 219 552 
face 1.0 27 594 115 682 
