face 1.0 120 146 160 186 
face 1.0 437 151 476 190 
face 1.0 516 148 554 186 
face 1.0 670 154 706 190 
face 1.0 606 156 643 193 
face 1.0 735 156 773 194 
face 1.0 361 160 398 197 
face 1.0 829 162 863 196 
face 1.0 287 163 325 201 
face 1.0 496 232 535 271 
face 1.0 408 241 447 280 
face 1.0 324 241 363 280 
face 1.0 71 253 105 287 
face 1.0 769 252 807 290 
face 1.0 887 253 927 293 
face 1.0 679 256 719 296 
face 1.0 158 259 195 296 
face 1.0 234 257 275 298 
face 1.0 599 273 637 311 
face 1.0 501 346 544 389 
face 1.0 382 351 422 391 
face 1.0 638 353 684 399 
face 1.0 258 362 301 405 
face 1.0 752 363 796 407 
face 1.0 130 367 176 413 
