face 1.0 335 134 363 162 
face 1.0 910 132 941 163 
face 1.0 170 121 209 160 
face 1.0 403 125 435 157 
face 1.0 96 133 133 170 
face 1.0 264 135 303 174 
face 1.0 616 134 654 172 
face 1.0 545 139 578 172 
face 1.0 684 142 720 178 
face 1.0 828 142 862 176 
face 1.0 663 229 695 261 
face 1.0 321 234 360 273 
face 1.0 828 241 866 279 
face 1.0 891 228 932 269 
face 1.0 546 196 598 248 
face 1.0 308 187 373 252 
face 1.0 237 244 276 283 
face 1.0 506 240 548 282 
face 1.0 594 250 630 286 
face 1.0 162 251 203 292 
face 1.0 735 234 774 273 
face 1.0 405 265 447 307 
face 1.0 221 295 294 368 
