face 1.0 728 187 756 215 
face 1.0 813 190 840 217 
face 1.0 694 189 726 221 
face 1.0 649 195 681 227 
face 1.0 229 199 259 229 
face 1.0 408 204 441 237 
face 1.0 440 212 475 247 
face 1.0 609 217 638 246 
face 1.0 565 196 593 224 
face 1.0 783 196 815 228 
face 1.0 488 202 516 230 
face 1.0 321 204 352 235 
face 1.0 524 212 553 241 
face 1.0 377 210 409 242 
face 1.0 875 187 906 218 
face 1.0 169 187 205 223 
face 1.0 127 199 158 230 
face 1.0 275 198 309 232 
face 1.0 662 278 699 315 
face 1.0 341 296 377 332 
face 1.0 758 283 798 323 
face 1.0 562 285 602 325 
face 1.0 434 300 470 336 
face 1.0 468 367 510 409 
face 1.0 544 374 585 415 
