face 1.0 461 261 515 315 
face 1.0 800 251 858 309 
face 1.0 930 248 990 308 
face 1.0 605 267 665 327 
face 1.0 167 277 227 337 
face 1.0 747 2 805 60 
face 1.0 898 23 955 80 
face 1.0 416 19 484 87 
face 1.0 282 49 334 101 
face 1.0 302 260 375 333 
face 1.0 834 127 899 192 
face 1.0 719 365 781 427 
face 1.0 110 41 179 110 
face 1.0 376 137 437 198 
face 1.0 562 368 619 425 
face 1.0 381 382 437 438 
face 1.0 819 479 877 537 
face 1.0 658 477 722 541 
face 1.0 16 375 77 436 
face 1.0 947 579 1015 647 
face 1.0 773 604 843 674 
face 1.0 156 809 220 873 
face 1.0 892 714 952 774 
face 1.0 724 733 793 802 
face 1.0 14 637 76 699 
face 1.0 539 725 621 807 
face 1.0 290 844 363 917 
