face 1.0 576 76 611 111 
face 1.0 231 66 265 100 
face 1.0 405 79 444 118 
face 1.0 387 122 429 164 
face 1.0 888 128 932 172 
face 1.0 481 62 522 103 
face 1.0 748 65 791 108 
face 1.0 310 69 353 112 
face 1.0 665 73 706 114 
face 1.0 784 124 828 168 
face 1.0 686 126 729 169 
face 1.0 296 128 342 174 
face 1.0 816 58 861 103 
face 1.0 96 112 141 157 
face 1.0 200 126 241 167 
face 1.0 483 123 531 171 
face 1.0 584 127 626 169 
face 1.0 179 228 227 276 
face 1.0 819 234 867 282 
face 1.0 671 249 717 295 
face 1.0 364 233 411 280 
face 1.0 550 277 593 320 
face 1.0 477 261 525 309 
face 1.0 543 260 586 303 
