face 1.0 182 84 233 135 
face 1.0 679 39 738 98 
face 1.0 540 64 595 119 
face 1.0 304 71 363 130 
face 1.0 428 81 480 133 
face 1.0 740 100 795 155 
face 1.0 616 129 673 186 
face 1.0 865 107 927 169 
face 1.0 477 132 537 192 
face 1.0 205 137 264 196 
face 1.0 350 145 408 203 
face 1.0 94 147 149 202 
face 1.0 799 268 858 327 
face 1.0 513 274 573 334 
face 1.0 652 273 713 334 
face 1.0 101 277 163 339 
face 1.0 237 274 304 341 
face 1.0 375 287 437 349 
face 1.0 749 378 807 436 
face 1.0 511 382 575 446 
face 1.0 317 402 373 458 
face 1.0 125 400 189 464 
