face 1.0 252 278 295 321 
face 1.0 663 282 701 320 
face 1.0 376 288 413 325 
face 1.0 314 293 355 334 
face 1.0 117 296 161 340 
face 1.0 445 303 481 339 
face 1.0 517 303 555 341 
face 1.0 574 321 611 358 
face 1.0 180 309 220 349 
face 1.0 65 303 109 347 
face 1.0 865 352 905 392 
face 1.0 689 334 729 374 
face 1.0 911 359 953 401 
face 1.0 540 379 580 419 
face 1.0 471 384 510 423 
face 1.0 600 392 639 431 
face 1.0 669 394 710 435 
face 1.0 753 331 793 371 
face 1.0 450 476 489 515 
face 1.0 513 477 556 520 
face 1.0 378 479 423 524 
face 1.0 756 412 794 450 
face 1.0 597 485 638 526 
face 1.0 668 487 712 531 
face 1.0 726 497 774 545 
