face 1.0 690 227 720 257 
face 1.0 535 238 567 270 
face 1.0 587 237 617 267 
face 1.0 272 208 308 244 
face 1.0 461 222 495 256 
face 1.0 457 280 490 313 
face 1.0 757 275 795 313 
face 1.0 835 302 875 342 
face 1.0 276 332 315 371 
face 1.0 639 345 673 379 
face 1.0 489 347 527 385 
face 1.0 779 312 824 357 
face 1.0 902 357 944 399 
face 1.0 562 367 599 404 
face 1.0 521 382 563 424 
face 1.0 827 350 872 395 
face 1.0 721 372 768 419 
face 1.0 120 371 168 419 
face 1.0 454 379 499 424 
face 1.0 602 376 654 428 
face 1.0 229 382 279 432 
