face 1.0 331 44 381 94 
face 1.0 688 66 736 114 
face 1.0 514 72 559 117 
face 1.0 415 73 464 122 
face 1.0 786 56 836 106 
face 1.0 605 64 653 112 
face 1.0 216 48 264 96 
face 1.0 773 134 828 189 
face 1.0 329 124 380 175 
face 1.0 894 132 949 187 
face 1.0 203 139 257 193 
face 1.0 626 143 680 197 
face 1.0 87 150 141 204 
face 1.0 490 182 538 230 
face 1.0 554 242 607 295 
face 1.0 296 249 353 306 
face 1.0 807 226 866 285 
face 1.0 672 233 726 287 
face 1.0 164 240 220 296 
face 1.0 432 249 489 306 
