face 1.0 935 10 960 35 
face 1.0 754 41 795 82 
face 1.0 340 81 387 128 
face 1.0 902 44 948 90 
face 1.0 883 103 926 146 
face 1.0 802 21 844 63 
face 1.0 685 27 736 78 
face 1.0 295 66 344 115 
face 1.0 183 79 234 130 
face 1.0 417 60 465 108 
face 1.0 480 109 527 156 
face 1.0 823 111 868 156 
face 1.0 748 109 795 156 
face 1.0 127 118 178 169 
face 1.0 525 61 575 111 
face 1.0 395 126 449 180 
face 1.0 611 79 659 127 
face 1.0 662 100 717 155 
face 1.0 249 130 301 182 
face 1.0 910 137 959 186 
face 1.0 596 213 655 272 
face 1.0 532 234 584 286 
face 1.0 771 240 826 295 
face 1.0 172 240 230 298 
face 1.0 390 245 438 293 
face 1.0 272 244 327 299 
face 1.0 699 285 751 337 
