face 1.0 607 118 660 171 
face 1.0 48 126 99 177 
face 1.0 320 132 370 182 
face 1.0 193 146 242 195 
face 1.0 458 161 511 214 
face 1.0 913 162 967 216 
face 1.0 666 200 719 253 
face 1.0 583 218 637 272 
face 1.0 83 171 135 223 
face 1.0 386 224 441 279 
face 1.0 757 170 808 221 
face 1.0 223 188 280 245 
face 1.0 138 217 204 283 
face 1.0 263 229 323 289 
face 1.0 448 246 504 302 
face 1.0 59 242 117 300 
face 1.0 534 255 592 313 
face 1.0 626 280 681 335 
face 1.0 359 289 414 344 
face 1.0 815 321 869 375 
face 1.0 723 336 780 393 
face 1.0 922 329 980 387 
