face 1.0 808 55 842 89 
face 1.0 674 54 712 92 
face 1.0 729 65 763 99 
face 1.0 880 45 917 82 
face 1.0 609 73 644 108 
face 1.0 407 83 444 120 
face 1.0 153 75 189 111 
face 1.0 276 77 314 115 
face 1.0 381 105 414 138 
face 1.0 103 97 139 133 
face 1.0 470 116 508 154 
face 1.0 193 120 234 161 
face 1.0 525 99 565 139 
face 1.0 609 195 649 235 
face 1.0 835 198 875 238 
face 1.0 250 204 288 242 
face 1.0 349 206 385 242 
face 1.0 196 223 240 267 
face 1.0 680 294 712 326 
face 1.0 607 367 642 402 
