face 1.0 286 173 326 213 
face 1.0 447 176 484 213 
face 1.0 357 178 392 213 
face 1.0 216 182 253 219 
face 1.0 548 185 582 219 
face 1.0 620 197 653 230 
face 1.0 689 204 719 234 
face 1.0 756 213 791 248 
face 1.0 442 237 484 279 
face 1.0 508 240 549 281 
face 1.0 144 242 186 284 
face 1.0 763 256 806 299 
face 1.0 670 249 709 288 
face 1.0 242 244 285 287 
face 1.0 592 244 634 286 
face 1.0 868 302 917 351 
face 1.0 44 306 96 358 
face 1.0 350 236 396 282 
face 1.0 881 340 904 363 
face 1.0 157 399 203 445 
face 1.0 699 402 745 448 
face 1.0 553 404 603 454 
face 1.0 848 409 895 456 
face 1.0 306 411 352 457 
face 1.0 433 411 484 462 
face 1.0 640 657 679 696 
face 1.0 405 663 449 707 
face 1.0 759 657 811 709 
