face 1.0 766 101 801 136 
face 1.0 636 103 669 136 
face 1.0 540 97 577 134 
face 1.0 344 104 377 137 
face 1.0 386 115 423 152 
face 1.0 290 116 331 157 
face 1.0 709 120 751 162 
face 1.0 449 85 482 118 
face 1.0 245 108 285 148 
face 1.0 591 114 630 153 
face 1.0 815 118 851 154 
face 1.0 493 123 533 163 
face 1.0 101 110 142 151 
face 1.0 206 114 249 157 
face 1.0 474 217 514 257 
face 1.0 337 214 381 258 
face 1.0 784 216 828 260 
face 1.0 679 220 720 261 
face 1.0 207 228 253 274 
face 1.0 566 230 610 274 
