face 1.0 260 115 298 153 
face 1.0 600 81 634 115 
face 1.0 949 146 991 188 
face 1.0 382 18 411 47 
face 1.0 687 51 724 88 
face 1.0 436 162 479 205 
face 1.0 432 74 466 108 
face 1.0 66 169 112 215 
face 1.0 793 100 827 134 
face 1.0 491 30 531 70 
face 1.0 798 32 830 64 
face 1.0 376 115 418 157 
face 1.0 322 90 362 130 
face 1.0 707 135 749 177 
face 1.0 448 1 483 36 
face 1.0 559 11 598 50 
face 1.0 256 163 304 211 
face 1.0 640 131 690 181 
face 1.0 353 54 394 95 
face 1.0 116 13 159 56 
face 1.0 115 92 158 135 
face 1.0 643 184 696 237 
face 1.0 774 214 813 253 
face 1.0 950 216 993 259 
face 1.0 490 261 537 308 
face 1.0 845 274 883 312 
face 1.0 117 278 163 324 
face 1.0 891 286 939 334 
face 1.0 318 279 369 330 
face 1.0 735 351 777 393 
